1295878709 0 0 0 0 0 0 0
1295878710 0 0 0 0 0 0 0
1295878711 0.000980281 9.52067e-05 0 0 0 -0.116544 -0.00513192
1295878712 0.00102713 -0.00989653 0 0 0 0.421588 -0.0471449
1295878713 0.00933733 -0.00823569 0 0 0 0.404266 -0.257469
1295878715 -0.0877603 0.0968601 0 0 0 0.238784 -0.418691
1295878716 -0.249865 0.230801 0 0 0 0.0295878 -0.145518
1295878718 -0.705951 0.1737 0 0 0 0.00517315 -0.0513051
1295878720 -0.732245 0.165294 0 0 0 0.00226471 -0.0422529
1295878722 -0.687632 0.116366 0 -0 0 0.000487741 -0.0409565
1295878724 -0.119853 -0.00237576 0 0 0 -3.5021e-05 -0.00340764
1295878726 -0.0546503 -0.00141328 0 0 0 -2.22503e-05 -0.00173188
1295878727 -0.568653 -0.0207288 0 0 0 -0.000121707 -0.00705793
1295878729 -0.782745 -0.0298315 0 0 0 -0.000179903 0.0488968
1295878731 -0.18892 0.0259151 0 0 0 -0.0089416 0.108209
1295878732 -0.187571 0.052235 0 0 0 -9.10973e-05 0.000660318
1295878734 -0.57093 0.156958 0 0 0 0.000831541 -0.00615333
1295878736 -0.522958 0.133214 0 0 0 0.000812702 -0.00631273
1295878738 0.000624805 -0.000157825 0 0 0 -5.42436e-06 4.32122e-05
1295878740 0 0 0 0 0 0 0
1295878741 -0.00616871 0.00156265 0 0 0 3.18357e-05 -0.000253832
1295878742 -0.40747 0.100506 0 0 0 0.000524288 -0.00425862
1295878743 -0.18385 0.0352109 0 0 0 0.000350547 -0.00293503
1295878745 0.00060969 -0.000109821 0 0 0 4.62283e-08 -3.91975e-07
1295878746 0.000287228 -5.17342e-05 0 0 0 -6.4657e-07 5.48223e-06
1295878747 -0.30258 -0.119175 0 0 0 0.00361591 -0.0363566
1295878748 -0.565615 -0.187299 0 0 0 -0.00238515 0.0254026
1295878750 -0.636302 0.137184 0 0 0 -0.000265069 0.00245371
1295878751 -0.896056 0.185783 0 0 0 0.00100906 -0.00966903
1295878752 -0.543312 0.0823802 0 0 0 0.0047084 -0.0789483
1295878754 -1.08435 0.0372715 0 0 0 -0.00151439 0.0385228
1295878755 -0.511332 0.140336 0 0 0 -0.021662 0.156423
1295878757 -0.466648 0.312968 0 0 0 -0.0495105 0.159825
1295878759 -0.507211 0.911778 0 0 0 -0.0932943 0.177256
1295878760 -0.149367 0.522218 0 0 0 -0.0844104 0.11007
1295878761 0.000263781 0.558342 0 0 0 -0.0793144 0.0801682
1295878762 0.113897 0.52416 0 0 0 -0.0749817 0.0613662
1295878763 0.162921 0.537269 0 0 0 0.00223769 -0.00166188
1295878764 0.158141 0.516806 0 0 0 -0.030123 0.0215808
1295878766 0.482237 0.964322 0 0 0 -0.0526054 0.0338559
1295878767 0.305605 0.499629 0 0 0 -0.0325727 0.0187269
1295878769 0.529265 0.840741 0 0 0 0.00549495 -0.00304581
1295878770 0.330841 0.538101 0 0 0 0.0042971 -0.00241344
1295878772 0.575995 0.885142 0 0 0 -0.132194 0.0624034
1295878773 0.454459 0.390807 0 0 0 -0.0160174 0.0060168
1295878775 0.805143 0.649291 0 0 0 -0.0992775 0.0305812
1295878776 0.513758 0.128309 0 0 0 -0.274236 0.0298667
1295878777 0.502715 -0.174287 0 0 0 -0.254696 -0.0409011
1295878778 0.461834 -0.36815 0 0 0 -0.0763916 -0.0260755
1295878780 0.599395 -0.849939 0 0 0 -0.14128 -0.0678554
1295878782 0.539183 -0.934911 0 0 0 0.00770307 0.00442849
1295878784 0.542394 -0.953487 0 0 0 -0.064935 -0.0403086
1295878785 0.119335 -0.526294 0 0 0 -0.133515 -0.107903
1295878786 -0.0791946 -0.521321 0 0 0 -0.134806 -0.159922
1295878787 -0.321243 -0.439301 0 0 0 -0.116277 -0.231305
1295878789 -1.00925 -0.335093 0 0 0 -0.0510106 -0.23076
1295878791 -0.649797 -0.094044 0 0 0 -0.0048088 -0.0848826
1295878793 -0.963188 0.0306956 0 0 -0 6.75291e-05 -0.032317
1295878795 -1.09475 0.0304498 0 0 0 -0.000128068 0.00948006
1295878797 -1.06945 -0.125857 0 0 0 0.0156031 0.184945
1295878798 -0.590633 -0.287502 0 0 0 0.0228359 0.0985488
1295878800 -0.443026 -0.388759 0 0 0 0.0365269 0.105252
1295878802 -0.728122 -0.741088 0 0 0 0.00500617 0.0119654
1295878803 -0.3545 -0.416526 0 0 0 -0.0281857 -0.0741949
1295878805 -0.929427 -0.228411 0 0 -0 -0.0277999 -0.53563
1295878807 -0.823829 0.661946 0 0 0 0.280522 -0.50069
1295878809 -0.0225078 1.12893 0 0 0 0.12126 -0.100149
1295878811 0.148434 1.0827 0 0 0 -0.0300168 0.0218946
1295878813 0.152255 1.07418 0 0 0 -0.052528 0.0427062
1295878814 0.125876 0.525663 0 0 0 0.112719 -0.0849541
1295878815 0.312722 0.428098 0 0 0 0.197019 -0.0987917
1295878816 0.484076 0.248342 0 0 0 0.239042 -0.0562901
1295878817 0.548315 0.0492507 0 0 0 0.0832213 -0.00553849
1295878818 0.530755 0.0299204 0 0 0 -0.00669175 0.000187993
1295878819 0.584607 0.0382721 0 0 0 -0.00315546 0.000104205
1295878820 0.496197 0.000886899 0 -0 0 0.065409 -0.000122956
1295878821 0.555567 -0.0407292 0 0 0 0.0486148 0.00268517
1295878822 0.501619 -0.150428 0 0 0 0.08741 0.0108574
1295878823 0.519162 -0.178351 0 0 0 -0.00351354 -0.000588134
1295878824 0.526207 -0.176678 0 0 0 -0.00214817 -0.00035325
1295878825 0.515915 -0.177988 0 0 0 0.0314889 0.0056615
1295878827 0.958336 -0.486502 0 0 0 0.0410626 0.00896304
1295878828 0.504956 -0.25343 0 0 0 -0.00651266 -0.00154261
1295878830 0.928116 -0.526407 0 0 0 0.133899 0.0413247
1295878831 0.342498 -0.448632 0 0 0 0.16747 0.0836437
1295878832 0.151079 -0.494441 0 0 0 0.134184 0.10006
1295878833 -0.0265259 -0.538496 0 0 0 0.119548 0.125947
1295878835 -0.156105 -0.61664 0 0 0 0.015715 0.0202662
1295878836 -0.526253 -0.831551 0 0 0 0.139049 0.253517
1295878840 -1.16697 -0.981743 0 0 0 0.00226897 0.00615251
1295878841 -0.493983 -0.214173 0 0 0 0.0602843 0.316291
1295878842 -0.486168 0.134203 0 0 0 -0.047181 0.33129
1295878843 -0.333851 0.405755 0 0 0 -0.0897235 0.200996
1295878844 -0.451589 0.474471 0 0 0 0.0926185 -0.2102
1295878846 -0.694222 0.665382 0 0 0 -0.0351596 0.0960026
1295878848 -0.475996 0.960846 0 0 0 -0.115321 0.20199
1295878849 -0.203509 0.636765 0 0 0 0.0130309 -0.0180925
1295878851 -0.468633 0.813796 0 0 0 0.0984195 -0.17492
1295878853 -0.831995 0.704652 0 0 0 0.0290777 -0.0745332
1295878854 -0.469147 0.307467 0 0 0 0.0268881 -0.0921346
1295878856 -0.847716 0.610774 0 0 0 -0.0939157 0.244206
1295878858 -0.108042 1.22039 0 0 0 -0.30694 0.34268
1295878860 1.02454 0.857716 0 0 0 -0.367315 0.1583
1295878861 0.823243 0.359634 0 0 0 0.000597316 -0.000124739
1295878863 1.25241 0.420862 0 0 0 -0.162541 0.0202897
1295878864 0.731898 -0.0744503 0 0 0 -0.209509 -0.0132089
1295878866 0.736863 -0.689391 0 0 0 -0.410537 -0.169769
1295878867 0.220833 -0.68532 0 0 0 -0.0109547 -0.00786798
1295878868 0.140489 -0.452991 0 0 0 -0.0280139 -0.0211709
1295878869 -0.0586568 -0.616935 0 0 0 -0.244496 -0.279047
1295878870 -0.422398 -0.342985 0 0 0 -0.129617 -0.373794
1295878871 -0.556849 -0.130685 0 0 0 -0.00309312 -0.025239
1295878873 -1.03985 -0.181806 0 0 -0 -0.0054624 -0.140548
1295878875 -1.40308 0.269118 0 0 0 0.00563266 -0.0790206
1295878877 -0.875928 0.68633 0 0 0 0.0697711 -0.271598
1295878878 -0.508957 0.486923 0 0 0 -0.00531647 0.0131181
1295878880 -0.544992 1.19462 0 0 0 0.12333 -0.222763
1295878882 -0.449996 1.21502 0 0 0 -0.0835624 0.135152
1295878884 -0.392061 0.482412 0 0 0 -0.0380293 0.083264
1295878886 2.18177e-06 -2.18336e-06 0 0 0 -3.72038e-07 9.24338e-07
1295878888 -0.00415034 0.0169883 0 0 0 0.000710035 -0.00175928
1295878889 0.0477565 0.175026 0 0 0 0.0202012 -0.046492
1295878890 -0.0119487 0.00840148 0 0 0 0.0698388 -0.12568
1295878892 -0.100197 0.140054 0 0 0 -0.0902922 0.172796
1295878894 -0.141187 0.257544 0 0 0 0.00553902 -0.0134315
1295878895 -0.0937285 0.0882408 0 0 0 -0.0192971 0.0494812
1295878897 -0.206247 0.1556 0 0 0 -0.0133162 0.0395988
1295878898 -0.181062 0.125075 0 0 0 -0.00129151 0.0041555
1295878900 -0.328697 0.226471 0 0 0 -0.000569416 0.00185266
1295878901 -0.313131 0.237987 0 0 0 0.0112163 -0.0343865
1295878903 -0.547173 0.444539 0 0 0 0.00309764 -0.00881126
1295878905 -0.526611 0.483547 0 0 0 0.0338427 -0.0829151
1295878906 -0.255691 0.346352 0 0 0 0.0392233 -0.0762332
1295878908 -0.376427 0.869755 0 0 0 0.0372306 -0.0602513
1295878910 -0.360794 0.745415 0 0 0 -0.122153 0.254691
1295878911 0.28886 -0.0525131 0 0 0 -0.0028264 0.00911354
1295878912 -0.002491 0.000476255 0 0 0 8.47082e-05 -0.000277669
1295878913 -6.91782e-05 1.32528e-05 0 0 0 -2.09651e-06 6.86876e-06
1295878914 -0.000670212 0.000128406 0 0 0 2.40891e-05 -7.89124e-05
1295878915 -0.00025322 4.85499e-05 0 0 0 -1.53314e-05 5.02205e-05
1295878916 0 0 0 0 0 0 0
1295878917 -1.2126e-06 2.33635e-07 0 0 0 1.21747e-07 -3.98842e-07
1295878918 -4.25456e-06 8.15961e-07 0 0 0 -1.1208e-06 3.67175e-06
1295878919 -6.03177e-07 1.15462e-07 0 0 0 -2.98332e-07 9.77343e-07
1295878920 0 0 0 0 0 0 0
1295878921 0 0 0 0 0 0 0
1295878922 -6.05648e-07 1.15934e-07 0 0 0 -2.1415e-07 7.01563e-07
1295878923 -7.28125e-06 1.39607e-06 0 0 0 -1.35269e-06 4.43151e-06
1295878924 -0.00028845 5.52768e-05 0 0 0 4.41888e-06 -1.44763e-05
1295878925 -3.03546e-06 5.85096e-07 0 0 0 3.04862e-07 -9.98702e-07
1295878926 0 0 0 0 0 0 0
1295878927 -6.09706e-07 1.17524e-07 0 0 0 6.12352e-08 -2.00601e-07
1295878928 0 0 0 0 0 0 0
1295878929 0 0 0 0 0 0 0
1295878930 0 0 0 0 0 0 0
1295878931 0 0 0 0 0 0 0
