1295878709 -4.99315e-08 -4.99315e-08 0 -0.000594858 0.0001703 2.34021e-06 3.45241e-06
1295878710 -6.68448e-08 -6.68448e-08 0 5.59997e-05 0.000355392 -3.01007e-06 -2.68637e-06
1295878711 0.000964571 6.33978e-05 0 -0.0012356 1.47933e-05 -0.115923 -0.00597619
1295878712 0.000879358 -0.00996898 0 0.00191517 -0.00224768 0.421594 -0.0439705
1295878713 0.00875586 -0.00828538 0 0.00027591 -0.00269071 0.392988 -0.24098
1295878715 -0.0827434 0.099149 0 -0.00282562 -0.00139939 0.251863 -0.419024
1295878716 -0.243706 0.242339 0 -0.00182315 0.000751431 0.0329837 -0.148969
1295878718 -0.702826 0.18845 0 -0.000192404 0.00207832 0.00695556 -0.0631892
1295878720 -0.732556 0.164693 0 -0.00160357 1.46304e-05 0.00270072 -0.0518925
1295878722 -0.695167 0.0937609 0 -0.0014097 0.00120791 -0.00019275 -0.0583601
1295878724 -0.111466 -0.00771418 0 -0.00233792 0.00116463 -0.000159035 -0.00437673
1295878726 -0.0534477 -0.0040465 0 0.0028151 -0.000718018 -7.61904e-05 -0.00214271
1295878727 -0.567172 -0.052824 0 -0.000920805 0.00164684 -0.000718518 -0.0152238
1295878729 -0.777577 -0.102031 0 -0.0027667 0.00107388 0.000947115 0.0222369
1295878731 -0.190587 0.00241716 0 -0.000907012 -0.000205755 -0.00227261 0.106469
1295878732 -0.176507 0.0258305 0 0.00170707 -0.000616423 0.000197336 -0.00256233
1295878734 -0.602154 0.0775332 0 -0.000140806 -8.78102e-05 0.000956436 -0.0147733
1295878736 -0.538054 0.0501339 0 -0.00358976 0.000761136 0.000749946 -0.0155443
1295878738 0.000430323 -3.49396e-05 0 0.000140857 -0.000626458 -2.14582e-05 0.000635175
1295878740 -2.29656e-07 -2.29656e-07 0 7.56779e-05 -0.000322668 2.64418e-06 -2.30077e-06
1295878741 -0.00716603 0.000597225 0 0.00434058 -8.11835e-05 1.40353e-05 1.85749e-05
1295878742 -0.413716 0.0288528 0 -0.000689831 0.00126687 0.000413863 -0.0116
1295878743 -0.191306 0.00129766 0 -0.00358341 0.000780363 0.000147728 -0.00602476
1295878744 0.000605811 4.33871e-06 0 0.00046853 0.000325798 -1.306e-05 0.000508713
1295878746 0.000304373 1.82892e-06 0 -4.90125e-05 0.000126466 -2.24564e-06 3.53352e-05
1295878747 -0.280474 -0.177277 0 0.00348303 0.00124869 0.00016664 -0.0425949
1295878748 -0.509558 -0.296217 0 0.000630565 -0.00205404 0.000167949 0.0151991
1295878750 -0.628242 -0.0117513 0 -0.00132304 0.00146917 -7.48711e-05 -0.00898957
1295878751 -0.934522 -0.0506831 0 -0.000108604 -0.000294367 -0.000680455 -0.0274364
1295878752 -0.543101 -0.0744793 0 0.00080739 -0.00154793 -0.00803833 -0.0937575
1295878754 -1.0386 -0.315735 0 0.00146104 -0.000978956 0.00160728 0.0125827
1295878755 -0.523414 -0.0522882 0 -0.00329036 -0.00062988 0.00677806 0.148738
1295878757 -0.549762 0.113812 0 0.000560953 0.000303427 -0.0162935 0.153096
1295878759 -0.839435 0.633425 0 -0.00138726 0.000630563 -0.0491041 0.174705
1295878760 -0.364902 0.40201 0 -0.000228605 -0.000239272 -0.0504947 0.111287
1295878761 -0.259756 0.489951 0 0.000560625 -0.000871443 -0.0485074 0.0819152
1295878762 -0.160278 0.51349 0 0.000748278 -0.000605367 -0.052511 0.0724701
1295878763 -0.131781 0.5402 0 0.000453994 0.000651867 0.00982789 -0.0125657
1295878764 -0.147126 0.531714 0 0.000160956 0.00267 -0.0137589 0.0174427
1295878766 -0.145018 1.0605 0 0.0013045 -0.00273844 -0.024145 0.0288783
1295878767 -0.0508831 0.560667 0 -0.00152981 0.00197195 -0.0168515 0.0188653
1295878769 -0.110594 1.01942 0 0.00263321 0.00113171 0.018023 -0.020249
1295878770 -0.093291 0.61553 0 0.00193953 -0.000411842 0.00946552 -0.011084
1295878772 -0.18307 1.04333 0 0.00183214 0.000922229 -0.0776929 0.0823749
1295878773 0.0411621 0.606913 0 -0.00103345 0.00136056 -0.00399567 0.00374821
1295878775 0.0625505 1.02647 0 -0.00117276 0.000261947 -0.0586917 0.0508352
1295878776 0.240402 0.479705 0 -0.000640918 -0.00201234 -0.232832 0.139239
1295878777 0.447393 0.273404 0 -0.00234415 -0.00147501 -0.233008 0.0673281
1295878778 0.589333 0.137706 0 9.07302e-05 0.00020315 -0.0718578 0.00891514
1295878780 1.03042 -0.0171497 0 -0.000139543 -0.00136274 -0.129826 0.00290065
1295878782 1.08426 -0.0630299 0 0.00146739 -0.00120922 0.0330272 0.000873406
1295878784 1.0853 -0.0151303 0 0.00030038 -2.24532e-05 -0.0486471 -0.00165506
1295878785 0.527299 -0.145079 0 -0.000657579 -0.00100943 -0.161301 -0.0227075
1295878786 0.427351 -0.306769 0 9.42341e-06 -4.36098e-05 -0.187887 -0.0623835
1295878787 0.256234 -0.477865 0 -0.000540481 -0.000894512 -0.210187 -0.126781
1295878789 -0.0995025 -1.05279 0 0.000120959 -0.000840246 -0.158634 -0.156086
1295878791 -0.150761 -0.622972 0 0.000465306 -0.000922104 -0.0352647 -0.0461021
1295878793 -0.361945 -0.928712 0 0.00100625 2.18879e-05 -0.00818727 -0.0115453
1295878795 -0.341156 -1.02357 0 0.00159474 0.000212013 0.0194101 0.0268234
1295878797 -0.140064 -1.06757 0 0.000929838 -0.00206193 0.142687 0.153787
1295878798 0.160091 -0.63179 0 0.00319771 0.00143054 0.0893325 0.0694727
1295878800 0.300451 -0.504418 0 0.000792038 -0.00222567 0.108746 0.0653326
1295878802 0.636849 -0.834712 0 0.00177107 0.00230659 0.0329579 0.0162793
1295878803 0.380741 -0.398222 0 -0.000371905 -0.00294916 -0.0572186 -0.0292745
1295878805 0.164029 -0.940113 0 -0.0018341 0.00217007 -0.373092 -0.359753
1295878807 -0.695057 -0.81115 0 -0.00903998 -0.00405842 1.85663 -0.49026
1295878809 -1.12265 -0.0224771 0 -0.000713005 0.00101636 -0.0130842 0.138071
1295878811 -1.10272 0.105032 0 0.00121775 0.0012187 0.00807379 -0.0600316
1295878813 -1.07974 0.0562176 0 -0.00163274 0.00270885 0.00523951 -0.0898489
1295878814 -0.525389 0.0604883 0 -0.000278409 -0.00110555 -0.00996997 0.128195
1295878815 -0.476482 0.25259 0 0.000267224 -0.000500687 -0.0524943 0.206654
1295878816 -0.322581 0.434415 0 -7.70009e-05 -4.8882e-05 -0.104304 0.204929
1295878817 -0.152876 0.524576 0 0.00178565 0.000663053 -0.0405948 0.056759
1295878818 -0.148701 0.510286 0 0.000221274 0.000175106 0.0129903 -0.0172651
1295878819 -0.176975 0.544296 0 0.00110604 0.00229031 0.00788762 -0.0108796
1295878820 -0.142181 0.49681 0 -0.000532095 0.00200974 -0.0301706 0.0400184
1295878821 -0.125154 0.536262 0 0.000675605 -0.000869985 -0.0223924 0.0272192
1295878822 -0.0176518 0.527637 0 0.00151797 -0.000361236 -0.0531682 0.0576064
1295878823 -0.00950943 0.550361 0 0.000119108 -0.000119138 0.0110496 -0.0112435
1295878824 -0.0289055 0.551721 0 -0.000447417 0.00165571 0.0098433 -0.0103314
1295878825 -0.0340145 0.532127 0 -0.000969857 0.00170067 -0.0100432 0.0105147
1295878827 0.0422157 1.08054 0 0.00327952 -0.000544864 -0.0184187 0.0185367
1295878828 -0.00577287 0.572275 0 0.00213371 0.00107666 0.0197908 -0.0199833
1295878830 -0.00547569 1.05797 0 -0.00213636 0.00172289 -0.0829508 0.0768298
1295878831 0.195557 0.527165 0 -0.000918403 -0.00127155 -0.142917 0.0985625
1295878832 0.340517 0.406457 0 -0.00189182 -0.000581432 -0.150022 0.0695348
1295878833 0.436153 0.264368 0 -0.00117597 -0.000427112 -0.156077 0.0432217
1295878835 0.606826 0.227046 0 0.00209723 -0.00125174 -0.0166943 0.00305513
1295878836 0.993435 0.0774154 0 -0.0013576 -0.000508188 -0.27038 0.00985043
1295878840 1.49349 -0.27573 0 0.000864487 -0.000682213 0.0297692 0.00252002
1295878841 0.499667 -0.220036 0 -0.00126201 -0.000784144 -0.300725 -0.0685912
1295878842 0.24333 -0.452416 0 6.4778e-05 -0.000369458 -0.282827 -0.171565
1295878843 -0.0519185 -0.515112 0 -0.00157418 0.00016598 -0.142187 -0.150961
1295878844 -0.00959189 -0.639475 0 0.00317849 -0.00100549 0.169234 0.17346
1295878846 0.0765051 -0.974923 0 -0.00016511 -0.0023781 -0.0602281 -0.0524143
1295878848 -0.231955 -1.03809 0 0.000926736 0.00144929 -0.135062 -0.156814
1295878849 -0.215347 -0.616835 0 -0.0005667 -0.000506939 0.0182945 0.0254647
1295878851 -0.0842164 -0.967024 0 0.00233115 -0.00119872 0.158181 0.16828
1295878853 0.335901 -1.02436 0 0.00162201 -0.000544045 0.0813594 0.0617774
1295878854 0.249471 -0.492281 0 0.000919692 -0.000530099 0.0921365 0.055791
1295878856 0.478239 -0.949471 0 2.74732e-05 0.00155018 -0.193964 -0.135327
1295878858 -0.424322 -1.15151 0 -0.0110571 -0.0021153 1.58546 -1.13783
1295878860 -1.26902 -0.425672 0 0.00249213 -0.00048615 0.0790801 0.356528
1295878861 -0.84072 -0.0739551 0 0.00192168 0.00206675 -0.000783708 -0.0180589
1295878863 -1.35949 -0.084787 0 -0.00316615 0.00148393 -0.0011713 0.124087
1295878864 -0.708547 0.225471 0 0.00151633 -0.00196804 -0.03071 0.184377
1295878866 -0.635711 0.803831 0 0.000711919 0.000768549 -0.187003 0.370329
1295878867 -0.13487 0.655529 0 0.00053347 0.00104888 0.000253867 -0.000316221
1295878868 -0.114496 0.495808 0 0.000747596 -0.000114434 -0.00811672 0.00998468
1295878869 0.0836174 0.633701 0 -0.000406238 -0.00117488 -0.277026 0.233198
1295878870 0.423677 0.339208 0 -0.00141363 0.000823238 -0.355988 0.121326
1295878871 0.53638 0.137934 0 0.00193649 -0.00148138 -0.0144546 0.00192051
1295878873 1.04832 0.241196 0 0.00148593 0.00455426 -0.116844 0.00773149
1295878875 1.42714 -0.118934 0 0.000824848 -0.00268006 -0.0473686 -0.000760228
1295878877 0.965274 -0.530223 0 0.000255877 -0.000108404 -0.258961 -0.0448852
1295878878 0.591954 -0.378754 0 -0.000143393 0.00030698 0.0297207 0.00880169
1295878880 0.831024 -1.04256 0 0.00146874 -0.000742843 -0.207543 -0.0840098
1295878882 0.780968 -1.02952 0 0.00186632 0.000892299 0.170027 0.0727172
1295878884 0.524434 -0.324806 0 0.00314257 0.00290883 0.0973513 0.0259896
1295878885 -2.50598e-06 1.10988e-06 0 0.000367466 -0.000474213 2.14614e-06 -1.12076e-06
1295878888 0.0106039 -0.0165233 0 -0.00123103 -0.00131195 -0.00199188 -0.000413136
1295878889 0.0130931 -0.178506 0 0.000798545 4.85781e-05 -0.0455734 -0.0109795
1295878890 0.0132794 -0.00348273 0 -0.000553566 0.000959431 -0.135296 -0.0465382
1295878892 0.143299 -0.0998509 0 0.000266852 -0.00243272 0.181488 0.0576491
1295878894 0.221528 -0.193021 0 0.000752581 -0.00127627 -0.0086834 -0.00191776
1295878895 0.116068 -0.049074 0 -9.47065e-05 0.000541871 0.0522841 0.0102969
1295878897 0.248782 -0.0733575 0 -0.000310395 -0.000223695 0.0461804 0.00672052
1295878898 0.201636 -0.0480346 0 -6.3652e-05 0.00021047 0.0101116 0.00117905
1295878900 0.397381 -0.0872828 0 -0.000867707 -2.38666e-05 0.0130819 0.00137765
1295878901 0.392125 -0.0929272 0 0.0010749 0.00177043 -0.0187712 -0.00203167
1295878903 0.688891 -0.166218 0 0.000623359 -0.000804465 0.00160919 0.000182533
1295878905 0.675843 -0.190984 0 -0.0011096 -0.000163357 -0.0775807 -0.0120568
1295878906 0.396665 -0.187963 0 0.000767919 0.000883371 -0.0700513 -0.0163778
1295878908 0.760104 -0.561301 0 -0.00105783 0.000639287 -0.0439748 -0.0130411
1295878910 0.702 -0.438777 0 0.000556585 0.00386752 0.280303 0.0477333
1295878911 -0.273169 -0.107627 0 0.000639474 -0.0041854 0.00436488 0.000116306
1295878912 0.00260994 0.000980703 0 -0.000407194 -0.000592565 -0.00112667 -2.01539e-05
1295878913 6.47361e-05 2.41314e-05 0 -0.000158157 0.000132963 2.14872e-05 1.71847e-06
1295878914 0.000657216 0.000245249 0 -0.000218558 0.00018851 -0.000485462 -9.58536e-06
1295878915 0.000224783 8.37291e-05 0 -0.000412572 8.08492e-05 0.000134856 6.5467e-06
1295878916 -8.37275e-08 -8.37276e-08 0 -0.000384196 0.000166714 -4.79978e-07 2.81319e-06
1295878917 1.07884e-06 3.51571e-07 0 -7.87373e-05 0.000297883 -2.55842e-06 -1.1529e-07
1295878918 4.01673e-06 1.47018e-06 0 -0.000274203 -0.000229282 6.2873e-06 2.83357e-06
1295878919 5.56657e-07 1.95929e-07 0 4.27774e-05 -7.83355e-05 1.51301e-06 -1.24092e-07
1295878920 -5.48869e-08 -5.48869e-08 0 -0.000295683 0.000293085 -1.44789e-06 1.54124e-06
1295878921 -8.03736e-09 -8.03736e-09 0 0.000263323 0.000340587 -3.25065e-06 -2.96258e-06
1295878922 5.33497e-07 1.71292e-07 0 -0.000191952 0.000203832 -1.90035e-07 8.70428e-07
1295878923 6.92603e-06 2.56837e-06 0 0.000358143 -4.76958e-06 3.53686e-06 -2.66297e-06
1295878924 0.000275183 0.000102473 0 0.000345441 0.000298488 -6.91521e-05 -5.32296e-06
1295878925 2.84506e-06 1.02396e-06 0 -0.000116249 0.000615063 2.45061e-05 -6.87759e-07
1295878926 -2.73636e-08 -2.73637e-08 0 0.000771021 0.000215755 -5.00463e-06 -7.53247e-06
1295878927 5.25045e-07 1.59263e-07 0 -0.000139358 -3.53602e-05 6.89548e-07 1.38913e-06
1295878928 -5.53376e-08 -5.53377e-08 0 0.000255207 0.000740123 -7.51279e-06 -5.72986e-06
1295878929 -2.36003e-08 -2.36004e-08 0 -0.000242729 -8.90935e-05 1.96669e-06 2.62594e-06
1295878930 -4.83283e-08 -4.83284e-08 0 -0.000237978 -6.64906e-05 1.71479e-06 2.40763e-06
1295878931 -4.27687e-08 -4.27687e-08 0 -8.59537e-05 -1.76989e-05 5.60191e-07 8.23898e-07
