1295878709 0.965341 0.125223 -0.22899 0.000410041 -0.00277094 0.00031757 0.999996
1295878710 1.53985 -0.452236 0.351079 0.578764 -0.577295 0.575985 -0.00201989
1295878711 1.4229 0.454982 -0.0529988 0.578644 -0.577189 0.576211 -0.0022013
1295878712 0.782668 1.22208 -0.0122049 0.514159 -0.573988 0.633614 -0.0686408
1295878713 1.63074 0.695901 -0.0747451 0.798587 -0.0275778 -0.405642 0.443794
1295878715 1.32828 -0.226505 -0.314927 -0.558055 -0.164922 0.715158 -0.3872
1295878716 1.73061 0.523354 0.210282 -0.166953 -0.325717 0.891324 -0.267538
1295878718 2.1626 1.22516 -0.356159 -0.0493605 -0.358865 0.904916 -0.223397
1295878720 2.07887 1.56083 -1.29441 -0.0310756 -0.393538 0.89482 -0.208469
1295878722 2.25556 2.29279 -1.95245 0.0189779 -0.414091 0.8908 -0.186127
1295878724 1.95376 2.90862 -2.68024 0.0164855 -0.424366 0.885468 -0.188648
1295878726 1.898 3.79218 -3.14522 0.0290684 -0.421344 0.886623 -0.188478
1295878727 2.1909 3.81464 -4.10109 0.0308361 -0.429078 0.884971 -0.178234
1295878729 1.36504 3.86911 -4.66233 0.00489533 -0.432247 0.883434 -0.180787
1295878731 1.02354 4.48459 -5.37266 -0.0164005 -0.432255 0.88102 -0.191547
1295878732 0.324925 4.8661 -5.97796 -0.11394 -0.408101 0.87422 -0.237089
1295878734 1.09097 5.50015 -6.08352 -0.102553 -0.411115 0.874905 -0.234539
1295878736 1.05767 6.05575 -6.91431 -0.094884 -0.419644 0.873001 -0.229706
1295878738 1.01763 6.93031 -7.39756 -0.0805245 -0.422241 0.875397 -0.221153
1295878740 1.84623 7.48894 -7.3607 -0.0820157 -0.422388 0.875072 -0.221609
1295878741 2.58467 8.11904 -7.60086 -0.0821712 -0.422414 0.874993 -0.221815
1295878742 3.22019 8.28408 -6.84662 -0.0812411 -0.418211 0.877313 -0.220955
1295878743 3.22962 9.03133 -7.5111 -0.0718047 -0.420576 0.877819 -0.2177
1295878744 3.05696 9.69916 -8.23511 -0.0697401 -0.426175 0.876085 -0.214445
1295878746 3.87806 10.2699 -8.24318 -0.0687244 -0.426187 0.8761 -0.214686
1295878747 3.02042 9.80611 -8.46537 -0.0682082 -0.426159 0.876133 -0.214774
1295878748 2.6563 10.4282 -9.15848 -0.0245288 -0.431124 0.880836 -0.194056
1295878749 2.1836 11.0331 -9.79935 -0.034957 -0.430736 0.8783 -0.204535
1295878751 1.85336 11.7682 -10.3914 -0.034623 -0.427551 0.880878 -0.200139
1295878752 1.92684 12.7157 -10.7026 0.00762127 -0.415229 0.892512 -0.175925
1295878754 1.94604 13.4644 -11.3651 0.0845272 -0.431435 0.886906 -0.141831
1295878755 1.7552 14.2459 -11.9592 0.0824816 -0.427634 0.888789 -0.142757
1295878757 1.37938 15.1509 -12.1587 -0.0383364 -0.366997 0.909988 -0.189118
1295878759 1.05249 15.4239 -13.0634 -0.203727 -0.357546 0.879408 -0.239371
1295878760 0.146407 15.134 -13.3717 -0.625459 -0.0879287 0.630011 -0.451836
1295878761 0.68014 15.922 -13.0648 0.673099 0.0124899 -0.599487 0.432894
1295878762 1.36751 16.6481 -13.0468 0.71571 -0.0198105 -0.54655 0.434338
1295878763 2.09338 17.3324 -12.9768 0.756422 -0.052007 -0.48622 0.43441
1295878764 2.76222 18.0745 -12.9321 0.746417 -0.0522269 -0.495825 0.440785
1295878766 3.50851 18.7109 -12.7371 0.752406 -0.0583386 -0.489615 0.43676
1295878767 4.406 18.9464 -13.1099 0.792192 -0.119314 -0.411059 0.435001
1295878769 5.10709 19.5805 -12.7838 0.801903 -0.127171 -0.394532 0.430259
1295878770 5.81902 20.2603 -12.9601 0.783861 -0.138756 -0.389354 0.463369
1295878772 6.62229 20.8437 -12.8401 0.7779 -0.145371 -0.391669 0.469397
1295878773 7.26472 21.607 -12.7723 0.79434 -0.201045 -0.325433 0.471909
1295878775 7.95623 22.2315 -12.4092 0.79753 -0.199888 -0.322757 0.468849
1295878776 8.15438 22.9492 -11.7416 0.81577 -0.141793 -0.338332 0.447152
1295878777 8.62017 23.6526 -12.2786 0.795944 -0.307925 -0.0910374 0.513194
1295878778 9.16164 24.4084 -11.9104 0.792105 -0.413007 0.0907155 0.440187
1295878780 9.23863 24.9358 -11.0643 0.784296 -0.451316 0.131047 0.404993
1295878782 9.78846 25.4533 -10.4086 0.745539 -0.502015 0.27213 0.343654
1295878784 9.9676 26.2851 -9.88333 0.742137 -0.487791 0.264499 0.375942
1295878785 10.2552 27.0544 -9.31283 0.713699 -0.497133 0.322421 0.373546
1295878786 10.7324 27.0952 -8.43499 0.598319 -0.551961 0.52394 0.250679
1295878787 10.4164 27.9285 -7.98129 0.484928 -0.591509 0.625871 0.152469
1295878789 10.065 28.8438 -7.78462 0.342006 -0.607613 0.716373 0.0254575
1295878791 9.50086 29.4076 -7.18141 0.154641 -0.563818 0.802238 -0.120873
1295878793 9.2475 30.2925 -7.57228 0.130931 -0.562619 0.804416 -0.138681
1295878795 9.1456 31.2823 -7.67214 0.116569 -0.547985 0.815534 -0.145016
1295878797 8.92968 32.1632 -8.09323 0.146153 -0.55602 0.808346 -0.126719
1295878798 8.88454 33.1507 -7.94211 0.308197 -0.549284 0.776515 -0.0180545
1295878800 8.93128 34.148 -7.99843 0.386207 -0.535878 0.749998 0.0343736
1295878802 8.55168 35.0184 -8.31217 0.488175 -0.52544 0.688227 0.109275
1295878803 8.3397 35.9952 -8.28279 0.515325 -0.503357 0.677093 0.150389
1295878805 7.8303 36.8372 -8.10537 0.498905 -0.497091 0.695206 0.143817
1295878807 7.35738 37.6254 -8.49921 -0.453239 -0.399835 -0.13331 0.785452
1295878809 6.70455 38.3736 -8.6174 0.638257 -0.624499 -0.440015 -0.0949542
1295878811 7.17363 37.506 -8.45283 0.707532 -0.602731 -0.322589 -0.179026
1295878813 7.72964 37.0251 -7.77486 0.688003 -0.626647 -0.349207 -0.109637
1295878814 8.27223 36.4727 -7.14203 0.672755 -0.635133 -0.377361 -0.040064
1295878815 8.52774 35.6617 -6.61581 0.727376 -0.608937 -0.283242 -0.141048
1295878816 8.45679 35.374 -7.57092 0.721793 -0.19377 0.446327 -0.492199
1295878817 9.42685 35.6081 -7.50619 0.640367 -0.138344 0.567764 -0.498432
1295878818 8.52268 35.2299 -7.70472 -0.603677 0.108615 -0.610651 0.500882
1295878819 7.6143 34.9372 -8.00333 0.624059 -0.121685 0.598349 -0.487566
1295878820 6.72052 34.5589 -8.24442 0.631368 -0.126022 0.588803 -0.488677
1295878821 5.79801 34.2152 -8.41997 0.608739 -0.10654 0.615309 -0.489367
1295878822 4.82484 33.9852 -8.42679 0.600795 -0.0840486 0.631221 -0.483262
1295878823 3.97107 33.5533 -8.71759 0.553467 -0.0493835 0.674714 -0.485795
1295878824 3.14539 33.0738 -9.01474 0.561698 -0.0499776 0.66945 -0.483565
1295878825 2.41765 32.5553 -9.46366 0.56396 -0.0587041 0.660369 -0.492357
1295878827 1.59702 32.2086 -9.91795 0.5614 -0.0582928 0.661998 -0.493144
1295878828 0.9071 31.7714 -10.4949 -0.540532 0.054779 -0.666279 0.51078
1295878830 0.342254 30.996 -10.2127 -0.521056 0.021083 -0.682631 0.511929
1295878831 -0.307778 30.2361 -10.2063 -0.404554 -0.0731853 -0.752717 0.514196
1295878832 -0.569751 29.8788 -11.1028 -0.298995 -0.122902 -0.784426 0.529313
1295878833 -0.67933 29.2315 -11.8571 -0.157673 -0.191936 -0.81361 0.525678
1295878834 -0.965319 28.3592 -12.2537 -0.00187321 0.289643 0.829145 -0.478145
1295878836 -0.629802 27.945 -13.0998 -0.0060899 0.290531 0.829833 -0.476374
1295878840 -0.494357 27.5282 -13.9987 -0.187486 0.411079 0.802431 -0.38983
1295878841 0.383681 27.6445 -14.4629 -0.107873 0.373847 0.814263 -0.430788
1295878842 1.01093 27.5769 -15.2388 -0.274319 0.466763 0.767931 -0.342291
1295878843 1.5994 26.9951 -15.8003 -0.484453 0.556955 0.64955 -0.182185
1295878844 1.78647 26.1909 -16.3644 0.627828 -0.60033 -0.493085 0.0479825
1295878846 2.06146 26.5202 -15.4612 -0.496626 0.580973 0.62051 -0.175501
1295878848 2.55181 25.6819 -15.2229 -0.550411 0.5882 0.581508 -0.113655
1295878849 3.29936 25.0217 -15.2955 0.659703 -0.610793 -0.437828 0.00560799
1295878851 3.88879 24.6223 -14.5934 0.652385 -0.609665 -0.44987 0.0178602
1295878853 4.20402 25.1039 -13.7756 -0.508879 0.574684 0.614671 -0.181549
1295878854 5.05004 24.6115 -13.5712 -0.446573 0.55576 0.661283 -0.233257
1295878856 6.00547 24.3164 -13.5808 -0.374622 0.531422 0.701686 -0.291352
1295878858 6.54314 23.5569 -13.9468 -0.524804 0.594321 0.584764 -0.171507
1295878860 5.86389 24.2625 -14.1487 0.615557 0.624398 0.113121 0.467354
1295878861 5.2505 24.9451 -13.7515 0.552997 0.405777 0.306715 0.659898
1295878863 4.38624 25.3861 -13.9934 0.541407 0.422624 0.307905 0.658378
1295878864 3.53792 25.6728 -14.4386 0.454642 0.39101 0.314595 0.735827
1295878866 2.97249 26.4903 -14.5479 0.40477 0.213357 0.427278 0.779791
1295878867 3.7713 26.3338 -13.967 -0.269594 0.543412 0.719206 -0.338771
1295878868 4.43095 25.9075 -14.586 -0.271448 0.546925 0.711343 -0.34811
1295878869 5.20996 25.3719 -14.912 -0.271082 0.555116 0.708675 -0.340793
1295878870 5.5714 24.6067 -15.4447 -0.475688 0.663933 0.558563 -0.14464
1295878871 4.89707 24.1945 -16.0574 -0.60335 0.64843 0.464087 0.0114244
1295878873 5.20715 23.2864 -15.776 -0.618225 0.647996 0.44351 0.0346074
1295878875 5.62862 22.5587 -15.2349 0.666119 -0.632681 -0.380466 -0.106049
1295878877 6.03547 21.9605 -14.5446 0.684853 -0.62907 -0.344278 -0.129308
1295878878 6.9372 21.6773 -14.218 0.769867 -0.599523 -0.109781 -0.189275
1295878880 6.8773 21.2952 -13.2958 0.768091 -0.603061 -0.128856 -0.172481
1295878882 7.0323 20.8868 -12.3963 0.780371 -0.560172 0.0459848 -0.274071
1295878884 6.80191 21.1684 -11.4648 0.805343 -0.573992 -0.100179 -0.109177
1295878886 6.19617 20.6558 -10.8562 0.790945 -0.533074 -0.219525 -0.205053
1295878888 5.36566 20.1425 -10.64 0.790473 -0.534167 -0.21933 -0.204237
1295878889 4.40602 20.0524 -10.9064 0.774731 -0.442061 -0.317273 -0.322043
1295878890 4.19755 19.5604 -10.0611 0.788662 -0.419381 -0.284213 -0.34836
1295878892 4.4636 18.835 -9.42628 0.818749 -0.372104 -0.177683 -0.399521
1295878894 4.22366 18.2753 -8.63308 0.773844 -0.438357 -0.32015 -0.326364
1295878895 4.34232 17.6398 -7.87014 0.775841 -0.437488 -0.313626 -0.32911
1295878897 4.33968 17.2551 -6.94709 0.758438 -0.454141 -0.353014 -0.306446
1295878898 4.5119 16.5513 -6.25794 0.740348 -0.469073 -0.389168 -0.283554
1295878900 4.77268 15.9194 -5.52809 0.736032 -0.472611 -0.397049 -0.277935
1295878901 5.09114 15.1422 -4.98539 0.732748 -0.474714 -0.405762 -0.270341
1295878903 5.35826 14.4184 -4.34909 0.737705 -0.46945 -0.397682 -0.277951
1295878905 5.59596 13.6431 -3.76398 0.736679 -0.468531 -0.399164 -0.280092
1295878906 6.02287 12.9199 -3.22115 0.763918 -0.45381 -0.342234 -0.305553
1295878908 6.27231 12.305 -2.47298 0.776573 -0.443528 -0.311369 -0.321351
1295878910 6.53343 11.6308 -1.7821 0.797551 -0.427802 -0.261001 -0.335822
1295878911 6.32246 11.3184 -0.855888 0.699242 -0.495702 -0.468737 -0.213602
1295878912 5.80894 12.1601 -1.02259 0.698625 -0.500992 -0.468308 -0.204006
1295878913 6.00307 11.2786 -1.45303 0.698253 -0.500758 -0.46937 -0.20341
1295878914 6.1705 11.2359 -0.468076 0.698418 -0.500831 -0.468842 -0.203879
1295878915 5.80883 11.4588 -1.37336 0.698247 -0.501042 -0.468876 -0.20387
1295878916 5.78079 11.1678 -2.32969 0.697779 -0.501485 -0.469158 -0.203737
1295878917 5.65842 11.7476 -1.52416 0.697567 -0.501609 -0.469408 -0.203579
1295878918 5.76531 11.106 -2.28367 0.697807 -0.501337 -0.469301 -0.203675
1295878919 5.68704 11.0779 -3.2802 0.697211 -0.501669 -0.469926 -0.203455
1295878920 6.03268 10.2048 -3.62403 0.697184 -0.501561 -0.470034 -0.203566
1295878921 6.01403 10.6073 -2.70879 0.698721 -0.501079 -0.467691 -0.204877
1295878922 6.04397 10.938 -1.76552 0.69724 -0.501697 -0.4697 -0.203809
1295878923 6.07698 11.3588 -0.858964 0.694696 -0.502822 -0.473144 -0.201749
1295878924 6.03273 11.6142 0.106845 0.693909 -0.502731 -0.474792 -0.200809
1295878925 6.07404 11.1193 -0.761116 0.693271 -0.502895 -0.475942 -0.199876
1295878926 6.51631 10.2868 -1.09472 0.693338 -0.502662 -0.476044 -0.199988
1295878927 6.55831 10.5067 -0.120107 0.691809 -0.503294 -0.477961 -0.199118
1295878928 6.44567 10.3466 -1.10076 0.692884 -0.502838 -0.476594 -0.199809
1295878929 6.55224 9.62563 -1.7855 0.692692 -0.502985 -0.476856 -0.199481
1295878930 6.43334 9.68175 -2.77682 0.692541 -0.50287 -0.477364 -0.199078
1295878931 6.65946 9.28568 -1.88688 0.692685 -0.50263 -0.477384 -0.199139
