1295965766 0 0 0 0 0 0 0
1295965767 0 0 0 0 0 0 0
1295965768 0 0 0 0 0 0 0
1295965768 0 0 0 0 0 0 0
1295965768 0 0 0 0 0 0 0
1295965770 0 0 0 0 0 0 0
1295965770 0 0 0 0 0 0 0
1295965771 0 0 0 0 0 0 0
1295965772 0 0 0 0 0 0 0
1295965773 -0.00162337 -0.00338568 0 0 0 0.28288 -0.0406316
1295965774 0.00880195 -0.00869143 0 0 0 0.395372 -0.223873
1295965775 -0.0164299 0.0476273 0 0 0 0.158938 -0.187479
1295965776 -0.15219 0.283518 0 0 0 0.0387679 -0.0643192
1295965778 -0.256781 0.307069 0 0 0 0.0336629 -0.0666793
1295965779 -0.280238 0.29968 0 0 0 0.00282973 -0.00622348
1295965780 -0.372519 0.36113 0 0 0 0.0280479 -0.0690031
1295965782 -0.476219 0.244983 0 0 0 0.0429775 -0.15687
1295965783 -0.355049 0.0560782 0 0 0 0.00107102 -0.00578548
1295965784 0.00169475 -9.57668e-05 0 0 0 2.01746e-05 -0.000110835
1295965786 0 0 0 0 0 0 0
1295965787 0 0 0 0 0 0 0
1295965788 6.09435e-07 -3.31711e-08 0 0 0 1.74951e-07 -9.61454e-07
1295965789 0 0 0 0 0 0 0
1295965790 0 0 0 0 0 0 0
1295965792 0 0 0 0 0 0 0
1295965793 -0.308815 0.0636696 0 0 0 8.61243e-05 -0.000473951
1295965794 -0.57617 0.161082 0 0 0 -0.00598225 0.0302957
1295965796 -0.289043 0.138301 0 0 0 -0.00347831 0.0156707
1295965797 -0.221137 0.107026 0 0 0 -0.0006298 0.0027162
1295965798 -0.200953 0.10768 0 0 0 -0.0171396 0.0638399
1295965800 -0.312791 0.191961 0 0 0 0.0253461 -0.102436
1295965802 -0.702013 0.247877 0 0 0 0.00369836 -0.0203922
1295965803 -0.378932 0.115617 0 0 0 0.000193331 -0.00113668
1295965805 0.000515828 -0.000153306 0 0 0 -4.86367e-07 2.86955e-06
1295965806 -0.127722 0.00403348 0 0 0 0.000389715 -0.00231578
1295965807 -0.549615 0.0455741 0 0 0 -0.0126482 0.0631261
1295965808 -0.523912 0.264909 0 0 0 -0.0557018 0.168711
1295965810 -0.647415 0.506228 0 0 0 0.0128982 -0.0312964
1295965811 -0.469383 0.305199 0 0 0 0.0169307 -0.0464897
1295965812 -0.440086 0.229425 0 0 0 0.0147423 -0.0477377
1295965813 -0.495664 0.224758 0 0 0 0.000604523 -0.00215556
1295965814 -0.456311 0.202691 0 0 0 0.00210774 -0.0076656
1295965815 -0.600747 0.266453 0 0 0 0.00102789 -0.00382733
1295965816 -0.471747 0.207875 0 0 0 -0.00528529 0.0190757
1295965817 -0.449016 0.278734 0 0 0 -0.0487583 0.133109
1295965818 -0.262121 0.434711 0 0 0 -0.17387 0.264746
1295965819 0.0408254 0.490801 0 0 0 -0.147849 0.132629
1295965820 0.158361 0.524994 0 0 0 -0.0661353 0.0444592
1295965821 0.281881 0.548822 0 0 0 -0.0313442 0.0185252
1295965822 0.241768 0.42977 0 0 0 -0.0607339 0.0317208
1295965823 0.372696 0.447709 0 0 0 -0.0304095 0.0139584
1295965824 0.371918 0.417498 0 0 0 0.00633616 -0.00280724
1295965826 0.51125 0.63363 0 0 0 0.00501785 -0.00226058
1295965826 0.00362507 0.00461628 0 0 0 5.68777e-05 -2.58145e-05
1295965827 0.354175 0.425612 0 0 0 -0.0601954 0.02499
1295965829 0.806015 0.703007 0 0 0 -0.0142439 0.00525297
1295965830 0.482072 0.404381 0 0 0 0.00289452 -0.0010476
1295965831 0.561489 0.476515 0 0 0 0.00778869 -0.00286915
1295965833 0.48614 0.400627 0 0 0 -0.0575358 0.0194968
1295965834 0.629723 0.40218 0 0 0 -0.0605788 0.0164368
1295965835 0.773813 0.116608 0 0 0 -0.323364 0.022918
1295965836 0.442398 -0.174707 0 0 0 -0.197585 -0.0385899
1295965837 0.396049 -0.368376 0 0 0 -0.111456 -0.0410813
1295965838 0.400397 -0.430291 0 0 0 0.00237597 0.00103626
1295965839 0.384937 -0.409216 0 0 0 0.00220651 0.000955797
1295965841 0.47425 -0.666457 0 0 0 -0.162547 -0.0888692
1295965843 0.306882 -0.746328 0 0 0 -0.00190115 -0.00128463
1295965843 0.0925722 -0.464455 0 0 0 -0.160349 -0.135181
1295965844 -0.167923 -0.478427 0 0 0 -0.175995 -0.251068
1295965846 -0.50279 -0.3382 0 0 0 -0.0891842 -0.27705
1295965847 -0.79211 -0.19505 0 0 0 -0.0136442 -0.163117
1295965848 -0.55891 0.0584381 0 0 -0 0.000135868 -0.0180713
1295965850 -0.775395 0.000369949 0 0 0 -0.000115094 0.0231756
1295965851 -0.709857 -0.0120809 0 0 0 6.53752e-05 0.00659138
1295965852 -0.666731 -0.0994586 0 0 0 0.00421406 0.0794376
1295965854 -0.778888 -0.155667 0 0 0 0.00183058 0.0179214
1295965855 -0.68486 -0.224165 0 0 0 0.0115179 0.0764789
1295965856 -0.64207 -0.295546 0 0 0 0.0240282 0.0986391
1295965858 -0.171894 -0.122361 0 0 0 0.00874838 0.0278539
1295965859 -0.385412 -0.287908 0 0 0 0.00134148 0.00403386
1295965860 -0.601819 -0.447577 0 0 0 -0.00872993 -0.027365
1295965862 -0.756178 -0.242457 0 0 -0 -0.0427098 -0.315833
1295965863 -0.712346 0.351825 0 0 0 0.0943495 -0.399105
1295965865 -0.26282 0.713609 0 0 0 0.191777 -0.275884
1295965866 0.0840687 0.590876 0 0 0 0.0828692 -0.075437
1295965867 -0.0209902 0.480054 0 0 0 -0.175712 0.184659
1295965869 -0.283578 0.784731 0 0 0 -0.0142917 0.0199984
1295965869 -0.00402253 0.0108749 0 0 0 0.000101435 -0.000145662
1295965870 -0.081315 0.507539 0 0 0 0.148115 -0.168596
1295965872 0.13528 1.03885 0 0 0 0.137908 -0.105003
1295965873 0.368419 0.372159 0 0 0 0.288987 -0.124246
1295965874 0.502302 0.237921 0 0 0 0.109953 -0.0213824
1295965875 0.520462 0.0958313 0 0 0 0.0560831 -0.00607071
1295965876 0.553173 0.0407412 0 -0 0 0.155277 -0.000294901
1295965877 0.385327 -0.152695 0 0 0 0.230953 0.0453203
1295965878 0.40388 -0.349871 0 0 0 0.0554409 0.0196828
1295965879 0.517395 -0.432479 0 0 0 -0.104099 -0.0340102
1295965880 0.730863 -0.225958 0 0 0 -0.176144 -0.0305066
1295965882 0.844023 -0.146851 0 0 0 0.06302 0.00719693
1295965883 0.520247 -0.219976 0 0 0 0.0700162 0.012815
1295965884 0.668798 -0.356627 0 0 0 0.0575578 0.0144704
1295965885 0.485446 -0.296418 0 0 0 -0.00130008 -0.000367244
1295965886 0.442223 -0.268505 0 0 0 -0.00563311 -0.00156936
1295965888 0.499327 -0.3611 0 0 0 0.0699735 0.0220658
1295965889 0.590653 -0.480756 0 0 0 -0.000311244 -0.0001108
1295965890 0.474311 -0.382219 0 0 0 -0.00471433 -0.00166412
1295965891 0.3051 -0.314557 0 0 0 0.170498 0.0783588
1295965892 0.135904 -0.541301 0 0 0 0.165634 0.120063
1295965893 0.0210043 -0.479571 0 0 0 0.0864144 0.0874209
1295965894 -0.176171 -0.506298 0 0 0 0.0921848 0.123569
1295965895 -0.318563 -0.455286 0 0 0 0.0946431 0.192887
1295965895 -0.0211518 -0.0177624 0 0 0 0.0041643 0.0116862
1295965897 -0.901217 -0.480054 0 0 0 0.0306785 0.106401
1295965898 -0.442482 -0.240877 0 0 0 -0.0201447 -0.074543
1295965899 -0.586715 -0.431435 0 0 0 0.00856261 0.0289626
1295965901 -0.680435 -0.0976733 0 0 0 0.0270383 0.408806
1295965902 -0.418706 0.241588 0 0 0 -0.0655039 0.24095
1295965903 -0.355621 0.374032 0 0 0 -0.00842722 0.0198547
1295965904 -0.348895 0.432306 0 0 0 -0.0653067 0.124649
1295965905 -0.258859 0.621431 0 0 0 -0.0228743 0.0353683
1295965906 -0.288751 0.707145 0 0 0 0.00372327 -0.00553911
1295965908 -0.253472 0.600331 0 0 0 0.00284633 -0.00428902
1295965909 -0.269251 0.633071 0 0 0 -0.00294626 0.00443873
1295965910 -0.162556 0.635807 0 0 0 -0.0516477 0.0704865
1295965911 -0.2133 0.689428 0 0 0 0.0661209 -0.0928029
1295965913 -0.449491 0.639834 0 0 0 0.092557 -0.188244
1295965914 -0.479298 0.544493 0 0 0 0.0112268 -0.0322691
1295965916 -0.312556 0.132708 0 0 0 -0.00536584 0.0158669
1295965917 -0.460129 0.562368 0 0 0 -0.12958 0.251182
1295965918 -0.145999 0.639056 0 0 0 -0.138375 0.156867
1295965920 0.295033 0.61769 0 0 0 -0.253923 0.169941
1295965921 0.664601 0.409815 0 0 0 -0.206474 0.0700745
1295965922 0.551465 0.244185 0 0 0 0.0024668 -0.000549588
1295965924 0.709132 0.329994 0 0 0 0.00408982 -0.000925623
1295965925 0.482539 0.233421 0 0 0 -0.00439802 0.000994646
1295965926 0.761366 0.169816 0 0 0 -0.152552 0.0219683
1295965927 0.541867 0.00617571 0 0 0 -0.164234 -0.00268343
1295965928 0.24717 -0.0895962 0 0 0 -0.203769 -0.0418923
1295965929 0.279512 -0.199839 0 0 0 -0.012807 -0.00415472
1295965930 0.283964 -0.240141 0 0 0 -0.0441168 -0.0157977
1295965931 0.259714 -0.30343 0 0 0 -0.148678 -0.0718092
1295965932 0.125848 -0.370926 0 0 0 -0.160081 -0.117197
1295965933 0.00666154 -0.542965 0 0 0 -0.0461773 -0.044178
1295965934 -0.00415767 -0.425308 0 0 0 0.00334744 0.00339769
1295965935 -0.00936794 -0.580199 0 0 0 -0.0219493 -0.0228875
1295965936 -0.0794278 -0.614951 0 0 0 -0.0580238 -0.0683634
1295965937 -0.128799 -0.517035 0 0 0 0.00948501 0.0120564
1295965938 -0.108804 -0.492239 0 0 0 0.00337994 0.00420575
1295965938 -0.0119828 -0.0560746 0 0 0 0.000403013 0.000498392
1295965940 -0.25363 -1.25722 0 0 0 0.00462724 0.00567598
1295965942 -0.217846 -0.833662 0 0 0 -0.0232064 -0.0293573
1295965943 -0.27642 -0.690476 0 0 0 -0.0668691 -0.099855
1295965944 -0.551921 -1.00258 0 0 0 0.00438198 0.00740646
1295965946 -0.454674 -0.786841 0 0 0 -0.0406506 -0.0751556
1295965947 -0.462236 -0.295821 0 0 0 -0.0930558 -0.312746
1295965948 -0.704048 -0.0578097 0 0 0 -0.00750358 -0.0989611
1295965948 -0.0310792 -9.2699e-05 0 0 0 -0.000119372 -0.00507975
1295965950 -1.30261 0.422664 0 0 -0 0.00360951 -0.10838
1295965951 -0.642595 0.285118 0 0 0 0.0398157 -0.20478
1295965952 -0.312262 0.508781 0 0 0 0.144546 -0.291717
1295965953 -0.19711 0.792835 0 0 0 0.042593 -0.0550658
1295965954 0.0592936 0.558833 0 0 0 0.208621 -0.189101
1295965955 0.608362 0.724535 0 0 0 0.184891 -0.0986497
1295965957 0.831517 0.76127 0 0 0 0.0114947 -0.00457741
1295965958 0.778113 0.626469 0 0 0 -0.0114907 0.00457576
1295965960 0.776273 0.635853 0 0 0 0.192441 -0.0563232
1295965961 0.745829 0.015419 0 -0 0 0.363368 -0.000581721
1295965962 0.64443 -0.353157 0 0 0 0.0855021 0.0195665
1295965964 0.9305 -0.6992 0 0 0 0.0194348 0.00556641
1295965965 0.538468 -0.48581 0 0 0 -0.00858837 -0.00251228
1295965966 0.461643 -0.36906 0 0 0 -0.154529 -0.031513
1295965967 0.666611 -0.153763 0 0 -0 -0.15487 -0.00691848
1295965967 0.0377542 -0.00426372 0 0 0 -0.00344695 0.000119559
1295965969 1.07897 0.301637 0 0 0 -0.219838 0.0327207
1295965970 0.826258 0.322107 0 0 0 -0.00295839 0.000789042
1295965972 0.462463 0.611137 0 0 0 -0.453812 0.26466
1295965973 -0.121509 0.785891 0 0 0 -0.0869485 0.101094
1295965974 -0.213721 0.917787 0 0 0 -0.0436202 0.0630465
1295965975 -0.234617 0.746098 0 0 0 -0.00533583 0.00847493
1295965977 -0.325769 0.944977 0 0 0 -0.0282239 0.0482894
1295965978 -0.369588 0.880104 0 0 0 0.0160844 -0.028274
1295965979 -0.0534889 0.799753 0 0 0 0.0943591 -0.133491
1295965980 -0.0204764 0.51834 0 0 0 -0.00954928 0.0115787
1295965981 -0.0688041 0.326335 0 0 0 -0.00411474 0.00510026
1295965983 -4.00231e-05 0.000179441 0 0 0 -7.6794e-06 9.5829e-06
1295965984 0 0 0 0 0 0 0
1295965985 -0.0182616 0.14079 0 0 0 0.0425005 -0.0496227
1295965987 0.0203332 0.408133 0 0 0 0.0956219 -0.0915494
1295965988 0.041583 0.157148 0 0 0 0.0493891 -0.0388077
1295965989 0.0790157 0.267778 0 0 0 -0.0212036 0.0160482
1295965990 0.0503002 0.268157 0 0 0 -0.0680921 0.0580467
1295965991 -0.0122709 0.244377 0 0 0 -0.0569131 0.0575739
1295965992 -0.0267801 0.285849 0 0 0 -0.00138675 0.00152453
1295965993 -0.00340256 0.277506 0 0 0 0.120813 -0.112773
1295965994 0.0615431 0.277863 0 0 0 0.00530858 -0.00416177
1295965995 0.107268 0.4383 0 0 0 0.00156309 -0.00121445
1295965997 0.0840469 0.406519 0 0 0 -0.00419862 0.00327339
1295965998 0.0332775 0.11545 0 0 0 0.0536109 -0.0392235
1295965998 0.00290512 0.00857189 0 0 0 0.00458311 -0.00310632
1295966000 0.251063 0.609307 0 0 0 -0.00275179 0.00186065
1295966001 0.156509 0.384994 0 0 0 0.0172694 -0.0114592
1295966002 0.171385 0.318656 0 0 0 0.0528523 -0.0320113
1295966003 0.205439 0.24109 0 0 0 0.146076 -0.0675469
1295966004 0.286095 -0.0263455 0 0 0 0.0725469 -0.0235926
1295966005 0.337835 0.206375 0 0 0 -0.061118 0.0194661
1295966006 0.182589 0.203232 0 0 0 -0.27351 0.148212
1295966007 -0.0615711 -0.258164 0 0 0 -0.00354631 0.00272405
1295966008 1.09386e-06 4.17714e-06 0 0 0 6.4589e-07 -4.98433e-07
1295966009 0 0 0 0 0 0 0
1295966010 7.8287e-07 2.98508e-06 0 0 0 -6.43927e-07 4.96917e-07
1295966011 0 0 0 0 0 0 0
1295966012 0 0 0 0 0 0 0
1295966013 0 0 0 0 0 0 0
