1295965766 3.43662e-09 3.43662e-09 0 0.000146563 0.000217757 -1.99972e-06 -1.48234e-06
1295965767 -2.32425e-08 -2.32425e-08 0 7.88823e-06 0.000555761 -4.73388e-06 -9.10842e-07
1295965767 5.20483e-09 5.20483e-09 0 -0.000244682 -1.87536e-05 5.94157e-07 2.08736e-06
1295965768 -1.33422e-08 -1.33422e-08 0 -3.70551e-05 0.000215343 -1.70336e-06 -9.99334e-08
1295965768 -2.45174e-08 -2.45174e-08 0 -0.000116969 8.5021e-05 -4.55491e-07 7.83472e-07
1295965770 -4.17381e-08 -4.17381e-08 0 -0.000234723 -0.000258743 2.52198e-06 2.38168e-06
1295965770 -7.59122e-09 -7.59122e-09 0 6.81632e-06 4.77935e-05 -3.88575e-07 -1.41752e-07
1295965771 -1.68721e-08 -1.68721e-08 0 -1.70207e-05 0.000234919 -1.81308e-06 -3.31578e-07
1295965772 -2.1408e-08 -2.1408e-08 0 0.00045617 0.000180039 -2.45391e-06 -4.09019e-06
1295965773 -0.00164311 -0.00345836 0 -0.000805938 -0.00135308 0.282388 -0.03994
1295965774 0.00866844 -0.00869311 0 -0.000449502 -0.00201973 0.393754 -0.220944
1295965775 -0.0125067 0.0399134 0 0.00063194 -0.00146495 0.160694 -0.187792
1295965776 -0.151857 0.288562 0 -0.00228887 0.00163951 0.0411566 -0.0679789
1295965778 -0.259968 0.307498 0 0.000370353 0.000750377 0.0363372 -0.0726489
1295965779 -0.264967 0.27271 0 -0.000264106 0.000853209 0.00600777 -0.0136051
1295965780 -0.404301 0.366066 0 -9.97096e-05 0.000900848 0.0277682 -0.0716169
1295965782 -0.497262 0.219345 0 -0.00148834 0.00164109 0.0440927 -0.181956
1295965783 -0.354538 0.0235164 0 -0.00281786 0.000218857 0.00143652 -0.0102362
1295965784 0.00139422 5.04754e-05 0 -0.000560613 0.000704979 4.70711e-06 -5.15151e-05
1295965786 -4.25099e-08 -4.25099e-08 0 -0.000208114 0.00110656 -5.29221e-06 1.16146e-06
1295965787 -3.19996e-08 -3.19996e-08 0 -0.000335389 0.000863856 -5.1948e-06 2.32521e-06
1295965788 5.44567e-07 -4.18641e-08 0 -0.000473257 -6.11979e-05 4.06162e-08 1.67404e-06
1295965788 -2.6606e-09 -2.6606e-09 0 5.54506e-05 0.000145271 -8.52769e-07 -1.39567e-07
1295965790 -5.01093e-09 -5.01093e-09 0 0.000266402 0.000393188 -2.30034e-06 -1.16975e-06
1295965792 -3.71634e-08 -3.71634e-08 0 0.000433647 1.30303e-06 3.27405e-07 -2.73893e-06
1295965793 -0.331876 0.0354063 0 0.00198506 -0.000254631 0.000798135 -0.00608712
1295965794 -0.564488 0.092155 0 -0.00195179 0.00155141 -0.00314016 0.0224213
1295965796 -0.313859 0.102045 0 0.000378949 -0.0013519 -0.00111157 0.00723479
1295965797 -0.233753 0.0723223 0 0.00017178 4.64971e-06 0.00129346 -0.00837935
1295965798 -0.215249 0.0724117 0 -0.000632855 0.000481154 -0.010949 0.0602964
1295965800 -0.342833 0.134618 0 0.000628204 -0.000214131 0.0172464 -0.111114
1295965802 -0.73176 0.105134 0 0.000799021 0.0013824 0.00259499 -0.0318057
1295965803 -0.398846 0.0327385 0 -0.00231368 7.54126e-05 0.000509449 -0.00823994
1295965805 0.000536919 -3.71201e-05 0 0.000237995 -1.03687e-05 -3.17122e-05 0.000551423
1295965806 -0.130394 -0.0249338 0 0.00411764 0.000937008 0.000238775 -0.00454049
1295965807 -0.535314 -0.0824439 0 -0.00472589 0.000245971 -0.00367145 0.0474265
1295965808 -0.569223 0.115994 0 0.000730433 -0.000378521 -0.0322071 0.169682
1295965810 -0.776988 0.313252 0 -0.000196256 0.000108511 0.0115071 -0.0449036
1295965811 -0.516355 0.148072 0 -0.00154603 9.96436e-05 0.0112125 -0.0555009
1295965812 -0.496334 0.0838669 0 0.00154738 0.000495201 0.00858019 -0.0607293
1295965813 -0.549805 0.0454013 0 0.000328817 -2.89162e-05 0.00144171 -0.013985
1295965814 -0.50854 0.0295356 0 0.000845764 -0.000551911 0.00139542 -0.0158072
1295965815 -0.663289 0.0228058 0 -0.000834134 -0.000895686 0.00122692 -0.0170809
1295965816 -0.50244 0.00673388 0 0.00181653 0.000872865 -0.000669252 0.009757
1295965817 -0.51305 0.065241 0 -0.00194595 -0.00110283 -0.0169406 0.124502
1295965818 -0.433031 0.277966 0 -0.00226299 -0.000878243 -0.105746 0.287812
1295965819 -0.189826 0.471451 0 0.000646033 -0.00137765 -0.111851 0.16191
1295965820 -0.101564 0.500881 0 -0.00158415 0.00128343 -0.0360568 0.0402577
1295965821 -0.0289797 0.642592 0 0.00118004 -0.000930832 -0.021206 0.0217782
1295965822 -0.0185203 0.478584 0 0.000225282 -0.000603228 -0.0363522 0.0344293
1295965823 0.0757457 0.597886 0 0.00100455 0.00071526 -0.0216149 0.0189069
1295965824 0.0711773 0.550816 0 0.00105499 0.00185312 0.0177981 -0.0155079
1295965826 0.0407603 0.806058 0 0.00275158 -0.00105794 0.0160492 -0.0146152
1295965826 0.000386593 0.021337 0 -6.92173e-05 -0.000927285 0.000676986 -0.000622298
1295965827 0.0175869 0.533321 0 -0.00113501 0.000889857 -0.0390312 0.0345454
1295965829 0.175248 1.06708 0 0.000988323 -3.56067e-05 0.00147059 -0.00123963
1295965830 0.0872647 0.580255 0 0.00145774 0.000904825 0.0108905 -0.0093305
1295965831 0.0941673 0.762482 0 0.00181804 -0.000517486 0.0192355 -0.0171398
1295965832 0.0568464 0.62569 0 0.00241588 0.00153466 -0.0305389 0.0267582
1295965834 0.137503 0.748605 0 -0.00280119 -0.000207145 -0.0362863 0.0291695
1295965835 0.415032 0.66032 0 -0.000913736 -0.000643289 -0.26858 0.14665
1295965836 0.400628 0.225244 0 -0.00264906 -0.000585384 -0.182503 0.0469579
1295965837 0.541845 0.082522 0 -0.000335825 -0.00178631 -0.119295 0.0116723
1295965838 0.609842 0.0532633 0 -0.000465723 -0.00152656 0.0117192 -0.000499966
1295965839 0.539173 0.0611055 0 0.000669691 0.000848651 0.0142499 -0.000808344
1295965841 0.830864 0.0132155 0 0.000594157 -0.00196631 -0.163092 -0.00295969
1295965843 0.78758 -0.13638 0 0.00113448 0.000328235 0.0228913 0.00202331
1295965843 0.463169 -0.160725 0 -0.000715011 0.000148005 -0.206541 -0.0380216
1295965844 0.321037 -0.362844 0 -0.000901058 -0.000218026 -0.255547 -0.116633
1295965846 0.0713912 -0.614483 0 -0.00195166 -0.00166853 -0.216315 -0.18687
1295965847 -0.172568 -0.792074 0 8.30569e-05 -0.000208147 -0.0882079 -0.118214
1295965848 -0.286736 -0.478276 0 0.00181476 -0.0012851 -0.00677442 -0.0107858
1295965850 -0.310636 -0.716662 0 -0.00200256 -0.00151599 0.0223288 0.0344549
1295965851 -0.246148 -0.644728 0 0.00246699 -0.0008001 0.00788619 0.0114584
1295965852 -0.144106 -0.671643 0 -0.00037505 0.000526973 0.0601485 0.0777239
1295965854 -0.102201 -0.791834 0 0.00085702 -0.000367 0.0213298 0.0241256
1295965855 0.0161513 -0.727518 0 0.000815606 -0.00228248 0.0684303 0.068027
1295965856 0.109807 -0.663742 0 0.00321101 0.000812695 0.0805862 0.0654627
1295965858 0.0888841 -0.229883 0 -0.000175151 -0.000942902 0.0366456 0.0255046
1295965859 0.185593 -0.428329 0 -0.00120649 -0.00130436 0.00924316 0.00605952
1295965860 0.31605 -0.689291 0 0.000528494 -0.000520259 -0.00864833 -0.00567184
1295965862 0.114297 -0.788231 0 0.000291256 0.00135242 -0.221889 -0.200649
1295965864 -0.448503 -0.660454 0 -0.0122105 0.00758855 1.73386 -0.913776
1295965865 -0.749329 -0.184562 0 0.00142476 -0.000233539 0.0394356 0.320707
1295965866 -0.568422 0.131852 0 0.00128186 -0.0017119 -0.00928578 0.101769
1295965867 -0.489313 0.00836515 0 -0.000611912 0.00241914 0.00130486 -0.273927
1295965869 -0.774668 -0.257845 0 0.0028075 0.00272948 -0.00618902 -0.0401243
1295965869 -0.0148581 -0.00536527 0 -0.000165007 -4.08258e-05 -6.92327e-05 -0.000395471
1295965870 -0.494844 -0.0891292 0 -0.000464565 -0.00212771 0.0144567 0.206952
1295965872 -1.066 0.0937932 0 -0.00183322 0.0026453 -0.0174079 0.154536
1295965873 -0.399778 0.347015 0 0.00178479 -0.00354713 -0.104782 0.291334
1295965874 -0.268104 0.450204 0 -0.00010807 -0.00103613 -0.0449345 0.0742629
1295965875 -0.165139 0.539975 0 -4.16654e-05 0.00152318 -0.0313196 0.0443561
1295965876 -0.116431 0.526955 0 -0.000418508 -0.000623511 -0.0897803 0.104296
1295965877 0.0831601 0.407345 0 0.00143589 -0.00123883 -0.172646 0.139602
1295965877 0.251948 0.445269 0 0.00106495 -0.00114759 -0.0436621 0.0263639
1295965879 0.322221 0.616227 0 0.00171987 0.00270806 0.102993 -0.067377
1295965880 0.0331738 0.766752 0 -0.000176752 -0.000157556 0.147245 -0.134657
1295965882 -0.105706 0.844931 0 0.00122631 0.0011741 -0.0265262 0.0284894
1295965883 0.0388085 0.549123 0 -0.00126671 0.00217697 -0.0452486 0.0438871
1295965884 0.105027 0.769543 0 0.00120578 -0.000322508 -0.0340756 0.0296539
1295965885 0.0916367 0.546958 0 0.00164828 -6.05714e-05 0.00950999 -0.00801393
1295965886 0.0780566 0.526777 0 0.00195992 -0.000653588 0.01272 -0.0110406
1295965888 0.113339 0.591849 0 0.00135301 0.000650429 -0.0400363 0.0334821
1295965889 0.160871 0.752365 0 -0.000436937 0.00215727 0.0137123 -0.011091
1295965890 0.0995403 0.564408 0 0.000552276 -0.000993926 0.015241 -0.0127869
1295965891 0.123082 0.466777 0 -0.00220422 0.00227908 -0.143846 0.102623
1295965892 0.390933 0.396546 0 0.000204301 -0.00207034 -0.17827 0.0823954
1295965893 0.344066 0.251055 0 1.08479e-05 0.00134551 -0.0803891 0.0241989
1295965894 0.561271 0.1594 0 -0.00197516 -0.00224513 -0.171972 0.0283564
1295965895 0.563493 -0.00147338 0 -0.00164115 0.000188865 -0.202403 -0.00513884
1295965895 0.0154589 -0.00389562 0 1.47968e-05 0.000274916 -0.00687226 -0.000902277
1295965897 0.901733 -0.418301 0 -0.000392233 -0.00292687 -0.0886482 -0.016005
1295965898 0.50616 -0.211062 0 0.0010112 -0.002204 0.086544 0.0157396
1295965899 0.690693 -0.154273 0 0.000934011 0.00221059 0.00109591 0.000139927
1295965901 0.548902 -0.429791 0 -0.00159647 -0.00180648 -0.378997 -0.132744
1295965902 0.123747 -0.450714 0 -0.000199532 0.000616841 -0.185018 -0.142443
1295965903 -0.00524367 -0.546854 0 -0.00216226 -0.00122051 -0.0136794 -0.0136009
1295965904 -0.0403358 -0.546662 0 0.000733968 0.000676776 -0.0857043 -0.0991474
1295965905 -0.223265 -0.633508 0 0.000585767 -0.00213008 -0.0196286 -0.0268849
1295965906 -0.237579 -0.728642 0 -0.000918796 -0.00335902 0.0153769 0.0212125
1295965907 -0.16672 -0.592618 0 0.00150731 0.00117947 0.0102415 0.0135132
1295965909 -0.172377 -0.690932 0 0.00113955 -8.95431e-05 0.00651081 0.00834291
1295965910 -0.23237 -0.611062 0 0.000716627 3.95537e-05 -0.0453215 -0.0622721
1295965911 -0.209277 -0.695986 0 -0.00047418 -0.00253795 0.0780648 0.101664
1295965913 0.0445631 -0.783611 0 0.00210095 -0.000344831 0.17079 0.154798
1295965914 0.142277 -0.711507 0 0.0070594 0.0041146 0.0383156 0.0260235
1295965916 0.202202 -0.249912 0 -0.00745728 -0.00330009 -0.00784877 -0.00506686
1295965917 0.161016 -0.724034 0 -0.000360617 0.00051749 -0.198603 -0.172736
1295965918 -0.137494 -0.63527 0 0.00129799 0.000918976 -0.109899 -0.150908
1295965920 -0.531966 -0.454797 0 -0.00985253 0.00451531 1.83306 -0.740112
1295965921 -0.758839 -0.124538 0 0.000184045 0.000742328 0.0262489 0.200187
1295965922 -0.612048 -0.031497 0 0.000946134 0.000118774 -0.000590471 -0.01593
1295965924 -0.776948 -0.081151 0 0.00124992 0.000297187 -0.0012561 -0.0222967
1295965925 -0.493039 -0.0720276 0 0.000319865 0.000867903 -0.000708513 -0.00973521
1295965926 -0.827241 0.038187 0 -0.000767116 0.00128763 0.000905204 0.141582
1295965927 -0.511046 0.120801 0 0.00108602 -0.00115238 -0.0201895 0.145499
1295965928 -0.228044 0.146195 0 -0.000336631 -0.00198897 -0.0642254 0.196974
1295965929 -0.229326 0.255053 0 4.91956e-05 0.00129696 -0.0018052 0.00402184
1295965930 -0.229777 0.291101 0 -0.000274479 0.000306801 -0.0172669 0.0363414
1295965931 -0.199901 0.340735 0 0.00133197 -0.00105668 -0.0779568 0.130183
1295965932 -0.0665439 0.363239 0 -0.0012584 0.00165329 -0.111872 0.13221
1295965933 0.0744922 0.566585 0 0.00196065 -0.00195643 -0.0558743 0.0514269
1295965934 0.0585994 0.422842 0 0.00110194 9.57036e-05 0.0130657 -0.011336
1295965935 0.0667076 0.566924 0 0.00087585 -0.00145256 -0.0156757 0.0135517
1295965936 0.127919 0.612937 0 -0.000357721 0.00156954 -0.0597544 0.0468082
1295965937 0.155199 0.510714 0 0.0010026 0.00273975 0.0223852 -0.0167006
1295965938 0.126027 0.500243 0 0.000305408 0.00115687 0.0136433 -0.0106671
1295965938 0.00852775 0.037081 0 0.00142124 -0.00220824 0.00097292 -0.000767976
1295965940 0.231631 1.23484 0 0.000494448 0.000945797 0.0281654 -0.0233177
1295965942 0.170537 0.87169 0 0.000402552 0.00130514 -0.0163036 0.0136913
1295965943 0.212795 0.724845 0 -0.000509581 -0.00029231 -0.0826035 0.0611134
1295965944 0.401279 1.06433 0 0.00279632 0.00192416 0.0316819 -0.021937
1295965946 0.300356 0.8687 0 -0.000439466 0.00146498 -0.0525598 0.0353622
1295965947 0.368785 0.382601 0 -0.00431189 -2.79778e-05 -0.284237 0.122014
1295965948 0.663576 0.222932 0 -0.00067617 -0.0024682 -0.0947578 0.0194015
1295965948 0.0359138 0.00961057 0 0.000462377 0.000613702 -0.00389982 0.000589172
1295965950 1.37851 -0.0405833 0 -0.000142967 -0.00140092 -0.0806718 0.00882311
1295965951 0.711392 -0.0518313 0 -4.06783e-05 -2.39382e-05 -0.179734 -0.0039156
1295965952 0.472703 -0.339582 0 -0.00250736 -0.00171082 -0.29571 -0.0804376
1295965953 0.520391 -0.657039 0 -3.79779e-05 -0.000635947 -0.0431059 -0.0204662
1295965954 0.199159 -0.525319 0 0.000526772 -0.000110151 -0.219653 -0.150506
1295965955 -0.185944 -0.933571 0 -0.00275302 -0.00171591 -0.12946 -0.141651
1295965957 -0.31178 -1.06822 0 0.00209146 -0.00180192 0.00910778 0.0119402
1295965958 -0.295731 -0.96144 0 0.00343076 0.000297571 0.0212113 0.0264186
1295965960 -0.241638 -0.971873 0 -0.00699585 -0.0011724 1.6376 -1.13484
1295965961 -0.564297 -0.481756 0 0.00141107 0.000649136 0.116987 0.325642
1295965962 -0.735541 -0.155089 0 0.000667945 0.000306878 0.0102857 0.0775311
1295965964 -1.1533 -0.113965 0 0.000258116 0.000584219 -0.000152651 -0.00162731
1295965965 -0.666198 -0.0336003 0 -0.00179612 0.00109615 -0.00266672 -0.0248111
1295965966 -0.623703 -0.0773833 0 -0.00058505 0.00360396 -0.0310875 -0.154634
1295965967 -0.57033 -0.389445 0 0.00258576 -7.41883e-05 -0.0631828 -0.165011
1295965967 -0.0326847 -0.0292241 0 -0.00063687 -0.000155562 -0.00164871 -0.00336122
1295965969 -0.459189 -0.960038 0 0.00502771 -0.0102909 -1.65449 1.09485
1295965970 -0.26627 -0.906701 0 0.00119791 0.00035472 0.0115526 0.0131665
1295965972 0.221208 -0.723564 0 -0.00040167 -0.00345251 0.453192 0.290195
1295965973 0.698766 -0.319387 0 -0.00177812 0.00155485 0.15536 0.0343533
1295965974 0.938609 -0.309391 0 0.00354409 0.00114277 0.092249 0.00845846
1295965975 0.748012 -0.156506 0 -0.00126617 -0.000326345 0.0254478 0.000831418
1295965977 1.01694 -0.151545 0 -0.00034155 0.00127684 0.0748773 -0.0013191
1295965978 0.882729 -0.0373113 0 0.000840829 0.000813765 0.000741065 -4.19469e-05
1295965979 0.814292 -0.262747 0 0.000984996 0.00243175 -0.154835 -0.00334326
1295965980 0.473737 -0.159631 0 0.000609586 -0.000512803 0.0268599 0.00230066
1295965981 0.339977 -0.0460054 0 0.00098627 0.00481545 0.0143005 0.000920681
1295965983 0.000183822 -2.14799e-05 0 0.000492368 0.000476395 -0.000197822 -1.70255e-05
1295965984 -3.02861e-09 -3.02859e-09 0 0.000506706 -0.000359825 1.02379e-06 -3.18928e-06
1295965985 0.138079 -0.0280899 0 -0.000421505 -0.00140637 -0.0583756 -0.00510328
1295965987 0.382792 -0.147917 0 0.00114769 0.00126815 -0.12379 -0.0224852
1295965988 0.127916 -0.0805061 0 -0.00100842 -0.00106467 -0.0581688 -0.0162577
1295965989 0.240753 -0.159894 0 0.000317725 -0.001661 0.0311922 0.0091942
1295965990 0.243369 -0.125529 0 -0.000580952 4.18083e-05 0.0879603 0.0201628
1295965991 0.219476 -0.0514162 0 0.00132675 -0.000539262 0.0908441 0.012261
1295965992 0.296021 -0.0500234 0 -0.000756397 0.000919068 0.0108403 0.000908742
1295965993 0.270795 -0.0602401 0 0.000418767 0.00153875 -0.147701 -0.0226835
1295965994 0.269075 -0.123899 0 -0.000816186 -0.00185174 0.00149677 0.000354574
1295965995 0.404862 -0.187113 0 0.000522624 -7.67353e-05 0.00782786 0.00175879
1295965997 0.384562 -0.154829 0 -1.46942e-05 0.00100072 0.010278 0.00221499
1295965998 0.105476 -0.0505562 0 0.0021432 0.000264662 -0.0567767 -0.0136926
1295965998 0.0103347 -0.00556913 0 -0.00065922 0.000184152 -0.00660298 -0.00181246
1295966000 0.568775 -0.346357 0 -0.00045462 -0.0017333 0.0133009 0.0036221
1295966001 0.360788 -0.203868 0 0.000816047 0.00110291 -0.013108 -0.00357139
1295966002 0.278333 -0.195213 0 -0.000714688 0.00116319 -0.0519855 -0.0160369
1295966003 0.238097 -0.247863 0 -0.00102944 0.00122074 -0.145202 -0.0623502
1295966004 -0.047245 -0.253956 0 -0.00198596 0.000624568 -0.0768469 -0.0449333
1295966005 0.173525 -0.382822 0 0.000903972 -0.0049315 0.0806911 0.0469639
1295966006 0.185187 -0.188961 0 0.00284427 0.00492079 0.289931 0.0982098
1295966007 -0.256226 0.0835928 0 -0.000763957 -0.00514383 -0.000252667 -2.83611e-05
1295966008 3.24144e-06 -1.26484e-06 0 0.000224963 0.00019133 -7.52505e-05 -1.53309e-05
1295966009 -2.67043e-08 -2.67042e-08 0 -0.000350605 -0.000173329 1.98744e-06 3.8138e-06
1295966010 2.92096e-06 -1.03047e-06 0 -0.000566239 -0.000321759 4.16055e-06 5.93887e-06
1295966011 -2.50438e-08 -2.50438e-08 0 -0.000425158 -2.74248e-05 3.33988e-07 4.02377e-06
1295966012 -3.81642e-08 -3.81643e-08 0 0.000115195 0.000125203 -1.16925e-06 -1.09675e-06
1295966013 -4.38339e-08 -4.38339e-08 0 -1.55748e-06 -0.000428998 3.98135e-06 4.58852e-08
