1295965766 -0.538248 0.0896487 -0.838005 5.45328e-05 -0.000186504 -0.000263715 1
1295965767 -1.11508 0.667366 -1.41551 0.57761 -0.577166 0.577274 1.30932e-05
1295965767 -1.56571 1.54566 -1.57527 0.577825 -0.57685 0.577375 -8.39037e-05
1295965768 -1.29885 2.27418 -2.20618 0.578237 -0.576548 0.577264 -0.000328523
1295965768 -1.23536 3.12675 -2.72492 0.578724 -0.576658 0.576667 0.00035717
1295965769 -0.915033 3.84095 -3.34727 0.578133 -0.576606 0.577311 -0.000305897
1295965770 -0.909656 4.66917 -3.90765 0.577862 -0.576919 0.577269 -0.000476687
1295965771 -0.595671 5.35905 -4.55993 0.575395 -0.576927 0.579713 -0.00304243
1295965772 -1.12876 5.20186 -3.7286 0.57519 -0.576625 0.580215 -0.00315048
1295965773 -1.17724 4.35788 -3.19442 0.575293 -0.576919 0.579822 -0.00292058
1295965774 -0.428824 4.18612 -3.83503 0.718776 -0.554588 0.378893 0.179535
1295965775 0.201928 3.85359 -4.53615 0.800994 -0.412201 0.023679 0.433519
1295965776 0.368945 2.93601 -4.89693 0.779526 -0.315392 -0.156436 0.518069
1295965778 0.869629 3.69158 -4.47452 0.766298 -0.275678 -0.21748 0.538044
1295965779 1.28534 4.50706 -4.87722 0.721876 -0.241528 -0.277328 0.586216
1295965780 2.00015 5.19834 -4.77152 0.719536 -0.236037 -0.280959 0.589591
1295965781 2.74777 5.84204 -4.60807 0.699596 -0.189122 -0.335672 0.601767
1295965783 3.31354 6.54951 -4.18452 0.652437 -0.078543 -0.439657 0.612257
1295965784 3.86661 7.32062 -4.49996 0.62522 -0.0646309 -0.468236 0.621029
1295965785 4.41858 7.01884 -3.72262 0.62638 -0.0635578 -0.468361 0.619876
1295965787 4.91544 6.79349 -2.88456 0.62692 -0.0630976 -0.46887 0.618991
1295965788 4.4369 7.03674 -3.72826 0.625228 -0.0642047 -0.468971 0.620511
1295965789 4.94412 6.82178 -2.89368 0.624958 -0.064499 -0.469348 0.620467
1295965790 4.29775 6.87719 -3.65469 0.624441 -0.0650201 -0.469321 0.620954
1295965792 3.58562 6.84463 -4.35598 0.623034 -0.0663706 -0.469277 0.622256
1295965793 4.28211 6.79422 -3.64019 0.622886 -0.066575 -0.469087 0.622526
1295965794 3.68795 7.063 -4.3983 0.408045 -0.0278914 -0.425312 0.80736
1295965796 3.90955 7.96567 -4.76719 0.416306 -0.028054 -0.417552 0.807188
1295965797 4.35014 8.53976 -5.45733 0.416552 -0.0357278 -0.413059 0.809067
1295965798 4.73736 9.10695 -6.18422 0.415053 -0.0317308 -0.416225 0.808382
1295965800 5.39203 9.40874 -6.87727 0.441712 -0.0824444 -0.388463 0.804481
1295965802 5.13926 10.2525 -7.35074 0.395264 0.00661724 -0.433275 0.809935
1295965803 5.46706 10.8978 -8.04076 0.380783 0.0309005 -0.447599 0.80852
1295965805 5.73587 11.5525 -8.74726 0.380729 0.0408968 -0.45077 0.806337
1295965806 6.04008 12.1875 -9.45733 0.38044 0.0408576 -0.450916 0.806394
1295965807 6.44306 12.6286 -10.2592 0.371135 0.0402126 -0.454764 0.808599
1295965808 6.87428 13.0036 -11.0798 0.395038 0.00575684 -0.435602 0.808803
1295965810 7.64798 12.8501 -11.6945 0.479475 -0.148377 -0.345932 0.792729
1295965811 8.22214 13.4654 -12.2346 0.462754 -0.111489 -0.367553 0.798958
1295965812 8.78463 13.9855 -12.8774 0.442747 -0.0705605 -0.392485 0.803089
1295965812 9.38023 14.5321 -13.466 0.421004 -0.0236412 -0.416229 0.805575
1295965814 9.76432 15.1544 -14.148 0.41569 -0.0154057 -0.420672 0.806226
1295965815 10.1232 15.7017 -14.9042 0.399982 -0.00453193 -0.423893 0.812593
1295965816 10.3605 16.294 -15.6742 0.384707 0.00920421 -0.43294 0.815156
1295965817 10.7572 16.9046 -16.3596 0.392921 0.00441391 -0.433716 0.810854
1295965818 11.0966 17.3238 -17.2016 0.438251 -0.100477 -0.370878 0.812582
1295965819 11.7134 17.4118 -17.9839 0.48066 -0.233279 -0.281688 0.796994
1295965820 11.3107 16.6415 -17.4894 -0.332 0.79262 -0.478149 -0.181391
1295965821 11.466 17.542 -17.0833 -0.339468 0.792283 -0.47563 -0.17557
1295965822 11.6249 18.404 -16.6018 -0.313738 0.795346 -0.504398 -0.120728
1295965823 11.5395 19.2259 -16.0387 -0.317159 0.792863 -0.504582 -0.127183
1295965824 11.6472 19.7498 -15.1938 -0.268641 0.774678 -0.568655 -0.0658516
1295965826 11.486 20.6646 -14.8234 -0.282782 0.772997 -0.561802 -0.0829992
1295965826 11.7051 21.4747 -14.2796 -0.301607 0.755687 -0.570086 -0.113896
1295965827 11.5605 22.3958 -13.9181 -0.304599 0.753652 -0.569649 -0.121356
1295965829 11.3376 23.186 -13.3473 -0.264309 0.756473 -0.593931 -0.0716588
1295965830 11.7781 24.0482 -13.097 -0.297266 0.734024 -0.597613 -0.125302
1295965831 11.4724 24.9618 -12.8287 -0.300596 0.73599 -0.593465 -0.125539
1295965832 11.2028 25.8555 -12.4701 -0.297982 0.735093 -0.593963 -0.134363
1295965834 11.3611 26.8312 -12.6214 -0.305691 0.738341 -0.58418 -0.141913
1295965835 11.7933 27.717 -12.4521 -0.27517 0.730177 -0.603412 -0.164369
1295965836 12.4571 28.4205 -12.7057 -0.297921 0.71319 -0.632679 -0.0481589
1295965837 11.7512 29 -12.2984 -0.159699 0.704724 -0.680533 0.12139
1295965838 10.8623 29.4214 -12.1188 0.0811357 -0.682164 0.698775 -0.199456
1295965839 10.1199 30.0881 -12.0535 0.0739526 -0.669993 0.707883 -0.211052
1295965841 9.39683 30.7789 -12.0453 0.0733217 -0.664652 0.711075 -0.217332
1295965843 8.65221 31.4426 -11.975 -0.0313886 -0.6077 0.71993 -0.33379
1295965844 8.29787 32.353 -12.1885 -0.0153816 -0.616125 0.721109 -0.316473
1295965844 8.51335 33.3006 -11.9527 -0.121193 -0.554075 0.716559 -0.406025
1295965846 8.08439 33.2106 -12.8515 0.28438 0.471686 -0.65796 0.513546
1295965847 8.03911 34.0587 -13.3794 0.483446 0.284257 -0.505333 0.655833
1295965848 8.14048 34.8339 -14.003 0.547602 0.185946 -0.428564 0.694182
1295965850 8.36292 35.8077 -13.956 0.555974 0.186858 -0.418985 0.693129
1295965851 8.54823 36.771 -13.762 0.537349 0.229964 -0.448182 0.676391
1295965852 9.18064 37.4467 -14.1408 0.546003 0.2354 -0.442363 0.671404
1295965854 9.81096 38.2045 -14.3098 0.516012 0.300407 -0.485661 0.638452
1295965855 10.037 39.1128 -14.6618 0.508379 0.316645 -0.496697 0.628155
1295965856 10.0452 40.0901 -14.8734 0.456534 0.372535 -0.547964 0.593742
1295965858 9.92143 41.077 -14.9765 0.408161 0.417453 -0.583307 0.564704
1295965859 9.76942 42.0491 -15.1552 0.368582 0.448737 -0.609291 0.539951
1295965860 9.62777 42.9994 -15.4326 0.361775 0.450538 -0.615077 0.536483
1295965862 9.58861 43.9137 -15.8356 0.370634 0.445449 -0.610135 0.540315
1295965863 9.65242 44.4588 -16.6716 0.54957 0.276459 -0.44711 0.649335
1295965865 10.1883 45.193 -17.0884 0.701913 0.0330162 -0.197667 0.683488
1295965866 11.0612 45.6217 -17.3213 0.730736 -0.198113 0.0727104 0.649222
1295965867 11.7731 46.2521 -17.0117 0.712075 -0.286897 0.178088 0.615568
1295965869 11.5633 47.2294 -17.0413 0.731552 -0.120896 -0.0161477 0.670787
1295965869 11.6321 48.0528 -17.6045 0.697772 -0.0843322 -0.0498988 0.709586
1295965870 12.5027 48.1396 -17.1202 0.728057 -0.173803 0.0408864 0.661856
1295965871 12.395 49.133 -17.1599 0.717088 -0.249547 0.116967 0.64018
1295965873 12.4697 50.0651 -17.5143 0.69996 -0.217217 0.081439 0.675456
1295965874 12.1824 50.9752 -17.8131 0.0518378 0.652336 0.617903 -0.435851
1295965875 11.5769 50.2289 -17.5366 -0.0823549 0.779575 0.565767 -0.255711
1295965876 12.1505 49.4477 -17.29 -0.0993348 0.788211 0.564248 -0.224679
1295965877 12.4108 48.4954 -17.1311 -0.172652 0.810141 0.544817 -0.130525
1295965877 12.8905 47.6687 -16.837 -0.291967 0.820987 0.487211 0.0579752
1295965879 13.1919 46.889 -16.2881 -0.293802 0.821419 0.484562 0.0644212
1295965880 13.4781 46.1473 -15.6815 -0.234858 0.822722 0.516964 -0.0267818
1295965882 12.8988 46.9583 -15.7634 -0.139846 0.803522 0.546067 -0.191326
1295965883 13.416 46.1048 -15.8265 -0.152563 0.815803 0.528458 -0.178666
1295965884 13.8319 45.2193 -15.6189 -0.187883 0.826946 0.5143 -0.127888
1295965885 14.243 44.3992 -15.2208 -0.206125 0.83176 0.506868 -0.0936673
1295965886 14.6714 43.6256 -14.7539 -0.196697 0.83085 0.509362 -0.107467
1295965887 14.8304 42.6547 -14.5752 -0.217056 0.837275 0.490319 -0.106977
1295965889 14.6673 41.8543 -13.9983 -0.265807 0.83283 0.484368 -0.0335907
1295965890 14.6932 40.8668 -13.8428 -0.282611 0.843741 0.456085 -0.0147686
1295965891 15.3037 40.4421 -13.1743 -0.253875 0.842628 0.472105 -0.0514068
1295965892 15.6354 39.9319 -12.3808 -0.317247 0.825542 0.460328 0.077022
1295965893 14.7525 39.4647 -12.4275 -0.433524 0.717449 0.368489 0.401919
1295965894 14.4822 38.5287 -12.6526 -0.487519 0.650733 0.295274 0.501682
1295965895 14.0037 37.7147 -12.3232 -0.513122 0.597958 0.246841 0.564112
1295965896 13.5375 37.1338 -12.9905 -0.528605 0.424224 0.117001 0.725894
1295965897 12.8104 36.4477 -13.013 -0.534315 0.374707 0.086947 0.75269
1295965898 12.3206 35.5764 -13.044 -0.534753 0.370947 0.0831709 0.754666
1295965899 11.6098 34.9183 -12.7957 -0.525618 0.458825 0.1424 0.702087
1295965901 11.2549 34.0032 -12.6044 -0.528284 0.47576 0.147476 0.687618
1295965902 11.5022 33.1236 -13.0109 -0.577958 0.10246 -0.102193 0.803133
1295965902 11.1847 32.1949 -13.2023 -0.546657 -0.0802108 -0.223184 0.80307
1295965904 11.0686 31.257 -13.5293 -0.545999 -0.0828183 -0.224128 0.80299
1295965905 11.7018 30.4853 -13.4693 -0.492612 -0.233055 -0.317829 0.775888
1295965906 11.6635 29.5498 -13.8206 -0.491847 -0.242001 -0.319946 0.772759
1295965907 11.6223 28.6088 -14.1564 -0.50618 -0.221916 -0.307103 0.77474
1295965909 12.1568 27.8053 -14.4186 -0.497614 -0.215981 -0.309076 0.781156
1295965910 12.0543 26.8287 -14.6076 -0.509318 -0.212563 -0.303195 0.776843
1295965911 12.1628 25.8676 -14.8617 -0.480782 -0.282354 -0.341768 0.756518
1295965913 11.6478 25.0888 -15.2197 -0.537677 -0.186268 -0.263448 0.778975
1295965914 11.1527 24.3017 -15.5876 -0.588902 -0.0102184 -0.136817 0.796474
1295965916 10.8424 23.3822 -15.8289 -0.588565 0.0226468 -0.117911 0.799485
1295965917 11.2084 22.4633 -15.9763 -0.600139 0.00881364 -0.123194 0.790303
1295965918 11.613 21.5859 -16.2341 -0.533655 -0.208595 -0.267299 0.774759
1295965920 11.9978 20.6733 -16.0956 -0.491464 -0.325926 -0.336446 0.734194
1295965921 12.5975 20.1445 -15.495 0.260023 0.64376 0.518036 -0.4996
1295965922 13.0487 19.3273 -15.8535 0.152082 0.722005 0.537447 -0.408327
1295965924 13.3486 18.3736 -15.8755 0.159426 0.721701 0.529774 -0.416017
1295965925 13.7236 17.4801 -15.6285 0.166019 0.71541 0.531367 -0.422226
1295965926 13.9817 16.514 -15.639 0.172003 0.716343 0.525269 -0.425865
1295965927 14.4517 15.6317 -15.6637 0.0927029 0.766131 0.535712 -0.342727
1295965928 14.7368 14.6738 -15.6282 0.0363153 0.814855 0.526516 -0.239735
1295965929 14.2594 13.8834 -15.2444 -0.100624 0.856022 0.506301 -0.0275615
1295965930 13.9569 12.942 -15.0951 -0.123673 0.869324 0.478114 0.0196993
1295965931 13.3893 12.1196 -15.0578 -0.172075 0.871249 0.448841 0.0992855
1295965932 13.7312 11.3642 -14.4987 -0.174859 0.87709 0.393373 0.213063
1295965933 13.8046 10.5111 -13.9822 -0.219146 0.852946 0.378987 0.2843
1295965934 13.5995 9.67598 -13.4718 -0.273813 0.808054 0.345467 0.390803
1295965935 13.2139 8.86902 -13.0243 -0.265214 0.81885 0.346033 0.373372
1295965936 12.8902 8.11626 -12.4512 -0.260891 0.822043 0.346866 0.368599
1295965937 12.4141 7.40397 -11.9354 -0.295878 0.780413 0.326831 0.44339
1295965938 11.9424 6.60711 -11.558 -0.28462 0.792399 0.33317 0.424373
1295965939 11.6492 5.75923 -11.1162 -0.278765 0.804175 0.33088 0.407567
1295965940 11.2041 5.00443 -10.6344 -0.274044 0.807398 0.334255 0.4016
1295965942 11.0118 4.23699 -10.0228 -0.264947 0.822016 0.342021 0.37029
1295965943 10.9281 3.29862 -9.68746 -0.288294 0.828137 0.307951 0.369109
1295965944 10.1726 2.66338 -9.52688 -0.322176 0.763129 0.277387 0.486717
1295965946 9.90344 1.71316 -9.36997 -0.326345 0.78492 0.253912 0.461442
1295965947 9.76496 0.931733 -8.76153 -0.330752 0.795091 0.202408 0.466331
1295965948 8.83737 0.558118 -8.76118 -0.364618 0.593603 0.130777 0.705399
1295965948 8.50321 -0.259324 -9.23036 -0.389523 0.496896 0.0705572 0.772261
1295965949 8.10548 -1.08788 -9.62445 -0.398384 0.427366 0.0350447 0.810814
1295965951 7.85337 -1.77214 -10.3087 -0.396593 0.37778 0.0101503 0.836596
1295965951 7.4133 -2.55832 -10.7426 -0.399204 0.194997 -0.068082 0.893296
1295965953 7.8229 -3.34839 -11.1987 -0.38867 0.026083 -0.136209 0.91088
1295965954 8.68162 -3.68 -11.5894 -0.287494 -0.230111 -0.244886 0.896899
1295965955 9.65625 -3.76256 -11.3813 -0.148163 -0.500554 -0.344519 0.780256
1295965957 10.2114 -4.57787 -11.217 -0.0707087 -0.673211 -0.351456 0.646734
1295965958 10.9862 -5.18288 -11.0331 -0.0681317 -0.671974 -0.354669 0.646544
1295965960 11.7712 -5.77308 -11.2212 -0.0759594 -0.6598 -0.350935 0.660105
1295965961 12.1498 -6.20817 -10.4043 -0.0430161 0.803672 0.371751 -0.462669
1295965962 13.0042 -6.52717 -9.99406 -0.138536 0.875553 0.363029 -0.287098
1295965964 13.963 -6.78047 -9.86528 -0.15768 0.893788 0.344655 -0.239777
1295965965 13.9075 -7.52445 -9.19939 -0.181868 0.907526 0.324674 -0.194697
1295965965 14.8973 -7.65394 -9.14072 -0.124895 0.882407 0.306616 -0.334283
1295965967 14.6049 -8.26464 -8.40483 -0.149241 0.891126 0.296266 -0.309593
1295965968 14.7741 -8.91041 -7.66029 -0.0957115 0.82948 0.300326 -0.461093
1295965969 15.7173 -9.19206 -7.48417 0.0682556 -0.783196 -0.312547 0.53316
1295965970 16.6739 -8.95342 -7.31646 0.0120298 -0.667927 -0.337951 0.662961
1295965972 17.6629 -9.10079 -7.32708 0.0520856 -0.664608 -0.378067 0.642377
1295965973 16.8802 -8.86145 -6.75256 0.611194 -0.575845 -0.481926 -0.250183
1295965974 17.1425 -9.58711 -6.11649 -0.525973 0.609827 0.568566 0.167917
1295965975 17.7766 -10.2 -5.64502 -0.4758 0.625953 0.609943 0.0988288
1295965977 18.4367 -10.9084 -5.39507 -0.460643 0.633528 0.61675 0.0779167
1295965978 19.2289 -11.4146 -5.05432 -0.409086 0.648105 0.642338 0.00307247
1295965979 19.9795 -12.0387 -4.83695 -0.397461 0.654505 0.643052 -0.0115045
1295965980 20.0741 -12.987 -4.53412 -0.526225 0.602397 0.581654 0.147932
1295965981 20.3669 -13.8313 -4.08523 -0.510837 0.591531 0.605266 0.150963
1295965983 20.6048 -14.3883 -3.28958 -0.483744 0.566031 0.654609 0.13072
1295965984 19.9247 -14.8095 -2.68957 -0.486048 0.558822 0.6595 0.128589
1295965985 20.6817 -14.8451 -3.34194 -0.486703 0.558946 0.65907 0.127775
1295965987 21.4181 -14.9914 -2.68141 -0.509453 0.559163 0.637762 0.145101
1295965988 21.8812 -15.8662 -2.53851 0.580194 -0.536199 -0.574898 -0.212974
1295965988 22.2914 -16.6185 -2.0231 0.610119 -0.521728 -0.546193 -0.239222
1295965990 22.7843 -17.454 -1.78008 0.609007 -0.523136 -0.547807 -0.23526
1295965990 23.1508 -17.9947 -1.02291 -0.510771 0.55868 0.633761 0.159177
1295965992 23.6096 -18.879 -0.93606 -0.482132 0.56548 0.655582 0.134138
1295965993 24.1392 -19.7155 -0.795556 -0.470342 0.567147 0.664588 0.124285
1295965994 24.6571 -20.5675 -0.71888 -0.508132 0.556921 0.63805 0.156629
1295965995 25.0886 -21.4606 -0.591561 -0.558484 0.54305 0.59407 0.200684
1295965997 25.571 -22.2977 -0.333631 -0.552471 0.545221 0.599195 0.196152
1295965998 25.9794 -23.1824 -0.108875 -0.545461 0.545964 0.606208 0.192114
1295965998 26.6185 -23.8415 0.287616 0.577652 -0.535702 -0.574818 -0.22119
1295966000 27.0205 -24.5621 0.852487 0.580554 -0.537132 -0.57018 -0.222129
1295966001 27.4489 -25.4215 1.13162 -0.566912 0.540164 0.584202 0.213403
1295966002 27.946 -26.2713 1.30698 -0.574872 0.539179 0.575072 0.21932
1295966003 28.3863 -27.1365 1.54689 0.602978 -0.525212 -0.548073 -0.245328
1295966003 28.9541 -27.9176 1.80658 0.675075 -0.492195 -0.451933 -0.31269
1295966005 29.166 -28.7 2.39227 0.717289 -0.452928 -0.390447 -0.357637
1295966006 29.3568 -29.3943 3.08618 0.677797 -0.488333 -0.453325 -0.310836
1295966007 29.471 -29.9142 3.93273 -0.505132 0.5615 0.633832 0.166781
1295966008 28.9251 -29.0804 3.85059 -0.509938 0.566429 0.626136 0.164547
1295966009 28.243 -28.4956 3.4116 -0.50998 0.566449 0.626183 0.16417
1295966010 28.8182 -29.0703 3.99367 -0.510234 0.565982 0.626482 0.163843
1295966011 28.3268 -29.2882 3.15044 -0.509127 0.566611 0.626936 0.163379
1295966012 28.8111 -30.1054 3.46291 -0.509301 0.566508 0.62678 0.163789
1295966013 29.1755 -29.433 4.10723 -0.507925 0.567382 0.627353 0.162844
