1295878709 0 0 0 0 0 0 0
1295878711 0.00097012 7.71688e-05 0 0 0 -0.11452 -0.00492605
1295878712 0.00103729 -0.00987849 0 0 0 0.419564 -0.0473508
1295878714 0.0231333 -0.00602887 0 0 0 0.624771 -0.618162
1295878716 -0.351422 0.325455 0 0 0 0.0478674 -0.203516
1295878718 -0.705951 0.1737 0 0 0 0.00517315 -0.0513051
1295878720 -0.732245 0.165294 0 0 0 0.00226471 -0.0422529
1295878722 -0.692799 0.116287 0 -0 0 0.000486838 -0.0410611
1295878724 -0.114686 -0.00229676 0 0 0 -3.41185e-05 -0.003303
1295878725 4.68212e-05 1.13376e-06 0 0 0 4.08307e-08 3.40834e-06
1295878727 -0.493557 -0.0168328 0 0 0 -0.000117246 -0.0074629
1295878728 -0.544561 -0.0237603 0 0 0 -0.000107754 -0.00491917
1295878730 -0.416079 -0.00840374 0 0 0 -0.000575854 0.0661252
1295878732 -0.290257 0.0645288 0 0 0 -0.00853778 0.0950995
1295878733 -0.324606 0.0902834 0 0 0 0.000367154 -0.00268416
1295878735 -0.580356 0.155315 0 0 0 0.00095563 -0.00725718
1295878736 -0.226453 0.0550651 0 0 0 0.000301769 -0.00238102
1295878738 2.0117e-05 -5.04766e-06 0 0 0 -3.69566e-06 2.94392e-05
1295878740 0 0 0 0 0 0 0
1295878741 -0.00616871 0.00156265 0 0 0 3.18357e-05 -0.000253832
1295878742 -0.40747 0.100506 0 0 0 0.000524288 -0.00425862
1295878743 -0.18385 0.0352109 0 0 0 0.000350547 -0.00293503
1295878744 0.000581652 -0.000104772 0 0 0 1.65907e-07 -1.40675e-06
1295878746 0.000313444 -5.64554e-05 0 0 0 -9.80094e-07 8.31013e-06
1295878747 -0.30884 -0.121675 0 0 0 0.00361521 -0.0363472
1295878748 -0.564478 -0.183892 0 0 0 -0.00242026 0.0257282
1295878749 -0.592142 0.127686 0 0 0 -0.000209383 0.0019368
1295878751 -0.929852 0.19332 0 0 0 0.00098837 -0.00947859
1295878753 -1.08287 0.0996346 0 0 0 0.00484766 -0.0878316
1295878754 -0.527748 0.0186482 0 0 0 -0.00129188 0.0408797
1295878755 -0.528159 0.1403 0 0 0 -0.0216426 0.161204
1295878757 -0.472109 0.315428 0 0 0 -0.0498907 0.161559
1295878758 -0.292541 0.417441 0 0 0 -0.0876218 0.168591
1295878759 -0.21467 0.494338 0 0 0 -0.00567252 0.00866511
1295878760 -0.149367 0.522218 0 0 0 -0.0844104 0.11007
1295878761 -0.000833351 0.547468 0 0 0 -0.0775772 0.0785962
1295878762 0.114994 0.535034 0 0 0 -0.0767188 0.0629382
1295878763 0.182118 0.60158 0 0 0 0.00308793 -0.00229588
1295878764 0.132863 0.436263 0 0 0 -0.0263019 0.0189778
1295878765 0.2411 0.498898 0 0 0 -0.0519156 0.0338523
1295878766 0.247217 0.481656 0 0 0 -0.00536116 0.00324065
1295878768 0.573836 0.922045 0 0 0 -0.0333765 0.0191687
1295878769 0.266943 0.427902 0 0 0 0.00631366 -0.0034959
1295878770 0.313396 0.509457 0 0 0 0.00386046 -0.00216701
1295878771 0.2749 0.462785 0 0 0 0.00694146 -0.00395336
1295878772 0.324312 0.452531 0 0 0 -0.143063 0.0677833
1295878774 0.811047 0.693638 0 0 0 -0.0075632 0.00283984
1295878776 0.955896 0.463399 0 0 0 -0.380686 0.0618638
1295878777 0.502408 -0.177176 0 0 0 -0.253477 -0.0413556
1295878778 0.42342 -0.334704 0 0 0 -0.0653505 -0.0220186
1295878779 0.354738 -0.408474 0 0 0 -0.124125 -0.0565861
1295878780 0.278113 -0.471758 0 0 0 -0.0263469 -0.0147753
1295878781 0.268307 -0.469902 0 0 0 -0.000650678 -0.000378258
1295878782 0.270876 -0.465009 0 0 0 0.00835375 0.00480675
1295878783 0.271619 -0.450438 0 0 0 0.0030288 0.00171643
1295878784 0.273026 -0.508591 0 0 0 -0.0693378 -0.0429542
1295878785 0.116152 -0.503002 0 0 0 -0.127667 -0.1027
1295878786 -0.0801834 -0.543958 0 0 0 -0.140705 -0.166305
1295878787 -0.323392 -0.437712 0 0 0 -0.115635 -0.231447
1295878788 -0.474835 -0.223427 0 0 0 -0.0495883 -0.222279
1295878790 -0.662189 -0.134935 0 0 0 -0.000591879 -0.00575508
1295878792 -0.936793 -0.058286 0 0 -0 -0.00474199 -0.120073
1295878793 -0.627853 0.0244411 0 0 0 -6.27544e-05 0.00330323
1295878795 -1.00538 0.0274115 0 0 0 -0.000111161 0.00848429
1295878796 -0.630972 -0.0148457 0 0 0 0.0021342 0.0747536
1295878798 -0.938916 -0.341455 0 0 0 0.0309607 0.18939
1295878798 -0.00970852 -0.00550147 0 0 0 0.000416123 0.00157085
1295878800 -0.608532 -0.518612 0 0 0 0.0418698 0.124132
1295878802 -0.650883 -0.665082 0 0 0 0.00459244 0.0109596
1295878803 -0.297866 -0.358632 0 0 0 -0.0149914 -0.0372444
1295878805 -0.984142 -0.283914 0 0 -0 -0.0409962 -0.572586
1295878807 -0.823829 0.661946 0 0 0 0.280522 -0.50069
1295878809 -0.0228836 1.12281 0 0 0 0.121188 -0.100098
1295878810 0.0452162 0.560458 0 0 0 0.00396019 -0.00276368
1295878811 0.105577 0.538775 0 0 0 -0.0344321 0.0250079
1295878812 0.0797838 0.528238 0 0 0 -0.0504059 0.0409202
1295878813 0.0719129 0.545842 0 0 0 -0.00167054 0.00145187
1295878814 0.14822 0.566405 0 0 0 0.131783 -0.0970303
1295878816 0.773028 0.625387 0 0 0 0.417073 -0.143072
1295878818 1.07907 0.0791711 0 0 0 0.0765295 -0.0053505
1295878819 0.539153 0.0351364 0 0 0 -0.00283799 9.32692e-05
1295878820 0.558279 0.00306237 0 -0 0 0.0650603 -0.000112983
1295878821 0.53894 -0.039769 0 0 0 0.0486461 0.00268613
1295878822 0.512066 -0.154047 0 0 0 0.0873308 0.010844
1295878823 0.508716 -0.174732 0 0 0 -0.00343435 -0.000574737
1295878825 1.02637 -0.348276 0 0 0 0.0239701 0.00426894
1295878826 0.49928 -0.246 0 0 0 0.0522249 0.0114129
1295878827 0.484866 -0.252033 0 0 0 -0.00586354 -0.00142786
1295878829 0.962296 -0.477915 0 0 0 -0.00811454 -0.00191435
1295878830 0.464698 -0.300381 0 0 0 0.137146 0.0423247
1295878831 0.328626 -0.425631 0 0 0 0.159874 0.079312
1295878832 0.161654 -0.519138 0 0 0 0.141499 0.104926
1295878833 -0.0272067 -0.5332 0 0 0 0.118255 0.124802
1295878835 -0.328802 -1.02516 0 0 0 0.0873652 0.129274
1295878836 -0.353556 -0.423032 0 0 0 0.0673983 0.144509
1295878837 -0.415235 -0.329322 0 0 0 0.0027689 0.00752504
1295878838 -0.341899 -0.291078 0 0 0 -0.00328325 -0.00890268
1295878840 -0.409839 -0.361343 0 0 0 0.00278332 0.00753015
1295878841 -0.472426 -0.212386 0 0 0 0.059802 0.30202
1295878842 -0.507725 0.132417 0 0 0 -0.0466988 0.345561
1295878843 -0.333851 0.405755 0 0 0 -0.0897235 0.200996
1295878844 -0.350378 0.402386 0 0 0 0.0908213 -0.20445
1295878846 -0.799424 0.741618 0 0 0 -0.0333605 0.0902482
1295878847 -0.345352 0.552994 0 0 0 -0.114155 0.200407
1295878849 -0.284271 0.906307 0 0 0 0.00140491 -0.00191813
1295878850 -0.239249 0.56461 0 0 0 0.0544565 -0.0828693
1295878852 -0.689539 0.73768 0 0 0 0.0890077 -0.197615
1295878853 -0.449651 0.374695 0 0 0 -0.00221452 0.00672408
1295878855 -0.89171 0.522029 0 0 0 0.0139456 -0.0454139
1295878857 -0.574955 0.883486 0 0 0 -0.21498 0.393314
1295878858 0.0922979 0.757165 0 0 0 -0.19357 0.168378
1295878860 1.0414 0.824788 0 0 0 -0.34982 0.146461
1295878861 0.676782 0.295655 0 0 0 -0.000356833 7.43947e-05
1295878863 1.34822 0.467924 0 0 0 -0.158239 0.0199684
1295878864 0.740362 -0.0707534 0 0 0 -0.210584 -0.0126465
1295878865 0.554667 -0.360694 0 0 0 -0.255665 -0.0790489
1295878866 0.193791 -0.344542 0 0 0 -0.159937 -0.0930045
1295878867 0.193547 -0.601717 0 0 0 -0.00942677 -0.0068036
1295878868 0.162886 -0.523027 0 0 0 -0.0269018 -0.0203595
1295878869 -0.0586568 -0.616935 0 0 0 -0.244496 -0.279047
1295878870 -0.422398 -0.342985 0 0 0 -0.129617 -0.373794
1295878871 -0.534396 -0.125668 0 0 0 -0.0031149 -0.0254379
1295878873 -1.0623 -0.186823 0 0 -0 -0.00544061 -0.140349
1295878875 -1.40308 0.269118 0 0 0 0.00563266 -0.0790206
1295878877 -0.880084 0.690561 0 0 0 0.0694115 -0.270728
1295878879 -0.825535 0.958279 0 0 0 0.113975 -0.204479
1295878881 -0.44907 1.42735 0 0 0 0.0013325 -0.0018393
1295878883 -0.260563 0.557514 0 0 0 -0.0833217 0.136499
1295878884 -0.356679 0.431606 0 0 0 -0.0352044 0.077718
1295878886 1.75023e-06 -1.74088e-06 0 0 0 -5.76252e-07 1.43171e-06
1295878888 -0.00415034 0.0169883 0 0 0 0.000710035 -0.00175928
1295878889 0.0477565 0.175026 0 0 0 0.0202012 -0.046492
1295878891 -0.0313674 0.0549263 0 0 0 0.0165976 -0.0339975
1295878892 -0.0775696 0.0893548 0 0 0 -0.0370406 0.0810876
1295878893 -0.0973254 0.17076 0 0 0 0.0459242 -0.0980415
1295878894 -0.0470695 0.0909588 0 0 0 -0.0403955 0.0846356
1295878895 -0.0918902 0.0867791 0 0 0 -0.0187087 0.0478497
1295878896 -0.0978861 0.0778254 0 0 0 -0.0109487 0.0319507
1295878897 -0.115918 0.0832909 0 0 0 -0.00315708 0.0099227
1295878899 -0.31617 0.217024 0 0 0 -0.00147021 0.00474691
1295878900 -0.184942 0.128156 0 0 0 -0.000196215 0.000639905
1295878901 -0.351323 0.267251 0 0 0 0.0133671 -0.0405351
1295878902 -0.21238 0.171888 0 0 0 0.00135705 -0.00381322
1295878903 -0.312086 0.255975 0 0 0 -0.000454081 0.00127051
1295878904 -0.273728 0.225291 0 0 0 0.00508412 -0.0139283
1295878905 -0.242482 0.250477 0 0 0 0.0287861 -0.0690785
1295878906 -0.23658 0.316162 0 0 0 0.0327334 -0.0646782
1295878907 -0.202548 0.429618 0 0 0 0.0459974 -0.0752156
1295878908 -0.190835 0.467828 0 0 0 -0.00225388 0.00335942
1295878909 -0.207581 0.493109 0 0 0 -0.00811909 0.0123513
1295878910 -0.153213 0.252306 0 0 0 -0.114034 0.24234
1295878911 0.289047 -0.0525487 0 0 0 -0.00285225 0.00919834
1295878913 -0.00274661 0.000524963 0 0 0 0.000108463 -0.000355596
1295878914 -0.000720636 0.000138074 0 0 0 2.32903e-05 -7.62959e-05
1295878915 -0.00020401 3.91143e-05 0 0 0 -1.45322e-05 4.76029e-05
1295878916 0 0 0 0 0 0 0
1295878917 -1.2126e-06 2.33635e-07 0 0 0 1.21747e-07 -3.98842e-07
1295878918 -4.25456e-06 8.15961e-07 0 0 0 -1.1208e-06 3.67175e-06
1295878919 -6.03177e-07 1.15462e-07 0 0 0 -2.98332e-07 9.77343e-07
1295878920 0 0 0 0 0 0 0
1295878921 0 0 0 0 0 0 0
1295878922 -6.05648e-07 1.15934e-07 0 0 0 -2.1415e-07 7.01563e-07
1295878923 -7.28125e-06 1.39607e-06 0 0 0 -1.35269e-06 4.43151e-06
1295878924 -0.00028845 5.52768e-05 0 0 0 4.41888e-06 -1.44763e-05
1295878925 -3.03546e-06 5.85096e-07 0 0 0 3.04862e-07 -9.98702e-07
1295878926 0 0 0 0 0 0 0
1295878927 -6.09706e-07 1.17524e-07 0 0 0 6.12352e-08 -2.00601e-07
1295878928 0 0 0 0 0 0 0
1295878929 0 0 0 0 0 0 0
1295878930 0 0 0 0 0 0 0
1295878931 0 0 0 0 0 0 0
