1295878709 -4.99315e-08 -4.99315e-08 0 -0.000594858 0.0001703 2.34021e-06 3.45241e-06
1295878711 0.000964504 6.3331e-05 0 -0.0011796 0.000370185 -0.115926 -0.00597887
1295878712 0.000879358 -0.00996898 0 0.00191517 -0.00224768 0.421594 -0.0439705
1295878714 0.0232506 -0.00643621 0 -0.00163156 -0.004257 0.62839 -0.610407
1295878716 -0.340944 0.339639 0 -0.0027413 0.000918328 0.049444 -0.198566
1295878718 -0.702826 0.18845 0 -0.000192404 0.00207832 0.00695556 -0.0631892
1295878720 -0.732556 0.164693 0 -0.00160357 1.46304e-05 0.00270072 -0.0518925
1295878722 -0.695167 0.0937609 0 -0.0014097 0.00120791 -0.00019275 -0.0583601
1295878724 -0.111466 -0.00771422 0 -0.00239384 0.001221 -0.000159412 -0.00437556
1295878725 4.48181e-05 3.26432e-06 0 -0.000584028 -0.000376508 2.73708e-06 5.44225e-05
1295878727 -0.489183 -0.0431441 0 0.00281649 0.00113581 -0.000522614 -0.0121155
1295878728 -0.52467 -0.0615733 0 -0.000602779 0.000387443 -0.00126598 -0.0212054
1295878730 -0.435729 -0.0571948 0 -0.00105344 0.000215905 0.00230014 0.052425
1295878732 -0.291092 0.0277296 0 -0.000531856 0.000167791 -0.00248601 0.0902596
1295878733 -0.322115 0.0436147 0 -0.000549165 -0.000734507 0.00058953 -0.0085514
1295878735 -0.612055 0.0699413 0 0.000349935 -0.000254411 0.000891394 -0.0158049
1295878736 -0.230131 0.0175901 0 -0.00350868 0.00104654 0.000257672 -0.0061496
1295878738 -0.000137921 1.12639e-05 0 5.74075e-05 -0.000417049 -4.43692e-06 0.000181471
1295878740 -2.29656e-07 -2.29656e-07 0 7.56779e-05 -0.000322668 2.64418e-06 -2.30077e-06
1295878741 -0.00716603 0.000597225 0 0.00434058 -8.11835e-05 1.40353e-05 1.85749e-05
1295878742 -0.413716 0.0288528 0 -0.000689831 0.00126687 0.000413863 -0.0116
1295878743 -0.191306 0.00129766 0 -0.00358341 0.000780363 0.000147728 -0.00602476
1295878744 0.000583786 4.19939e-06 0 0.000394619 0.000165921 -1.15101e-05 0.000487506
1295878746 0.000326398 1.96824e-06 0 2.48983e-05 0.000286344 -3.79559e-06 5.65418e-05
1295878747 -0.280474 -0.177277 0 0.00348303 0.00124869 0.00016664 -0.0425949
1295878748 -0.509558 -0.296217 0 0.000630565 -0.00205404 0.000167949 0.0151991
1295878749 -0.574849 -0.0104821 0 -0.00135506 0.000911481 -7.26921e-05 -0.00924661
1295878751 -0.987915 -0.0519523 0 -7.65826e-05 0.000263321 -0.000682634 -0.0271794
1295878753 -1.06383 -0.228517 0 0.0028515 -0.000100828 -0.0110652 -0.114655
1295878754 -0.502341 -0.157804 0 -0.00120709 -0.00169946 0.00415671 0.0296307
1295878755 -0.53895 -0.056182 0 -0.00266634 -0.00135648 0.00725547 0.152588
1295878757 -0.549762 0.113812 0 0.000560953 0.000303427 -0.0162935 0.153096
1295878758 -0.446577 0.276164 0 -0.000307238 -0.00155138 -0.0507448 0.179018
1295878759 -0.392858 0.357261 0 -0.00108002 0.00218194 0.00164071 -0.00431325
1295878760 -0.364902 0.40201 0 -0.000228605 -0.000239272 -0.0504947 0.111287
1295878761 -0.259756 0.489951 0 0.000560625 -0.000871443 -0.0485074 0.0819152
1295878762 -0.160278 0.51349 0 0.000748278 -0.000605367 -0.052511 0.0724701
1295878763 -0.141276 0.575958 0 0.000663582 0.001223 0.011066 -0.0141828
1295878764 -0.132859 0.474817 0 -0.000516791 0.00252316 -0.010644 0.0136095
1295878765 -0.0755555 0.547877 0 0.0011211 -0.00112711 -0.0341424 0.0407409
1295878766 -0.076846 0.554259 0 -0.000782887 -0.00125938 0.0037981 -0.00430654
1295878768 -0.09802 1.07255 0 0.00157252 0.00103766 -0.0111039 0.0124777
1295878769 -0.060845 0.487042 0 0.000965312 0.00128977 0.0141217 -0.0159671
1295878770 -0.0905682 0.599644 0 0.00206278 -0.000476033 0.00899144 -0.0105204
1295878771 -0.102656 0.524139 0 0.000840291 0.000987072 0.0161714 -0.0197161
1295878772 -0.082485 0.555841 0 0.00047566 -0.000194175 -0.0980194 0.105887
1295878774 0.0635373 1.06469 0 -0.000203849 0.000543116 0.013289 -0.0126603
1295878776 0.279925 1.02764 0 -0.00225034 -0.00073942 -0.304179 0.202123
1295878777 0.447393 0.273404 0 -0.00234415 -0.00147501 -0.233008 0.0673281
1295878778 0.533813 0.12769 0 0.000403411 0.000307957 -0.061124 0.00791754
1295878779 0.539875 0.039506 0 -0.000385532 -0.00300174 -0.122541 0.00451448
1295878780 0.546069 -0.0466401 0 -6.66909e-05 0.0015342 -0.0180189 -0.000616224
1295878781 0.531032 -0.0393948 0 -0.000954065 -0.00274487 0.00946013 0.000371511
1295878782 0.553223 -0.023635 0 0.00242145 0.00153565 0.0235671 0.000501895
1295878783 0.514039 -0.000734514 0 0.000368092 -0.000124345 0.0147129 3.4628e-05
1295878784 0.571261 -0.0143958 0 -6.77123e-05 0.000101892 -0.06336 -0.00168969
1295878785 0.512631 -0.138331 0 -0.000457147 -0.000618843 -0.156117 -0.0215569
1295878786 0.44202 -0.313518 0 -0.000191008 -0.000434195 -0.193071 -0.0635342
1295878787 0.260019 -0.493093 0 -0.000590365 -0.000759027 -0.215549 -0.131022
1295878788 0.00912978 -0.506718 0 -0.000411871 -0.00102128 -0.151751 -0.149976
1295878790 -0.134219 -0.636426 0 0.000158323 -8.39406e-05 0.000825512 0.00101102
1295878792 -0.292569 -0.934243 0 0.00112622 -0.000828646 -0.0555834 -0.0747938
1295878793 -0.216593 -0.561982 0 0.000307499 -8.55552e-05 0.0108754 0.0158263
1295878795 -0.322899 -0.973445 0 0.00205697 0.00035549 0.018319 0.0252639
1295878796 -0.14238 -0.591317 0 -0.00155586 -0.000327206 0.0501266 0.0616599
1295878798 0.12709 -1.0083 0 0.00460763 -0.00131294 0.165434 0.149993
1295878798 0.00501831 -0.0150648 0 3.05298e-08 0.000290238 0.00218686 0.00157207
1295878800 0.382801 -0.662433 0 0.00208239 -0.000897513 0.124855 0.076315
1295878802 0.584797 -0.761374 0 0.00155647 0.00169695 0.0311205 0.015332
1295878803 0.325596 -0.333788 0 -0.00133418 -0.00350678 -0.0219946 -0.0106967
1295878805 0.219174 -1.00455 0 -0.000871815 0.00272769 -0.408316 -0.378331
1295878807 -0.695057 -0.81115 0 -0.00903998 -0.00405842 1.85663 -0.49026
1295878809 -1.12265 -0.0224771 0 -0.000713005 0.00101636 -0.0130842 0.138071
1295878810 -0.550845 0.0257897 0 0.000834454 0.00160391 0.00117111 -0.00721407
1295878811 -0.551879 0.0792427 0 0.000383294 -0.000385212 0.00690268 -0.0528175
1295878812 -0.530506 0.0394538 0 -0.000100153 0.00134234 0.00498226 -0.076659
1295878813 -0.549233 0.0167638 0 -0.00153259 0.00136651 0.000257255 -0.0131899
1295878814 -0.576268 0.0760266 0 0.000647211 8.44804e-05 -0.0130747 0.148451
1295878816 -0.748184 0.671467 0 -0.000735397 -0.0017396 -0.153694 0.391328
1295878818 -0.301577 1.03486 0 0.00200693 0.00083816 -0.0276044 0.0394939
1295878819 -0.169925 0.523639 0 0.000485748 0.00265019 0.00773932 -0.0106749
1295878820 -0.149231 0.517467 0 8.81922e-05 0.00164986 -0.0300223 0.0398137
1295878821 -0.125154 0.536262 0 0.000675605 -0.000869985 -0.0223924 0.0272192
1295878822 -0.0176518 0.527637 0 0.00151797 -0.000361236 -0.0531682 0.0576064
1295878823 -0.00950943 0.550361 0 0.000119108 -0.000119138 0.0110496 -0.0112435
1295878825 -0.06292 1.08385 0 -0.00141727 0.00335637 -0.0001999 0.000183272
1295878826 0.0205062 0.54862 0 0.00229315 -0.000457419 -0.0317355 0.0313584
1295878827 0.0220375 0.548075 0 0.00128024 -0.000553787 0.0138726 -0.0133647
1295878829 -0.0314742 1.06386 0 0.00213663 0.00300636 0.0288953 -0.0296226
1295878830 0.0198976 0.550233 0 -0.00243315 0.000259525 -0.0926112 0.087012
1295878831 0.187575 0.51337 0 -0.00105362 -0.00154622 -0.13853 0.0960576
1295878832 0.3485 0.420252 0 -0.00175661 -0.00030676 -0.154409 0.0720396
1295878833 0.471248 0.278561 0 -0.00118428 -0.0016614 -0.163238 0.0445727
1295878835 1.0168 0.317011 0 0.00139579 -0.00178518 -0.131575 0.015274
1295878836 0.548363 -0.026743 0 -0.000647852 0.00125953 -0.148338 -0.0037195
1295878837 0.518031 -0.121615 0 -0.000849639 -0.00222595 0.0018022 0.000186237
1295878838 0.303337 -0.0563152 0 0.00112492 6.90998e-05 0.0122586 0.00112281
1295878840 0.672125 -0.0977996 0 0.00058921 0.00147463 0.0157084 0.00121097
1295878841 0.488214 -0.209712 0 -0.00154907 -0.00108583 -0.291778 -0.065076
1295878842 0.254783 -0.462739 0 0.000351837 -6.77667e-05 -0.291774 -0.17508
1295878843 -0.0519185 -0.515112 0 -0.00157418 0.00016598 -0.142187 -0.150961
1295878844 -0.0301722 -0.53536 0 0.00328355 -0.00188824 0.163282 0.168649
1295878846 0.0970854 -1.07904 0 -0.000270171 -0.00149534 -0.0542766 -0.0476028
1295878847 -0.070412 -0.611562 0 -0.000190233 0.00175796 -0.138249 -0.161425
1295878849 -0.34014 -0.927277 0 -0.000112244 1.81519e-05 0.0117373 0.0167235
1295878850 -0.133403 -0.584448 0 0.00173006 -0.00121847 0.068507 0.0852543
1295878852 0.172383 -1.01447 0 0.00281572 -0.00164419 0.189433 0.163991
1295878853 0.183789 -0.528045 0 0.000634953 0.000737803 -0.00355351 -0.00238349
1295878855 0.538529 -0.914121 0 -0.00043992 -0.00060267 0.0655662 0.0405358
1295878857 0.123519 -1.04033 0 -0.000636946 0.00226026 -0.318373 -0.28522
1295878858 -0.400922 -0.654315 0 -0.00864096 -0.00315947 1.73828 -0.959386
1295878860 -1.29381 -0.394867 0 0.0016494 -0.000147535 0.0720919 0.338467
1295878861 -0.717325 -0.0630498 0 -0.000221216 0.00109398 -0.000686325 -0.0156887
1295878863 -1.42367 -0.0915058 0 -0.00113769 0.00207308 -0.00122334 0.123033
1295878864 -0.708547 0.225471 0 0.00151633 -0.00196804 -0.03071 0.184377
1295878865 -0.495575 0.456672 0 -0.000208486 0.000863154 -0.0935198 0.231549
1295878866 -0.143153 0.360321 0 0.00152978 -0.00106197 -0.0954915 0.141272
1295878867 -0.127307 0.621616 0 5.34509e-05 0.00183407 0.00148675 -0.00184345
1295878868 -0.122478 0.535635 0 0.000717022 0.000507198 -0.0112292 0.0137091
1295878869 0.0870523 0.614625 0 -0.000505022 -0.00161433 -0.273139 0.228509
1295878870 0.423677 0.339208 0 -0.00141363 0.000823238 -0.355988 0.121326
1295878871 0.53638 0.137934 0 0.00193649 -0.00148138 -0.0144546 0.00192051
1295878873 1.04832 0.241196 0 0.00148593 0.00455426 -0.116844 0.00773149
1295878875 1.42714 -0.118934 0 0.000824848 -0.00268006 -0.0473686 -0.000760228
1295878877 0.98292 -0.54265 0 -4.50406e-07 -0.000557804 -0.254787 -0.0435875
1295878879 1.00836 -0.770385 0 -0.00169243 -0.000921597 -0.192246 -0.0821315
1295878881 0.807042 -1.25038 0 0.00507038 0.00387087 0.025677 0.0137997
1295878883 0.413442 -0.449176 0 -0.000226809 -0.00210784 0.160389 0.0663903
1295878884 0.481887 -0.293276 0 0.00343942 0.00297323 0.0915619 0.0241424
1295878886 -2.51398e-06 1.10189e-06 0 0.000266226 -0.000415067 2.30098e-06 -3.3937e-07
1295878888 0.0106039 -0.0165233 0 -0.00112979 -0.00137109 -0.00199204 -0.000413918
1295878889 0.0130931 -0.178506 0 0.000798545 4.85781e-05 -0.0455734 -0.0109795
1295878891 0.0481807 -0.041456 0 0.000215074 0.000321956 -0.0431249 -0.0125046
1295878892 0.099953 -0.056447 0 -0.000381737 -0.002315 0.0888185 0.0235074
1295878893 0.153302 -0.128925 0 0.00133716 0.00166111 -0.0976598 -0.0263403
1295878894 0.0766705 -0.0695261 0 -0.000704634 -0.00241762 0.0894742 0.0245307
1295878895 0.116068 -0.049074 0 -9.47065e-05 0.000541871 0.0522841 0.0102969
1295878896 0.117208 -0.0381609 0 0.000585513 0.000153563 0.0338246 0.00512985
1295878897 0.136715 -0.0365228 0 -0.000821779 -0.000419407 0.0132231 0.00169516
1295878899 0.374624 -0.086122 0 0.00016473 0.000469274 0.0147002 0.00166428
1295878900 0.219251 -0.0478693 0 -0.00117022 -0.000240523 0.00762606 0.000787921
1295878901 0.405959 -0.0959243 0 0.00111793 0.00127354 -0.0213898 -0.0023416
1295878902 0.289655 -0.070171 0 -7.03359e-05 -0.000390782 -0.00183635 -0.000220694
1295878903 0.385402 -0.0930499 0 0.00065067 8.32077e-05 0.00606408 0.000713156
1295878904 0.356704 -0.082327 0 0.00121123 -0.000565541 -0.00893056 -0.00108493
1295878905 0.328303 -0.11233 0 -0.00232021 0.000102847 -0.0680648 -0.010857
1295878906 0.349437 -0.162779 0 0.00138778 0.00157692 -0.0546205 -0.0122861
1295878907 0.39827 -0.280898 0 -0.00270634 -0.00182798 -0.0790639 -0.0235873
1295878908 0.399897 -0.301914 0 0.00102802 0.00207306 0.019073 0.00633971
1295878909 0.437282 -0.306345 0 0.00111208 -0.000600081 0.0170379 0.00530779
1295878910 0.264718 -0.132433 0 -0.000555499 0.0044676 0.263266 0.0424255
1295878911 -0.273169 -0.107627 0 0.000639474 -0.0041854 0.00436488 0.000116306
1295878913 0.00267468 0.00100483 0 -0.000565351 -0.000459603 -0.00110518 -1.84355e-05
1295878914 0.000657216 0.000245249 0 -0.000218558 0.00018851 -0.000485462 -9.58536e-06
1295878915 0.000224783 8.37291e-05 0 -0.000412572 8.08492e-05 0.000134856 6.5467e-06
1295878916 -8.37275e-08 -8.37276e-08 0 -0.000384196 0.000166714 -4.79978e-07 2.81319e-06
1295878917 1.07884e-06 3.51571e-07 0 -7.87373e-05 0.000297883 -2.55842e-06 -1.1529e-07
1295878918 4.01673e-06 1.47018e-06 0 -0.000274203 -0.000229282 6.2873e-06 2.83357e-06
1295878919 5.56657e-07 1.95929e-07 0 4.27774e-05 -7.83355e-05 1.51301e-06 -1.24092e-07
1295878920 -5.48869e-08 -5.48869e-08 0 -0.000295683 0.000293085 -1.44789e-06 1.54124e-06
1295878921 -8.03736e-09 -8.03736e-09 0 0.000263323 0.000340587 -3.25065e-06 -2.96258e-06
1295878922 5.33497e-07 1.71292e-07 0 -0.000191952 0.000203832 -1.90035e-07 8.70428e-07
1295878923 6.92603e-06 2.56837e-06 0 0.000358143 -4.76958e-06 3.53686e-06 -2.66297e-06
1295878924 0.000275176 0.000102466 0 0.000505851 0.000328721 -6.99548e-05 -6.77414e-06
1295878925 2.85181e-06 1.03071e-06 0 -0.000276659 0.00058483 2.53088e-05 7.63413e-07
1295878926 -2.73636e-08 -2.73637e-08 0 0.000771021 0.000215755 -5.00463e-06 -7.53247e-06
1295878927 5.25045e-07 1.59263e-07 0 -0.000139358 -3.53602e-05 6.89548e-07 1.38913e-06
1295878928 -5.53376e-08 -5.53377e-08 0 0.000255207 0.000740123 -7.51279e-06 -5.72986e-06
1295878929 -2.36003e-08 -2.36004e-08 0 -0.000242729 -8.90935e-05 1.96669e-06 2.62594e-06
1295878930 -4.83283e-08 -4.83284e-08 0 -0.000237978 -6.64906e-05 1.71479e-06 2.40763e-06
1295878931 -4.27687e-08 -4.27687e-08 0 -8.59537e-05 -1.76989e-05 5.60191e-07 8.23898e-07
