1295878709 -0.818455 -0.0328967 -0.573627 8.02412e-05 -0.00055158 -0.000233767 1
1295878711 -0.242012 -0.610609 0.00426651 8.02412e-05 -0.00055158 -0.000233767 1
1295878712 0.593331 -0.413247 -0.508813 0.00476488 -0.128673 -0.00153817 0.991674
1295878714 -0.36406 -0.29038 -0.247455 -0.0313178 0.150527 -0.0545836 0.986601
1295878716 -0.879198 0.0192358 -1.04669 -0.0032826 0.35506 0.573637 0.738148
1295878718 -1.38025 -0.770502 -1.40061 0.107094 0.487064 0.561321 0.660469
1295878720 -2.06042 -1.43366 -1.71299 0.150405 0.539902 0.547184 0.62167
1295878722 -2.84945 -1.95249 -2.04201 0.166198 0.566151 0.54029 0.599948
1295878724 -3.75685 -2.26071 -2.32772 0.181838 0.566331 0.537993 0.5973
1295878725 -4.40804 -3.01871 -2.29049 0.201561 0.576703 0.531906 0.586398
1295878727 -4.87419 -2.67518 -1.47521 0.202497 0.576348 0.532003 0.586337
1295878728 -5.56576 -2.42232 -2.15181 0.190234 0.572277 0.516312 0.608055
1295878730 -6.46025 -2.64503 -2.53949 0.197129 0.578392 0.510922 0.604617
1295878732 -7.33826 -3.02361 -2.83237 0.173579 0.557091 0.514553 0.628296
1295878733 -8.25583 -2.65949 -2.99201 0.133231 0.485296 0.535259 0.678406
1295878735 -9.11514 -2.73171 -3.49833 0.136442 0.487986 0.536482 0.674864
1295878736 -9.93202 -3.08842 -3.95161 0.143264 0.498493 0.535407 0.666573
1295878738 -10.8101 -3.25772 -4.39909 0.149702 0.497634 0.537489 0.66412
1295878740 -11.496 -3.96128 -4.21303 0.149896 0.497979 0.537717 0.663633
1295878741 -11.4901 -4.88894 -3.83966 0.150132 0.49823 0.537407 0.663642
1295878742 -12.4064 -4.53688 -4.03076 0.147595 0.501175 0.533883 0.664837
1295878743 -13.179 -5.00356 -4.46126 0.153062 0.510673 0.529908 0.659532
1295878744 -13.994 -5.38758 -4.89523 0.160177 0.511921 0.530852 0.656107
1295878746 -13.6549 -4.50014 -5.20744 0.160109 0.512459 0.53079 0.655754
1295878747 -13.5761 -3.59735 -5.63023 0.158946 0.511605 0.531565 0.656076
1295878748 -14.4224 -3.40104 -6.12534 0.184179 0.544453 0.517538 0.63388
1295878749 -15.1401 -3.60373 -6.79159 0.170122 0.544203 0.514527 0.64044
1295878751 -16.0008 -3.82145 -7.25169 0.171491 0.545206 0.51244 0.640895
1295878753 -16.9151 -3.99614 -7.61731 0.172411 0.551029 0.514411 0.634053
1295878754 -17.7958 -4.46069 -7.70921 0.239932 0.615913 0.494585 0.564332
1295878755 -18.737 -4.76409 -7.85779 0.220863 0.597556 0.504432 0.582834
1295878757 -19.4815 -5.2072 -8.35722 0.134903 0.528614 0.504115 0.669505
1295878758 -20.1673 -5.32752 -9.07499 0.0399421 0.419896 0.502188 0.754916
1295878759 -19.5842 -4.51539 -9.09451 -0.441623 -0.250378 0.3741 0.776099
1295878760 -18.6224 -4.24685 -9.03987 -0.527208 -0.337323 0.321443 0.710591
1295878761 -19.2576 -3.48186 -9.14666 -0.550104 -0.399793 0.259218 0.685826
1295878762 -18.5703 -4.20736 -9.11011 -0.571605 -0.44741 0.218468 0.6522
1295878763 -17.8485 -4.84233 -8.83491 -0.593487 -0.497958 0.177592 0.606854
1295878764 -17.0757 -5.26811 -8.36429 -0.597214 -0.498101 0.185616 0.600647
1295878765 -16.2264 -5.75513 -8.1605 -0.605212 -0.498912 0.169993 0.596579
1295878766 -15.4787 -6.39877 -7.99719 -0.613381 -0.522045 0.143942 0.574903
1295878768 -14.8166 -7.07839 -7.68136 -0.611354 -0.519117 0.156155 0.576523
1295878769 -14.086 -7.72686 -7.46736 -0.607038 -0.530487 0.152438 0.571709
1295878770 -13.4699 -8.20388 -6.84061 -0.613585 -0.527637 0.171671 0.56182
1295878771 -12.7135 -8.77637 -6.52422 -0.614998 -0.516435 0.183243 0.567005
1295878772 -12.1135 -9.50309 -6.18971 -0.611307 -0.495191 0.20485 0.582346
1295878774 -11.1224 -9.41786 -6.08782 -0.618536 -0.58885 0.100605 0.510438
1295878776 -10.3158 -9.9958 -5.96381 -0.579197 -0.592494 0.105247 0.549914
1295878777 -10.9753 -9.60703 -6.60712 -0.605162 -0.345878 -0.220478 0.682302
1295878778 -11.0444 -10.5424 -6.26031 -0.563733 -0.501359 -0.336717 0.563441
1295878779 -10.9208 -11.5305 -6.16881 -0.545803 -0.531545 -0.366535 0.534051
1295878780 -10.2074 -12.1664 -5.87432 0.486032 0.579219 0.450746 -0.474454
1295878781 -10.2915 -13.1471 -5.69754 0.479469 0.592403 0.455614 -0.459983
1295878782 -10.1183 -14.1116 -5.498 0.482014 0.589351 0.453712 -0.463112
1295878783 -10.0127 -15.1045 -5.4446 0.492483 0.577366 0.442905 -0.477434
1295878784 -9.94715 -16.0936 -5.3126 0.496423 0.574629 0.432828 -0.485825
1295878785 -9.57629 -17.01 -5.16189 0.460078 0.594481 0.467347 -0.465304
1295878786 -9.88215 -17.6102 -4.42285 0.355633 0.701026 0.533887 -0.311534
1295878787 -9.60996 -18.5404 -4.17642 0.236419 0.74282 0.589883 -0.210625
1295878788 -9.66212 -19.4996 -3.89851 0.101601 0.771177 0.626794 -0.0457419
1295878789 -10.554 -19.9044 -3.69691 -0.0683559 0.759442 0.627465 0.15768
1295878792 -10.5891 -20.8856 -3.50706 -0.0688112 0.760127 0.626881 0.156497
1295878793 -11.0083 -21.7537 -3.77278 -0.136487 0.753336 0.596584 0.240715
1295878795 -11.069 -22.656 -3.34596 -0.126677 0.755189 0.603217 0.223096
1295878796 -11.1316 -23.6223 -3.09609 -0.102562 0.762811 0.607785 0.195443
1295878798 -11.234 -24.4926 -2.61432 -0.0652933 0.769007 0.61805 0.149596
1295878798 -10.9769 -25.4494 -2.47849 0.0689975 0.788388 0.610118 -0.0379426
1295878800 -11.063 -26.3625 -2.08 0.0844316 0.78593 0.609729 -0.0584476
1295878802 -11.0498 -27.3624 -2.08662 0.155587 0.781178 0.586998 -0.14487
1295878803 -11.1715 -28.3548 -2.07015 0.164434 0.795698 0.561172 -0.157834
1295878805 -11.2683 -29.2635 -1.66396 0.151104 0.803458 0.560231 -0.133283
1295878807 -11.5125 -28.4435 -2.18173 -0.130993 0.764101 0.603235 0.187344
1295878809 -11.0688 -27.5501 -2.25229 0.286218 -0.358291 0.758375 -0.463221
1295878810 -11.9607 -27.5771 -2.70364 -0.173503 0.281426 -0.793495 0.510942
1295878811 -12.4902 -27.5777 -3.552 -0.176558 0.288998 -0.792067 0.507876
1295878812 -13.3557 -27.2816 -3.95593 0.225994 -0.293268 0.788349 -0.491351
1295878813 -13.9419 -27.0758 -4.73949 0.278855 -0.328778 0.767661 -0.474175
1295878814 -14.7354 -26.7744 -5.26825 0.28904 -0.325014 0.76676 -0.472124
1295878816 -15.667 -26.7284 -5.62875 -0.18982 0.23207 -0.803004 0.51507
1295878818 -15.2032 -27.2075 -4.88356 0.797686 -0.110601 -0.416531 0.42186
1295878819 -15.0796 -26.3881 -5.44339 0.76629 -0.158176 -0.357026 0.510208
1295878820 -14.4517 -25.6548 -5.18271 0.758896 -0.154757 -0.373203 0.510731
1295878821 -13.8704 -24.8435 -5.12063 0.769715 -0.176579 -0.341723 0.509494
1295878822 -13.2477 -24.0612 -5.10335 0.774388 -0.190999 -0.322328 0.509851
1295878823 -12.5671 -23.395 -4.79845 0.79597 -0.231172 -0.265691 0.492341
1295878825 -11.9101 -22.7631 -4.38736 0.790753 -0.228826 -0.277214 0.49548
1295878826 -11.2104 -22.2356 -3.90547 0.806241 -0.219718 -0.2656 0.480787
1295878827 -10.2348 -22.0241 -3.96413 0.819893 -0.266132 -0.176208 0.47529
1295878829 -9.49067 -21.3651 -3.85443 0.807146 -0.273222 -0.163592 0.497095
1295878830 -9.37914 -20.4598 -3.44466 0.795946 -0.229581 -0.22614 0.512468
1295878831 -9.48438 -19.5807 -2.97963 0.818731 -0.223483 -0.184286 0.495756
1295878832 -9.1009 -18.9639 -2.29229 0.854259 -0.276858 -0.05997 0.435884
1295878833 -8.65925 -18.317 -1.67063 0.857554 -0.331792 0.0808835 0.384673
1295878835 -8.71552 -17.5796 -0.997533 0.84001 -0.380216 0.205587 0.327953
1295878836 -8.34285 -17.2089 -0.146837 0.791836 -0.419814 0.355477 0.265308
1295878837 -8.49927 -16.4845 0.524558 0.735854 -0.448491 0.462395 0.208723
1295878838 -8.981 -15.6761 0.862997 0.737315 -0.445556 0.46094 0.213027
1295878840 -9.34983 -14.9314 0.30679 0.75322 -0.436928 0.435316 0.228589
1295878841 -9.79295 -14.0835 0.597713 0.763915 -0.42789 0.415725 0.246002
1295878842 -9.73505 -13.7611 1.54255 0.598261 -0.469018 0.641112 0.105271
1295878843 -10.3869 -13.0367 1.76705 0.379487 -0.482352 0.788706 -0.0356117
1295878844 -11.2851 -13.0439 2.20658 0.162044 -0.454245 0.861917 -0.156533
1295878846 -10.6891 -12.4397 1.67772 0.349981 -0.478481 0.804172 -0.0433263
1295878847 -11.3668 -11.7632 1.38949 0.290184 -0.472904 0.827958 -0.0814855
1295878849 -12.2426 -11.319 1.57814 0.117371 -0.429721 0.877872 -0.175799
1295878850 -12.5604 -10.5997 0.960342 0.111376 -0.428621 0.878187 -0.180742
1295878852 -12.8463 -9.8762 0.332023 0.188819 -0.44411 0.864001 -0.143581
1295878853 -12.6009 -9.1167 -0.270444 0.413642 -0.469362 0.779893 -0.0191273
1295878855 -13.1164 -8.29798 -0.523441 0.406265 -0.466626 0.785281 -0.0232997
1295878857 -13.6934 -7.50775 -0.729652 0.473307 -0.456846 0.75311 0.00983819
1295878858 -14.6638 -7.26625 -0.717972 -0.227507 -0.5363 -0.0785154 0.808986
1295878860 -13.8193 -7.05176 -0.227145 -0.134403 -0.766753 -0.182571 0.600577
1295878861 -13.7201 -6.88357 0.7536 -0.00895735 0.950386 0.278412 -0.138463
1295878863 -13.3846 -7.52638 1.44225 -0.00409256 0.950689 0.268108 -0.155857
1295878864 -13.3206 -8.03936 2.29827 -0.0358483 0.963734 0.262935 -0.0282461
1295878865 -13.6654 -8.63495 3.02379 -0.0864145 0.952461 0.226631 0.184362
1295878866 -13.7744 -8.22856 2.11661 -0.402783 0.222024 -0.16011 0.873405
1295878867 -14.3514 -8.96416 1.76166 -0.383799 0.0831037 -0.22103 0.892714
1295878868 -14.8442 -9.59582 1.16321 -0.379592 0.0881179 -0.215501 0.895379
1295878869 -15.1573 -10.3079 0.534798 -0.382493 0.0697813 -0.220972 0.894428
1295878870 -15.2831 -11.1253 -0.0273442 -0.306059 -0.215033 -0.339013 0.863226
1295878871 -14.9097 -10.538 0.69078 -0.223183 -0.465395 -0.418528 0.747282
1295878873 -14.3543 -11.2101 0.201113 -0.21975 -0.473469 -0.422447 0.740996
1295878875 -14.1983 -12.1976 0.225246 -0.183079 -0.593907 -0.423903 0.658834
1295878877 -13.5904 -12.9433 -0.0474468 -0.169738 -0.625832 -0.42848 0.629228
1295878879 -12.8291 -13.5019 -0.376531 0.0528971 0.735217 0.459032 -0.495931
1295878881 -12.2436 -14.2961 -0.213761 -0.0262917 0.813128 0.454609 -0.362578
1295878882 -11.4728 -14.7743 0.207182 -0.00309608 0.782838 0.493464 -0.37901
1295878884 -10.853 -15.2652 0.819462 0.0276799 0.709774 0.520693 -0.473639
1295878886 -11.0502 -15.8712 0.0488273 -0.178626 -0.755494 -0.292372 0.558427
1295878888 -10.2735 -15.4145 0.482602 -0.179134 -0.755429 -0.293225 0.557904
1295878889 -10.5651 -14.5243 0.132552 -0.185389 -0.760292 -0.282376 0.554843
1295878891 -9.85173 -15.0041 -0.37818 -0.16799 -0.783333 -0.292628 0.522052
1295878892 -9.04418 -15.5865 -0.285034 0.154917 0.804657 0.300043 -0.488367
1295878893 -8.11764 -15.6634 -0.653299 -0.184428 -0.758004 -0.285233 0.556829
1295878894 -7.34779 -16.3009 -0.684475 0.159327 0.804318 0.301483 -0.486616
1295878895 -8.24302 -15.8568 -0.647286 -0.188025 -0.760466 -0.28574 0.551989
1295878896 -7.4009 -16.3258 -0.913576 -0.201653 -0.73153 -0.276499 0.589702
1295878897 -6.56554 -16.8672 -0.818348 -0.210947 -0.710793 -0.268134 0.615125
1295878899 -5.77664 -17.4743 -0.723546 -0.213213 -0.703527 -0.26631 0.623434
1295878900 -4.96682 -18.061 -0.716664 -0.216078 -0.693589 -0.263565 0.634648
1295878901 -4.22027 -18.7263 -0.721252 -0.218161 -0.689623 -0.259645 0.639852
1295878902 -3.45255 -19.3656 -0.76514 -0.214129 -0.698766 -0.264014 0.629421
1295878903 -2.66219 -19.9765 -0.810387 -0.213434 -0.701188 -0.264247 0.626861
1295878904 -1.85587 -20.5673 -0.83931 -0.214074 -0.696722 -0.265155 0.631224
1295878905 -1.03971 -21.143 -0.789946 -0.210911 -0.701931 -0.270292 0.624301
1295878906 -0.228518 -21.7073 -0.943358 -0.192956 -0.735323 -0.282343 0.585108
1295878907 0.52078 -22.369 -0.971327 -0.183201 -0.75764 -0.290934 0.554776
1295878908 1.24742 -23.0533 -1.03164 -0.169929 -0.794081 -0.298959 0.501182
1295878909 1.9912 -23.6988 -0.858017 -0.178241 -0.78082 -0.297253 0.519799
1295878910 2.77153 -24.3111 -0.730742 -0.18325 -0.770589 -0.296147 0.533769
1295878911 3.1966 -24.4979 -1.61641 -0.250447 -0.595044 -0.229733 0.728301
1295878913 2.43955 -23.8734 -1.80838 -0.262006 -0.5915 -0.22101 0.729818
1295878914 2.23728 -23.6514 -0.854557 -0.261526 -0.591732 -0.220454 0.729971
1295878915 2.53246 -23.7086 0.0991681 -0.261112 -0.59285 -0.220803 0.729106
1295878916 2.77809 -23.867 1.0555 -0.261478 -0.591107 -0.220061 0.730612
1295878917 3.06793 -23.9343 2.01021 -0.261349 -0.591239 -0.220061 0.730552
1295878918 3.45109 -24.3195 2.84972 -0.261554 -0.591296 -0.220701 0.730239
1295878919 2.96984 -23.694 3.46388 -0.261279 -0.591666 -0.220672 0.730047
1295878920 3.1673 -23.6945 4.44419 -0.26096 -0.592904 -0.221244 0.728982
1295878921 3.09955 -23.7351 3.44731 -0.26052 -0.59337 -0.221389 0.728717
1295878922 3.34293 -23.9681 2.50579 -0.259815 -0.594433 -0.221131 0.728181
1295878923 3.75184 -24.5302 1.78687 -0.260217 -0.594197 -0.221417 0.728143
1295878924 3.6127 -24.4168 0.803116 -0.260259 -0.59406 -0.221337 0.728264
1295878925 3.38581 -24.0983 1.72349 -0.260273 -0.59362 -0.220772 0.728789
1295878926 3.22157 -24.0711 0.737442 -0.261569 -0.590068 -0.219995 0.73144
1295878927 3.49707 -24.4712 -0.136656 -0.261669 -0.589515 -0.219692 0.73194
1295878928 3.7151 -24.4577 0.839193 -0.262545 -0.588399 -0.219841 0.73248
1295878929 4.38557 -24.7487 1.52167 -0.261799 -0.591015 -0.221541 0.730125
1295878930 5.00156 -25.1725 0.857637 -0.261117 -0.591322 -0.220928 0.730306
1295878931 5.63913 -25.6595 0.260664 -0.260861 -0.591352 -0.220839 0.7304
