1295965766 0 0 0 0 0 0 0
1295965767 0 0 0 0 0 0 0
1295965767 0 0 0 0 0 0 0
1295965768 0 0 0 0 0 0 0
1295965769 0 0 0 0 0 0 0
1295965770 0 0 0 0 0 0 0
1295965770 0 0 0 0 0 0 0
1295965771 0 0 0 0 0 0 0
1295965772 0 0 0 0 0 0 0
1295965773 -0.000586094 0.00127192 0 0 0 0.0638129 -0.00199191
1295965774 0.00118911 -0.00920516 0 0 0 0.394035 -0.108605
1295965774 0.00704556 -0.00432748 0 0 0 0.237903 -0.17042
1295965776 -0.0649016 0.151521 0 0 0 0.145553 -0.177296
1295965777 -0.283265 0.401682 0 0 0 0.0681108 -0.124218
1295965779 -0.258539 0.281621 0 0 0 0.00182514 -0.00399584
1295965780 -0.294901 0.302754 0 0 0 0.00270385 -0.00600667
1295965781 -0.58441 0.385473 0 0 0 0.0684038 -0.216642
1295965783 -0.424115 0.0772315 0 0 0 0.00217633 -0.0115578
1295965784 0.00192914 -0.000108668 0 0 0 4.36822e-05 -0.000239892
1295965785 0 0 0 0 0 0 0
1295965787 0 0 0 0 0 0 0
1295965788 6.09435e-07 -3.31711e-08 0 0 0 1.74951e-07 -9.61454e-07
1295965789 0 0 0 0 0 0 0
1295965790 0 0 0 0 0 0 0
1295965790 0 0 0 0 0 0 0
1295965792 -0.0979434 0.0179661 0 0 0 2.06967e-05 -0.000113778
1295965794 -0.599768 0.148723 0 0 0 -0.00555627 0.02824
1295965794 -0.243808 0.0787767 0 0 0 -0.00025955 0.00122201
1295965796 -0.262568 0.132599 0 0 0 -0.000484284 0.00226028
1295965797 -0.237743 0.114903 0 0 0 -0.00372531 0.0166022
1295965799 -0.249659 0.147806 0 0 0 -0.0176913 0.0656469
1295965800 -0.239505 0.138463 0 0 0 0.0273648 -0.112047
1295965801 -0.361415 0.130794 0 0 0 0.00181296 -0.0101544
1295965801 -0.0407951 0.014358 0 0 0 -1.01414e-05 5.85353e-05
1295965803 -0.656654 0.208826 0 0 0 0.000623474 -0.00363788
1295965804 0.000390633 -0.000116096 0 0 0 -7.46762e-07 4.40601e-06
1295965805 0.000179814 -5.34334e-05 0 0 0 -1.14227e-06 6.73933e-06
1295965806 -0.127773 0.00404848 0 0 0 0.000390082 -0.00231795
1295965807 -0.344594 0.019088 0 0 0 -0.000305088 0.00181572
1295965808 -0.711602 0.277541 0 0 0 -0.0678652 0.229605
1295965810 -0.669044 0.523148 0 0 0 0.0127149 -0.0308711
1295965811 -0.680065 0.422935 0 0 0 0.0213399 -0.0599075
1295965811 -0.0155031 0.0079944 0 0 0 0.00137174 -0.00430994
1295965813 -0.9357 0.426802 0 0 0 0.0114022 -0.0388266
1295965814 -0.544032 0.243869 0 0 0 0.0001175 -0.000432658
1295965816 -0.754339 0.331736 0 0 0 -0.00409993 0.0146673
1295965817 -0.5275 0.357931 0 0 0 -0.0738017 0.184846
1295965819 -0.190917 0.61619 0 0 0 -0.273469 0.328132
1295965819 0.121133 0.510465 0 0 0 -0.027176 0.0203943
1295965821 0.240019 0.553963 0 0 0 -0.0957342 0.0613516
1295965822 0.231461 0.437749 0 0 0 0.00366584 -0.00207533
1295965823 0.348874 0.494238 0 0 0 -0.092551 0.046483
1295965823 0.0109273 0.0126057 0 0 0 1.96878e-05 -8.64234e-06
1295965825 0.694545 0.797918 0 0 0 0.00756522 -0.00335841
1295965825 0.259881 0.325079 0 0 0 0.00248498 -0.00111956
1295965826 0.0587093 0.0745337 0 0 0 0.0010075 -0.000456234
1295965828 0.750205 0.798457 0 0 0 -0.072787 0.0296188
1295965829 0.471818 0.392124 0 0 0 -0.000602794 0.00021788
1295965830 0.495643 0.41605 0 0 0 0.0018891 -0.000684279
1295965830 0.0704032 0.0589544 0 0 0 0.00057077 -0.000207592
1295965832 0.898325 0.755912 0 0 0 -0.0440019 0.014871
1295965834 0.657275 0.421436 0 0 0 -0.0666402 0.0183086
1295965835 0.778957 0.115681 0 0 0 -0.325501 0.0227184
1295965837 0.698561 -0.398915 0 0 0 -0.304839 -0.0785708
1295965838 0.381986 -0.409391 0 0 0 -0.00112273 -0.000489211
1295965839 0.538091 -0.573357 0 0 0 0.00364073 0.00158044
1295965840 0.015552 -0.0164562 0 0 0 2.08588e-05 9.00538e-06
1295965841 0.526124 -0.81485 0 0 0 -0.162588 -0.0888919
1295965842 0.20542 -0.497845 0 0 0 0.0045491 0.00304836
1295965844 0.122486 -0.609613 0 0 0 -0.192239 -0.16702
1295965845 -0.228056 -0.493331 0 0 0 -0.17478 -0.276656
1295965845 -0.375176 -0.23806 0 0 0 -0.0640855 -0.218913
1295965847 -0.572391 -0.184682 0 0 0 -0.00882362 -0.0632845
1295965848 -0.550981 -0.0103817 0 0 -0 -0.00155532 -0.19705
1295965849 -0.616578 0.0390461 0 0 0 -0.00411582 0.0932151
1295965850 -0.746253 -0.00856161 0 0 0 3.17623e-05 0.00582197
1295965852 -0.688427 -0.0360684 0 0 0 0.00366985 0.0776334
1295965853 -0.713347 -0.132224 0 0 0 0.000885855 0.00970979
1295965854 -0.695876 -0.160767 0 0 0 0.00664942 0.0538026
1295965855 -0.570759 -0.207098 0 0 0 0.00685534 0.0398643
1295965857 -0.592059 -0.297101 0 0 0 0.0308884 0.119765
1295965858 -0.148916 -0.109641 0 0 0 0.00164984 0.00503011
1295965859 -0.505841 -0.37979 0 0 0 0.00154835 0.00464073
1295965861 -0.653241 -0.445086 0 0 0 -0.0280473 -0.100438
1295965862 -0.555182 -0.113552 0 0 -0 -0.023453 -0.255295
1295965863 -0.682361 0.34174 0 0 0 0.0916554 -0.382779
1295965865 -0.251061 0.534893 0 0 0 0.143864 -0.225754
1295965866 0.0542563 0.727826 0 0 0 0.139653 -0.135853
1295965867 -0.0251183 0.578447 0 0 0 -0.19013 0.20083
1295965869 -0.267182 0.731981 0 0 0 -0.00641954 0.00911213
1295965869 -0.0096964 0.0262551 0 0 0 0.000289273 -0.00041528
1295965870 -0.0306577 0.941995 0 0 0 0.153863 -0.173685
1295965872 0.0980094 0.61415 0 0 0 0.146329 -0.108569
1295965872 0.00998824 0.0194666 0 0 0 0.0137976 -0.00825311
1295965874 0.768148 0.543241 0 0 0 0.330048 -0.122035
1295965875 0.620423 0.125716 0 0 0 0.0966679 -0.0124946
1295965876 0.447568 0.0465117 0 -0 0 0.107332 -0.00279936
1295965876 0.422135 -0.127492 0 0 0 0.246844 0.0380238
1295965878 0.547099 -0.46807 0 0 0 0.087404 0.0293691
1295965879 0.426055 -0.347959 0 0 0 -0.103839 -0.0339091
1295965880 0.758317 -0.230549 0 0 0 -0.176373 -0.0305254
1295965882 0.816569 -0.142259 0 0 0 0.0632495 0.00721576
1295965883 0.72473 -0.31401 0 0 0 0.0691062 0.0126152
1295965884 0.45034 -0.253999 0 0 0 0.0586234 0.0147143
1295965885 0.442045 -0.269902 0 0 0 -0.00180581 -0.000509904
1295965886 0.433019 -0.263702 0 0 0 -0.00401445 -0.00112047
1295965888 0.548046 -0.386581 0 0 0 0.0686052 0.02168
1295965889 0.613206 -0.499006 0 0 0 -0.000231954 -8.25571e-05
1295965890 0.500143 -0.402774 0 0 0 -0.00457691 -0.00161588
1295965891 0.28539 -0.309101 0 0 0 0.183406 0.08599
1295965892 0.124488 -0.51711 0 0 0 0.152641 0.112419
1295965893 0.0138692 -0.535522 0 0 0 0.102894 0.106783
1295965894 -0.158739 -0.434913 0 0 0 0.0755272 0.103947
1295965895 -0.362244 -0.504107 0 0 0 0.101346 0.211733
1295965896 -0.506746 -0.28574 0 0 0 0.0287861 0.101663
1295965898 -0.682947 -0.336272 0 0 0 -0.00832192 -0.0339268
1295965899 -0.420973 -0.289445 0 0 0 -0.0177711 -0.0597322
1295965900 -0.436273 -0.29565 0 0 0 0.0334741 0.12917
1295965901 -0.469884 -0.0506032 0 0 0 0.0131104 0.278208
1295965901 -0.450002 0.21457 0 0 0 -0.0603298 0.261144
1295965903 -0.466554 0.484621 0 0 0 -0.0189664 0.0465897
1295965904 -0.31971 0.431366 0 0 0 -0.0805473 0.148703
1295965905 -0.31529 0.776348 0 0 0 -0.00647363 0.00973315
1295965907 -0.296342 0.716735 0 0 0 0.00373587 -0.00558675
1295965908 -0.330061 0.776116 0 0 0 0.000782213 -0.00118011
1295965910 -0.200667 0.581991 0 0 0 -0.0608742 0.0824633
1295965911 -0.139401 0.581602 0 0 0 0.0276236 -0.0352431
1295965911 -0.033004 0.111907 0 0 0 0.000969269 -0.00129753
1295965913 -0.620273 0.97343 0 0 0 0.146189 -0.279016
1295965914 -0.380301 0.495162 0 0 0 -0.000618984 0.00183442
1295965916 -0.440629 0.199896 0 0 0 -0.00356728 0.0103514
1295965918 -0.452653 0.755151 0 0 0 -0.132835 0.254336
1295965919 0.0748388 0.764049 0 0 0 -0.326715 0.289698
1295965921 0.598101 0.527125 0 0 0 -0.266374 0.100993
1295965922 0.557096 0.252275 0 0 0 -0.00158638 0.00035251
1295965923 0.657228 0.297065 0 0 0 0.00493362 -0.00110519
1295965924 0.464593 0.223522 0 0 0 0.00327217 -0.000747472
1295965925 0.440956 0.201855 0 0 0 -0.058239 0.0115973
1295965926 0.607626 0.11036 0 0 0 -0.100324 0.0117248
1295965927 0.495224 0.0171012 0 0 0 -0.13914 -0.000530124
1295965928 0.289633 -0.0899374 0 0 0 -0.223192 -0.0422914
1295965929 0.297243 -0.211351 0 0 0 -0.0192216 -0.00618238
1295965930 0.269874 -0.227884 0 0 0 -0.0434272 -0.0155748
1295965931 0.266183 -0.305449 0 0 0 -0.144726 -0.0695161
1295965932 0.126526 -0.348798 0 0 0 -0.149156 -0.106463
1295965933 0.0112519 -0.434706 0 0 0 -0.0613675 -0.0576021
1295965934 -0.00537447 -0.670244 0 0 0 0.0047686 0.00483641
1295965935 -0.0106245 -0.501218 0 0 0 -0.0234738 -0.0244622
1295965936 -0.0586515 -0.505947 0 0 0 -0.0519814 -0.0607409
1295965937 -0.149095 -0.604068 0 0 0 0.00404848 0.00509837
1295965937 -0.00353756 -0.0154727 0 0 0 0.00013398 0.000167565
1295965939 -0.233783 -1.09334 0 0 0 0.00647838 0.00801552
1295965940 -0.138867 -0.70626 0 0 0 0.00105253 0.00128644
1295965940 -0.00801262 -0.0387523 0 0 0 -0.00230931 -0.00282826
1295965942 -0.213109 -0.802602 0 0 0 -0.020364 -0.0258932
1295965944 -0.635677 -1.32708 0 0 0 -0.0643713 -0.0956693
1295965945 -0.494884 -0.896524 0 0 0 0.00436343 0.00729852
1295965946 -0.356155 -0.428273 0 0 0 -0.10371 -0.236187
1295965948 -0.940582 -0.158493 0 0 0 -0.0397799 -0.252518
1295965949 -0.750261 0.136797 0 0 -0 0.00355509 -0.116866
1295965950 -1.03936 0.452313 0 0 0 0.00963974 -0.07551
1295965950 -0.0270692 0.012938 0 0 0 0.00248988 -0.014307
1295965952 -0.548684 0.844331 0 0 0 0.176248 -0.411026
1295965953 -0.142116 0.843591 0 0 0 0.131524 -0.147134
1295965954 0.156888 0.455844 0 0 0 0.201789 -0.143566
1295965955 0.470842 0.502068 0 0 0 0.0985656 -0.0463721
1295965956 0.621778 0.585984 0 0 0 0.00295789 -0.00119399
1295965958 0.854457 0.698872 0 0 0 0.00106916 -0.000428881
1295965959 0.619124 0.56942 0 0 0 0.00673928 -0.00267058
1295965960 0.660223 0.288764 0 0 0 0.331791 -0.0684511
1295965962 0.774685 -0.237896 0 -0 0 0.290651 0.0331464
1295965963 0.686403 -0.43279 0 0 0 0.0314668 0.00893616
1295965964 0.81823 -0.687182 0 0 0 -0.00995715 -0.00294821
1295965965 0.483829 -0.450133 0 0 0 -0.0182459 -0.00511261
1295965966 0.378907 -0.216873 0 0 0 -0.223102 -0.033868
1295965967 0.467294 -0.088824 0 0 -0 -0.0674805 -0.000258977
1295965968 0.554196 0.00820978 0 0 0 -0.183122 0.0225065
1295965969 0.76274 0.341647 0 0 0 -0.0361976 0.00860059
1295965970 0.657368 0.253358 0 0 0 -0.00783882 0.00205118
1295965971 0.404139 0.333445 0 0 0 -0.287639 0.127765
1295965972 0.0658636 0.530873 0 0 0 -0.240972 0.219989
1295965973 -0.137693 0.72596 0 0 0 -0.0158448 0.0206713
1295965974 -0.173158 0.705562 0 0 0 -0.0417622 0.0604967
1295965975 -0.235621 0.743158 0 0 0 -0.00562784 0.00893367
1295965976 -0.260244 0.807941 0 0 0 -0.0260975 0.044428
1295965978 -0.411461 0.962377 0 0 0 0.00276651 -0.00496695
1295965979 -0.0951983 0.671995 0 0 0 0.107919 -0.155758
1295965980 -0.0161513 0.764854 0 0 0 -0.0128678 0.0155684
1295965981 -0.0628435 0.294171 0 0 0 -0.00314551 0.0039049
1295965982 5.23957e-05 -0.000237308 0 0 0 -1.83015e-05 2.28375e-05
1295965984 0 0 0 0 0 0 0
1295965985 -0.0182616 0.14079 0 0 0 0.0425005 -0.0496227
1295965987 0.0203332 0.408133 0 0 0 0.0956219 -0.0915494
1295965988 0.041583 0.157148 0 0 0 0.0493891 -0.0388077
1295965989 0.0790157 0.267778 0 0 0 -0.0212036 0.0160482
1295965990 0.0493231 0.251593 0 0 0 -0.0554928 0.046493
1295965991 -0.010194 0.248717 0 0 0 -0.069401 0.0690053
1295965992 -0.0288689 0.308382 0 0 0 -0.00161656 0.00177719
1295965993 0.00337577 0.302722 0 0 0 0.125921 -0.116817
1295965995 0.11171 0.467573 0 0 0 0.00124037 -0.000964915
1295965996 0.11471 0.531995 0 0 0 -0.00305798 0.00238455
1295965997 0.0377844 0.155857 0 0 0 0.00177755 -0.00138842
1295965998 0.0533775 0.141571 0 0 0 0.0630184 -0.0452908
1295965999 0.133721 0.3192 0 0 0 -0.00452934 0.00301345
1295966000 0.156309 0.390849 0 0 0 -0.00864535 0.00585146
1295966001 0.160452 0.354461 0 0 0 0.0630077 -0.0397635
1295966002 0.158596 0.256128 0 0 0 0.0610193 -0.0326331
1295966003 0.247212 0.201277 0 0 0 0.188739 -0.0701067
1295966004 0.317827 -0.0371967 0 0 0 -0.0739212 0.0223357
1295966004 0.0129607 0.00971981 0 0 0 -0.000582859 0.000201184
1295966006 0.336306 0.209615 0 0 0 -0.286318 0.155003
1295966007 -0.0283811 -0.110756 0 0 0 0.00194787 -0.001507
1295966008 8.76143e-06 3.34477e-05 0 0 0 2.12604e-06 -1.64066e-06
1295966009 0 0 0 0 0 0 0
1295966010 0 0 0 0 0 0 0
1295966010 7.8287e-07 2.98508e-06 0 0 0 -6.43927e-07 4.96917e-07
1295966011 0 0 0 0 0 0 0
1295966012 0 0 0 0 0 0 0
1295966013 0 0 0 0 0 0 0
1295966014 0 0 0 0 0 0 0
