1295965766 3.43662e-09 3.43662e-09 0 0.000146563 0.000217757 -1.99972e-06 -1.48234e-06
1295965767 -2.32425e-08 -2.32425e-08 0 7.88823e-06 0.000555761 -4.73388e-06 -9.10842e-07
1295965767 1.8923e-09 1.8923e-09 0 2.38873e-05 3.40689e-05 -3.33234e-07 -2.65489e-07
1295965768 -3.46471e-08 -3.46471e-08 0 -0.000520514 0.000244005 -9.99836e-07 3.83387e-06
1295965769 -1.24662e-08 -1.24662e-08 0 3.81132e-05 -0.000236407 1.82132e-06 1.55698e-07
1295965770 -1.86381e-08 -1.86381e-08 0 -6.34649e-05 -9.36813e-05 8.63763e-07 6.77022e-07
1295965770 -1.97274e-08 -1.97274e-08 0 -0.000100428 0.000292714 -2.13011e-06 2.44932e-07
1295965771 -1.52698e-08 -1.52698e-08 0 -2.12273e-05 6.48813e-05 -4.66272e-07 3.3211e-08
1295965772 -2.27564e-08 -2.27564e-08 0 0.000508371 0.000135546 -2.20106e-06 -4.42587e-06
1295965773 -0.000495497 0.00123917 0 -9.64438e-05 -0.000511793 0.0507443 -0.00115662
1295965774 0.000869991 -0.0090559 0 -0.00015431 -0.000507921 0.398465 -0.104132
1295965774 0.00665084 -0.00433474 0 -0.00105689 -0.0023086 0.226933 -0.155594
1295965776 -0.0641619 0.15359 0 -0.000280743 -7.22063e-05 0.164842 -0.194105
1295965777 -0.282245 0.399056 0 -0.00161403 0.000285915 0.0726247 -0.132711
1295965778 -0.258045 0.272094 0 -0.0001178 0.000876928 0.00433998 -0.00972604
1295965780 -0.310574 0.298094 0 0.000698228 0.00152626 0.00557378 -0.0129337
1295965781 -0.601784 0.355055 0 -0.00132713 0.00102941 0.0675407 -0.238502
1295965783 -0.429051 0.0397032 0 -0.0054863 0.000585226 0.00256473 -0.0177987
1295965784 0.0018557 6.93268e-05 0 0.00183682 0.00072041 1.25047e-05 -0.000109877
1295965785 -2.05683e-08 -2.05683e-08 0 -0.00044167 0.0011455 -5.11973e-06 1.99935e-06
1295965787 -4.24174e-08 -4.24174e-08 0 -0.000328105 0.00111689 -6.50857e-06 2.37266e-06
1295965788 -5.21624e-08 -5.21624e-08 0 -0.00054973 -0.000103485 7.84435e-08 3.01433e-06
1295965789 6.09835e-07 2.34041e-08 0 -0.000103528 0.000538272 -3.51501e-06 3.66296e-07
1295965790 -1.83153e-08 -1.83153e-08 0 0.000544226 0.000238388 -9.80115e-07 -3.09332e-06
1295965790 4.56009e-09 4.56009e-09 0 0.00016632 0.000124062 -7.21781e-07 -9.74673e-07
1295965792 -0.0957384 0.00833316 0 0.00301764 0.000130625 8.77464e-05 -0.000697246
1295965794 -0.617347 0.0851454 0 -0.00147376 -0.000334238 -0.00263965 0.0184753
1295965794 -0.249125 0.0490477 0 -0.000574798 0.000767065 0.000406621 -0.00271838
1295965796 -0.278725 0.097405 0 -0.000428745 -0.000282089 0.00119732 -0.00820213
1295965797 -0.252166 0.0768916 0 0.000511356 -0.000431874 -0.00104532 0.0072185
1295965799 -0.270466 0.102999 0 -0.000575755 0.000352595 -0.0110325 0.0610248
1295965800 -0.247004 0.0911022 0 0.00010894 -0.000322798 0.0176569 -0.115878
1295965801 -0.363598 0.0581092 0 0.000500014 0.000594955 0.00155943 -0.0187715
1295965801 -0.0711835 0.0100151 0 -0.00200164 -0.000174704 0.00014023 -0.00190229
1295965803 -0.687312 0.0677828 0 0.000214425 0.000791267 0.000913381 -0.0141887
1295965804 0.000406961 -2.80571e-05 0 5.31361e-05 0.000170143 -3.18601e-05 0.000526913
1295965805 0.000175689 -1.22324e-05 0 0.000250718 0.000245388 2.05723e-06 -6.84119e-05
1295965806 -0.130438 -0.0249307 0 0.00404374 0.000775996 0.000236733 -0.00448274
1295965807 -0.320193 -0.0563096 0 -0.00211215 0.00100779 0.000195113 -0.00385645
1295965808 -0.784344 0.0898596 0 -0.00188332 -0.00114034 -0.0360737 0.220965
1295965810 -0.776988 0.313252 0 -0.000196256 0.000108511 0.0115071 -0.0449036
1295965811 -0.780238 0.2021 0 -0.000379842 0.00026886 0.0140677 -0.0729449
1295965811 -0.021454 0.00348797 0 0.000480895 -0.000380357 0.00100644 -0.00663178
1295965813 -0.9758 0.084615 0 0.00097603 0.000210017 0.00708039 -0.0607191
1295965814 -0.635389 0.0320841 0 0.000777542 0.000561522 0.000999063 -0.0126665
1295965816 -0.823882 0.0141281 0 0.000303698 -0.000668845 3.38522e-05 -0.000384158
1295965817 -0.626925 0.106219 0 -0.00313374 0.000419134 -0.0307006 0.183596
1295965819 -0.448144 0.477222 0 -0.00167056 -0.00328844 -0.189002 0.372698
1295965819 -0.122127 0.500566 0 0.000294585 0.000111093 -0.0115352 0.0140065
1295965821 -0.0594203 0.606411 0 9.97559e-05 -0.000664137 -0.0687393 0.0740079
1295965822 -0.0217851 0.480576 0 0.000301137 0.00030044 0.0130691 -0.0129541
1295965823 0.0310819 0.599614 0 0.000912133 -0.000739203 -0.0686928 0.0631662
1295965823 0.00314449 0.0211537 0 -0.000288325 -0.000153242 0.000464349 -0.000388381
1295965825 0.124017 1.02943 0 0.00326668 0.00139093 0.0269523 -0.0234224
1295965826 0.0205164 0.463813 0 9.07019e-05 0.000158722 0.00982186 -0.00896503
1295965826 0.00204105 0.0904506 0 0.00118982 0.000640568 0.001953 -0.0018207
1295965828 0.0917702 1.07506 0 -0.0016397 0.0010875 -0.0419365 0.036858
1295965829 0.104424 0.578267 0 0.00139051 -0.00131213 0.00610442 -0.00510241
1295965830 0.0936211 0.62809 0 0.00209853 0.000266613 0.0103252 -0.0088507
1295965830 0.017961 0.127402 0 0.00105165 -0.000449545 0.00139477 -0.00121559
1295965832 0.120739 1.17626 0 0.0023072 0.00174612 -0.00901186 0.00771807
1295965834 0.1408 0.76971 0 -0.00252642 2.8477e-05 -0.0399703 0.0322816
1295965835 0.415032 0.66032 0 -0.000913736 -0.000643289 -0.26858 0.14665
1295965837 0.766302 0.293542 0 -0.00350223 -0.00253794 -0.30348 0.0586935
1295965838 0.502512 0.0411377 0 -9.59738e-05 0.00063056 0.00685708 -0.000272588
1295965839 0.822674 0.0874545 0 0.000817286 -0.00114223 0.020794 -0.00109893
1295965840 0.0426283 0.0055312 0 6.11145e-05 -0.000295379 0.001114 -7.00916e-05
1295965841 0.959834 -0.0257203 0 0.000576114 -0.000336026 -0.159085 -0.00239495
1295965842 0.541227 -0.0913805 0 0.000990615 -0.000319912 0.0211279 0.00177936
1295965844 0.568783 -0.192766 0 -0.000951607 -0.00102925 -0.2307 -0.0446618
1295965845 0.32394 -0.42271 0 -0.00127922 -0.00011523 -0.275145 -0.137493
1295965846 0.0439396 -0.481316 0 -0.000513116 -0.000835124 -0.174653 -0.158169
1295965847 -0.0851782 -0.562836 0 -0.000851981 -0.000103135 -0.0294724 -0.0354384
1295965848 -0.223078 -0.507401 0 0.000394265 -0.00359353 1.67144 -1.08128
1295965849 -0.282775 -0.52414 0 -0.000163774 -7.4151e-05 -1.72341 1.00945
1295965850 -0.294931 -0.727719 0 0.00113996 0.000117002 0.0117134 0.0173997
1295965852 -0.212662 -0.637136 0 0.000750132 -0.000933619 0.0546833 0.0721857
1295965853 -0.116802 -0.728815 0 0.000343374 0.000868523 0.0152713 0.0179369
1295965854 -0.0618335 -0.725221 0 -0.000218949 -0.00104706 0.0474539 0.0507448
1295965855 0.0358635 -0.567575 0 0.00213883 -0.00283614 0.0396671 0.0374433
1295965857 0.139024 -0.67105 0 0.00413317 0.00382976 0.108305 0.0842098
1295965858 0.0677779 -0.162823 0 -0.00164269 -0.0031699 0.00633369 0.00422932
1295965859 0.261264 -0.591618 0 -0.00105769 -0.000632011 0.0129517 0.00843347
1295965861 0.305363 -0.719836 0 1.08837e-05 -0.000978195 -0.0666405 -0.0465749
1295965862 0.0300433 -0.548895 0 0.000610424 0.0015725 -0.168481 -0.162697
1295965863 -0.435288 -0.651618 0 -0.0122207 0.00747758 1.73179 -0.920756
1295965865 -0.551363 -0.19152 0 0.00214215 -0.000313591 0.0415893 0.249895
1295965866 -0.727945 0.114997 0 -0.00027878 -0.00135683 -0.0105748 0.18771
1295965867 -0.540971 0.0233426 0 0.000241562 0.00225509 0.00250925 -0.282077
1295965869 -0.774668 -0.257845 0 0.0028075 0.00272948 -0.00618902 -0.0401243
1295965869 -0.0148581 -0.00536527 0 -0.000165007 -4.08258e-05 -6.92327e-05 -0.000395471
1295965870 -0.956619 -0.05465 0 -0.00223646 -0.000440803 0.014306 0.21078
1295965872 -0.61875 0.0650228 0 0.000573678 0.000812398 -0.0195095 0.162086
1295965872 -0.0191749 0.00814832 0 0.00117043 -0.000412777 -0.00324172 0.0152863
1295965873 -0.601212 0.712098 0 0.000397556 -0.00293483 -0.125016 0.308952
1295965875 -0.198105 0.61124 0 -0.00056793 0.000433527 -0.0505254 0.0743376
1295965876 -0.112725 0.459014 0 -0.000662485 -9.07783e-05 -0.0655853 0.0789431
1295965876 0.0652301 0.441786 0 0.00195881 -0.00139896 -0.181303 0.154819
1295965878 0.338606 0.600379 0 0.00024472 -0.000930183 -0.0569538 0.035216
1295965879 0.249786 0.494616 0 0.00226116 0.00211804 0.100746 -0.0660929
1295965880 0.0308488 0.788034 0 0.000186515 -0.000586461 0.147636 -0.135093
1295965882 -0.103381 0.823649 0 0.000863045 0.001603 -0.0269172 0.0289258
1295965883 0.0600333 0.793435 0 3.21066e-06 0.00202803 -0.0419799 0.0408941
1295965884 0.0779797 0.493995 0 0.000152019 -0.000126533 -0.038199 0.0333554
1295965885 0.0856883 0.505299 0 0.00118321 -0.000701627 0.00990646 -0.00832631
1295965886 0.0801629 0.525755 0 0.00176012 -5.79912e-05 0.0106009 -0.00916753
1295965887 0.119428 0.650182 0 0.00157002 0.00118268 -0.0376519 0.0313639
1295965889 0.164446 0.76795 0 -0.000205235 0.00162344 0.0139051 -0.0112421
1295965890 0.105314 0.60161 0 0.00111364 -0.000873796 0.0160837 -0.0135165
1295965891 0.127452 0.447737 0 -0.00278094 0.00215439 -0.157099 0.110526
1295965892 0.38079 0.378384 0 0.000219663 -0.00206578 -0.165859 0.0752225
1295965893 0.405524 0.282636 0 -0.000999461 6.50157e-05 -0.112683 0.0319102
1295965894 0.46309 0.122012 0 0.000128061 -0.000861703 -0.139933 0.0206589
1295965895 0.636196 -0.00509661 0 -0.00257539 0.000276638 -0.218028 -0.0073085
1295965896 0.528451 -0.236832 0 0.000137973 -0.00253431 -0.0939329 -0.018119
1295965898 0.692091 -0.330798 0 -4.95191e-05 -0.00189814 0.0498686 0.0107934
1295965899 0.490772 -0.13727 0 0.00103161 -0.000363325 0.0775969 0.0115882
1295965900 0.514065 -0.127135 0 -0.000343688 0.00107449 -0.112303 -0.0188169
1295965900 0.345955 -0.28785 0 -0.00128598 -0.000395273 -0.242672 -0.0892991
1295965901 0.175933 -0.486392 0 0.000456073 -0.000208483 -0.217221 -0.153675
1295965903 -0.00252775 -0.673173 0 -0.00152919 -0.000896587 -0.0302775 -0.0293676
1295965904 -0.0479153 -0.502816 0 0.000533841 1.14733e-05 -0.0952264 -0.111689
1295965905 -0.291957 -0.825413 0 -0.000218999 -0.00204611 -0.00500643 -0.00688912
1295965907 -0.228871 -0.740343 0 -0.000389318 -0.0005648 0.0135462 0.0183677
1295965908 -0.212114 -0.807244 0 0.00198751 -0.000717522 0.0106908 0.0138924
1295965909 -0.172362 -0.574619 0 -0.000614684 0.000629078 -0.0504979 -0.070583
1295965911 -0.224023 -0.581027 0 0.00023159 -0.00223304 0.031489 0.0455027
1295965911 -0.0318716 -0.10185 0 -0.000733761 -0.00141797 0.00175083 0.00237179
1295965913 0.000974458 -1.1504 0 0.00516767 -0.00147021 0.246304 0.235758
1295965914 0.0874702 -0.629026 0 0.00523312 0.00444012 0.00738902 0.00488711
1295965916 0.280121 -0.368454 0 -0.00566675 -0.00306033 0.00122416 0.000856892
1295965918 0.0755185 -0.897602 0 -0.000684533 0.00149787 -0.200314 -0.1739
1295965919 -0.379465 -0.659357 0 -0.01038 0.00451888 1.70516 -0.957335
1295965921 -0.765527 -0.257253 0 0.000878062 0.000294925 0.0444236 0.26938
1295965922 -0.568213 -0.0300902 0 0.0013079 0.000597701 -0.000263186 -0.00863957
1295965923 -0.769301 -0.0582217 0 -0.00081963 0.000798144 -0.00116349 -0.0244529
1295965924 -0.510489 -0.067518 0 0.00209004 0.000916822 -0.000850594 -0.0128819
1295965925 -0.493328 -0.0643693 0 -0.00103424 0.000244039 0.00243312 0.0528164
1295965926 -0.596282 0.0572935 0 -0.000214817 0.000568337 -0.00189867 0.0842442
1295965927 -0.499577 0.109693 0 0.000412512 -0.000136253 -0.0171063 0.130398
1295965928 -0.249912 0.149422 0 -0.00171939 -0.000761895 -0.0649769 0.206569
1295965929 -0.247478 0.274335 0 0.00278895 -0.000886075 -0.005225 0.0117338
1295965930 -0.213799 0.271123 0 -0.000470753 0.00110177 -0.0164607 0.0344897
1295965931 -0.208404 0.352045 0 0.0012163 -0.00142934 -0.0776612 0.129595
1295965932 -0.0654342 0.315328 0 -0.000958103 0.00217963 -0.0923293 0.112253
1295965933 0.044903 0.424776 0 0.000917865 -0.00161254 -0.0794947 0.0748388
1295965934 0.0995181 0.719002 0 0.00163631 -0.00111271 0.0206025 -0.017857
1295965935 0.0575189 0.481201 0 0.00112712 -0.000215243 -0.0194504 0.0168838
1295965936 0.0941815 0.490926 0 -0.000317738 0.00120471 -0.0489579 0.0388497
1295965937 0.185686 0.612009 0 0.000919458 0.00220544 0.0119044 -0.00900777
1295965937 0.00553558 0.0204367 0 -6.57444e-05 0.000513262 0.000611664 -0.000472842
1295965939 0.248642 1.08638 0 0.000180034 -9.01403e-05 0.0277677 -0.0221359
1295965940 0.121177 0.723787 0 0.000728183 -3.38197e-05 0.0134292 -0.0113042
1295965940 0.00475213 0.0295338 0 0.000779797 -0.000963538 -0.00160532 0.00137395
1295965941 0.150828 0.754152 0 0.00107822 0.00203131 -0.0137395 0.0114867
1295965944 0.489667 1.44595 0 0.00128569 0.000595038 -0.0616931 0.0468416
1295965945 0.335715 0.981383 0 -0.000491654 0.00198711 0.0267991 -0.0194479
1295965946 0.253316 0.492028 0 -0.00125503 0.00184876 -0.211298 0.121465
1295965948 0.873881 0.373606 0 -0.00275662 -0.00408776 -0.23627 0.0670871
1295965949 0.771312 0.0660043 0 0.000630713 -0.000918311 -0.100738 0.0103854
1295965950 1.11551 -0.109888 0 -0.000401557 0.000388186 -0.0351363 0.00120986
1295965950 0.021017 -0.00169184 0 2.17098e-05 1.86536e-05 -0.00904589 0.000111532
1295965952 0.826102 -0.546948 0 -0.00322604 -0.00219565 -0.417932 -0.0879173
1295965953 0.514394 -0.733612 0 0.00191532 0.000124369 -0.148775 -0.0827928
1295965954 0.0724926 -0.477558 0 -0.00121981 -0.00131764 -0.178445 -0.153705
1295965955 -0.167403 -0.662542 0 -0.000402403 -0.00229164 -0.0631288 -0.0761381
1295965956 -0.232258 -0.807474 0 -0.000601426 -0.00011163 0.0126072 0.0164768
1295965958 -0.331634 -1.06228 0 0.00225942 -0.000722054 0.0121256 0.015203
1295965959 -0.170686 -0.822323 0 0.00229849 0.000375883 0.0106345 0.0128419
1295965960 -0.344943 -0.644987 0 -0.0055371 -0.000419371 1.69676 -1.0072
1295965962 -0.734013 -0.309746 0 0.00141772 -0.000213496 0.0639532 0.269886
1295965963 -0.818495 -0.13347 0 -0.000981199 0.00176665 0.00148973 0.0175564
1295965964 -1.06163 -0.0658799 0 6.7187e-05 -0.000841254 -0.00317651 -0.0340574
1295965965 -0.637613 -0.0316525 0 -0.00224715 0.0021615 -0.00329227 -0.026463
1295965966 -0.427261 -0.122824 0 5.33279e-05 0.00326667 -0.0574553 -0.222943
1295965967 -0.403265 -0.304816 0 0.00214973 -0.000523906 -0.0340711 -0.0783524
1295965968 -0.343068 -0.397738 0 0.00371532 -0.0106177 -1.70465 1.03019
1295965969 -0.233747 -0.824558 0 0.000275018 -0.000497492 0.04259 0.0539113
1295965970 -0.187604 -0.632841 0 0.00267932 0.00138806 0.0134036 0.0154886
1295965971 0.0160643 -0.544467 0 -0.000969929 -0.00327605 0.245348 0.201622
1295965972 0.415025 -0.37154 0 -0.000700607 -0.000648508 0.333189 0.121681
1295965973 0.687261 -0.273521 0 -0.00113629 0.00344201 0.0406557 0.00622462
1295965974 0.697139 -0.216594 0 0.00292228 -0.000993219 0.0841156 0.00744469
1295965975 0.746263 -0.155327 0 -0.000672954 0.000129757 0.0263287 0.000875383
1295965976 0.831869 -0.147254 0 0.000441478 -0.000741213 0.0650582 -0.000829034
1295965978 1.04465 -0.0460979 0 0.00114538 0.00441525 0.0200105 -0.0010935
1295965979 0.6425 -0.164166 0 -0.000120328 0.000836463 -0.173005 -0.00370332
1295965980 0.749776 -0.269991 0 0.000337128 0.000703506 0.0403464 0.00354974
1295965981 0.289265 -0.0375039 0 0.00132225 0.00349851 0.00979618 0.000600347
1295965982 -0.00109675 0.00012826 0 0.000253754 0.000362593 -0.000286493 -1.98163e-05
1295965984 -2.39644e-08 -2.39644e-08 0 0.000652577 -0.000274895 -1.88855e-07 -4.76902e-06
1295965985 0.138079 -0.0280899 0 -0.000421505 -0.00140637 -0.0583756 -0.00510328
1295965987 0.382792 -0.147917 0 0.00114769 0.00126815 -0.12379 -0.0224852
1295965988 0.137195 -0.086866 0 -0.000992261 -0.000827969 -0.0579426 -0.0161877
1295965989 0.231474 -0.153534 0 0.000301565 -0.0018977 0.0309661 0.00912418
1295965990 0.233261 -0.121846 0 -0.000490647 0.00036786 0.0762358 0.0179544
1295965991 0.215286 -0.0524808 0 0.0012665 -0.00116233 0.101948 0.0144138
1295965992 0.331971 -0.0560365 0 -0.00115971 0.00103519 0.0126967 0.00106304
1295965993 0.291142 -0.0737837 0 0.000218176 0.0005747 -0.156891 -0.0246476
1295965995 0.437087 -0.206251 0 0.000351656 -0.000127534 0.0140436 0.00325691
1295965996 0.492502 -0.205406 0 0.00124549 0.00147388 0.0111273 0.0024173
1295965997 0.148441 -0.0643998 0 -0.000140229 -0.000140949 0.00354035 0.000747872
1295965998 0.135792 -0.0781631 0 -0.000764579 -0.00329245 -0.0746525 -0.0186046
1295965999 0.292206 -0.182239 0 0.000130713 0.000396757 0.010014 0.00285302
1295966000 0.349082 -0.20059 0 -0.000226599 0.000219937 0.0229878 0.00613071
1295966001 0.331494 -0.199196 0 0.00106679 0.00230635 -0.0619101 -0.017873
1295966002 0.258942 -0.204373 0 0.000135882 0.0015096 -0.068094 -0.0248107
1295966003 0.171388 -0.252119 0 -0.00297925 0.00248792 -0.164643 -0.0853732
1295966004 -0.0692268 -0.316716 0 0.000808232 -0.0066567 0.0627075 0.0371641
1295966004 0.00781613 -0.0127066 0 0.00107554 0.000612982 0.000727519 0.000384915
1295966006 0.214414 -0.365675 0 0.0015459 0.00397253 0.312177 0.107509
1295966007 -0.136416 0.0473667 0 -0.000776569 -0.00493247 -0.00731893 -0.00123833
1295966008 2.80366e-05 -1.01901e-05 0 -5.13165e-05 0.000217989 -7.65495e-05 -1.26343e-05
1295966009 5.52576e-07 -2.34678e-07 0 -0.000236037 -0.000181115 1.15057e-06 2.43563e-06
1295966010 4.69745e-09 4.69752e-09 0 -0.000172737 -0.000135703 1.41534e-06 1.82185e-06
1295966010 2.91409e-06 -1.03734e-06 0 -0.000339576 -0.00014521 2.31037e-06 3.53778e-06
1295966011 -1.7479e-08 -1.7479e-08 0 -0.000223466 2.50454e-05 -1.851e-07 2.1311e-06
1295966012 -1.75832e-08 -1.75832e-08 0 -9.57496e-05 -4.47093e-05 4.32043e-07 9.07935e-07
1295966013 -6.34456e-08 -6.34456e-08 0 -3.02398e-06 -0.000254389 2.36247e-06 3.92509e-08
1295966014 -1.93474e-08 -1.93474e-08 0 -0.000184645 -4.74035e-05 4.19125e-07 1.6926e-06
