1295965766 -0.873861 0.0461666 0.483979 1.18575e-05 -0.000208302 -4.32416e-05 1
1295965767 -1.45092 0.62358 -0.0935984 0.577495 -0.577318 0.577237 -0.000102144
1295965767 -1.90137 1.50201 -0.253155 0.577711 -0.577002 0.577338 -0.000199147
1295965768 -1.63424 2.23071 -0.883744 0.578123 -0.5767 0.577227 -0.000443718
1295965769 -2.1991 1.80951 -0.174146 0.576786 -0.576646 0.578612 -0.00238044
1295965769 -1.86477 2.46431 -0.851981 0.577485 -0.576844 0.57772 -0.00125555
1295965770 -1.83433 3.30876 -1.38676 0.578514 -0.576922 0.576613 -0.000332855
1295965771 -1.78904 4.27803 -1.62853 0.578627 -0.577068 0.576354 0.000256488
1295965772 -2.15663 3.63569 -0.956018 0.580544 -0.576765 0.574726 0.00130523
1295965773 -2.19493 2.79096 -0.4222 0.580645 -0.577057 0.574329 0.00153245
1295965774 -1.69441 1.9301 -0.330545 0.593358 -0.577364 0.560662 0.0153425
1295965774 -1.97282 2.83569 -0.650538 -0.50903 -0.26284 0.156184 0.804618
1295965776 -2.88769 3.22919 -0.740923 -0.43329 -0.000114257 0.290213 0.85325
1295965777 -3.36211 2.58742 -1.34346 -0.358262 0.211818 0.360479 0.834767
1295965778 -2.81936 1.75053 -1.27236 -0.338122 0.35318 0.389648 0.780456
1295965780 -3.0996 0.903313 -1.72367 -0.333953 0.362891 0.390208 0.777511
1295965781 -3.4079 0.286361 -2.44777 -0.32609 0.355999 0.396605 0.780791
1295965783 -3.29921 -0.627519 -2.83893 -0.25439 0.536615 0.430824 0.679501
1295965784 -3.73494 -1.34661 -3.38027 -0.257776 0.533702 0.441179 0.673851
1295965785 -4.44114 -2.04548 -3.26686 -0.256677 0.533626 0.440956 0.674476
1295965787 -5.38849 -1.72562 -3.28178 -0.256967 0.5337 0.440765 0.674432
1295965788 -4.53438 -2.22717 -3.41942 -0.258463 0.535025 0.439389 0.673708
1295965789 -5.47134 -1.87831 -3.43934 -0.257222 0.535452 0.438232 0.674597
1295965790 -4.61576 -2.388 -3.5298 -0.25656 0.534585 0.439474 0.674728
1295965791 -5.55301 -2.03936 -3.52814 -0.255785 0.534375 0.439254 0.675332
1295965792 -6.51535 -1.76965 -3.49414 -0.25546 0.534563 0.43887 0.675555
1295965794 -7.43269 -1.37183 -3.50941 -0.255462 0.534975 0.437891 0.675864
1295965795 -8.0699 -1.94442 -4.02526 -0.258236 0.518783 0.43196 0.691078
1295965796 -8.48397 -2.76826 -4.41234 -0.257494 0.524746 0.429354 0.688472
1295965797 -8.96384 -3.50429 -4.88982 -0.260964 0.517113 0.425018 0.695595
1295965799 -9.49011 -4.14277 -5.45141 -0.255374 0.519368 0.427032 0.694755
1295965800 -9.90925 -4.75531 -6.12157 -0.282829 0.472977 0.410552 0.726462
1295965801 -10.3228 -5.26125 -5.36462 -0.232702 0.554522 0.437428 0.66859
1295965801 -10.8007 -6.09328 -5.64638 -0.222837 0.5709 0.441957 0.65505
1295965803 -11.3562 -6.86942 -5.94471 -0.221079 0.5707 0.443102 0.655047
1295965804 -11.7997 -7.73854 -6.1638 -0.216526 0.580618 0.446789 0.645274
1295965805 -12.3255 -8.56324 -6.37204 -0.216832 0.580571 0.446782 0.645219
1295965806 -12.2775 -8.9559 -5.45361 -0.216743 0.580735 0.446927 0.645
1295965807 -12.7604 -9.70122 -5.91337 -0.219742 0.588434 0.441886 0.640466
1295965808 -13.2863 -10.44 -6.33469 -0.215132 0.590953 0.442404 0.639352
1295965810 -13.7586 -10.967 -7.04127 -0.318727 0.42979 0.391834 0.748438
1295965811 -14.098 -11.7907 -7.49559 -0.300536 0.464032 0.406224 0.727554
1295965812 -14.4838 -12.559 -8.0062 -0.272826 0.506291 0.424311 0.699425
1295965813 -14.9484 -13.3321 -8.43798 -0.252924 0.539955 0.437052 0.673397
1295965814 -15.3949 -14.172 -8.74653 -0.246571 0.549545 0.440935 0.665417
1295965816 -15.7602 -15.0503 -9.05533 -0.24284 0.57549 0.437398 0.646934
1295965817 -16.2144 -15.8953 -9.33738 -0.247265 0.580745 0.435269 0.641978
1295965819 -16.9417 -16.488 -9.68349 -0.273064 0.483657 0.404745 0.726425
1295965819 -16.5219 -15.5882 -9.56414 -0.19117 0.534813 0.477678 0.670263
1295965821 -16.9229 -16.4614 -9.84128 -0.203505 0.521857 0.47488 0.678779
1295965822 -17.5693 -17.1156 -10.2339 -0.236886 0.45867 0.459147 0.722974
1295965823 -17.8615 -17.9496 -10.702 -0.235914 0.473255 0.4643 0.710493
1295965823 -18.1947 -18.7359 -11.2224 -0.284678 0.412028 0.441803 0.744313
1295965824 -18.5689 -19.5099 -11.7331 -0.278566 0.417601 0.442352 0.743192
1295965826 -18.9096 -20.3221 -12.2066 -0.268252 0.43409 0.449878 0.732951
1295965826 -19.3023 -21.055 -12.7621 -0.265818 0.442609 0.458753 0.723177
1295965827 -19.5491 -21.6644 -13.5156 -0.267197 0.442661 0.455755 0.72453
1295965829 -19.9073 -22.5934 -13.423 -0.282465 0.422488 0.4516 0.733331
1295965830 -20.319 -23.1158 -14.1697 -0.281355 0.406984 0.460314 0.737098
1295965830 -20.8162 -23.9576 -14.3801 -0.266568 0.42343 0.470557 0.726791
1295965832 -21.1274 -24.7333 -14.9292 -0.266331 0.42459 0.470567 0.726194
1295965834 -21.8902 -25.3722 -15.0279 -0.216425 0.439037 0.489009 0.721995
1295965835 -22.052 -26.3579 -15.0748 -0.22756 0.455651 0.452047 0.732292
1295965837 -21.6602 -25.4948 -15.3934 -0.329551 0.227968 0.434771 0.806474
1295965838 -21.4344 -24.6975 -14.8337 -0.428744 0.00566842 0.350047 0.832835
1295965839 -21.0887 -25.4378 -15.4104 -0.427695 0.0097713 0.354183 0.831586
1295965840 -20.3853 -25.6118 -16.0995 -0.43896 -0.0180792 0.337746 0.832415
1295965841 -19.9882 -26.3222 -16.6806 -0.437785 -0.0150443 0.340854 0.831827
1295965843 -19.1565 -26.617 -17.1511 -0.506142 -0.173421 0.261233 0.803431
1295965844 -18.6385 -27.3829 -17.5318 -0.498972 -0.154894 0.276671 0.806528
1295965845 -17.6808 -27.1039 -17.4614 -0.589775 -0.415354 0.107328 0.684198
1295965846 -17.1593 -27.9569 -17.4826 -0.592357 -0.578026 -0.0335105 0.560246
1295965846 -16.6726 -28.7347 -17.085 0.576543 0.681457 0.156441 -0.422777
1295965848 -16.2538 -29.4183 -16.4871 0.57583 0.680774 0.155356 -0.425242
1295965849 -16.1366 -29.5993 -15.5107 0.519613 0.77314 0.285561 -0.225194
1295965850 -15.7658 -30.5185 -15.6435 0.553289 0.73798 0.219671 -0.317807
1295965852 -15.363 -30.6031 -14.7321 0.547832 0.734589 0.233978 -0.324827
1295965853 -14.8233 -31.4314 -14.582 0.569434 0.690167 0.183494 -0.407117
1295965854 -14.5418 -32.1919 -13.9969 0.572571 0.684799 0.174468 -0.415661
1295965855 -14.4397 -33.0369 -13.4719 0.589321 0.655335 0.123628 -0.456017
1295965857 -14.0629 -33.8383 -13.0074 0.59745 0.628611 0.0934911 -0.489041
1295965858 -13.8652 -34.7725 -12.7104 -0.604421 -0.556697 -0.00856935 0.569815
1295965859 -13.2132 -35.4932 -12.4748 -0.610038 -0.551288 0.00168566 0.56915
1295965861 -12.705 -36.2901 -12.1483 -0.613558 -0.537948 0.0165611 0.577828
1295965862 -11.9493 -36.7867 -11.7212 -0.606405 -0.588883 -0.0390103 0.532887
1295965863 -11.3791 -37.0087 -10.9303 0.571973 0.71046 0.177211 -0.369716
1295965865 -11.159 -37.5397 -10.112 0.482011 0.791963 0.362913 -0.0935649
1295965866 -11.3945 -38.1901 -9.38985 0.393148 0.795941 0.455488 0.0666485
1295965867 -12.2598 -38.0804 -8.90079 0.250922 0.755934 0.539705 0.272617
1295965869 -11.7518 -37.5996 -9.61546 0.381353 0.80651 0.446562 0.0685036
1295965869 -12.1499 -38.3205 -9.04815 0.406481 0.808224 0.424665 0.0347419
1295965870 -12.5438 -37.7523 -8.32568 0.346051 0.778525 0.508909 0.123125
1295965872 -13.086 -38.4131 -7.80672 0.271727 0.751092 0.557206 0.22704
1295965872 -13.79 -39.1233 -7.79879 0.200758 0.735254 0.555737 0.332044
1295965873 -14.6539 -39.6085 -7.93388 0.0985891 0.67507 0.570885 0.456784
1295965875 -15.3895 -39.2669 -8.51886 -0.0913395 0.517237 0.559477 0.641177
1295965876 -15.8061 -40.1721 -8.60308 -0.13605 0.463585 0.503098 0.716569
1295965876 -16.153 -40.7438 -9.34661 -0.203509 0.370365 0.488145 0.763628
1295965878 -16.4531 -41.3339 -10.0961 -0.265672 0.271809 0.458353 0.8034
1295965879 -16.6725 -42.0867 -10.7167 -0.317352 0.182944 0.424399 0.828073
1295965880 -16.932 -42.8805 -11.2668 -0.261374 0.277204 0.448045 0.808763
1295965882 -17.0258 -41.9778 -10.8468 -0.179408 0.427688 0.496392 0.733819
1295965883 -17.1201 -42.8352 -11.3527 -0.204563 0.418806 0.488778 0.737463
1295965884 -17.1875 -43.6036 -11.9891 -0.268889 0.383546 0.46267 0.75268
1295965885 -17.5043 -44.3932 -12.5146 -0.292299 0.348452 0.455476 0.7653
1295965886 -17.8151 -45.0911 -13.1598 -0.286631 0.355566 0.456944 0.763294
1295965887 -18.0821 -45.6599 -13.9378 -0.286003 0.345772 0.450186 0.771995
1295965889 -17.8132 -46.2628 -14.6889 -0.356643 0.28233 0.397527 0.796911
1295965890 -17.8176 -46.6176 -15.6239 -0.355457 0.232634 0.370046 0.826195
1295965891 -18.2537 -47.4688 -15.9158 -0.332638 0.273924 0.381453 0.817809
1295965892 -18.7774 -48.0964 -16.4919 -0.354216 0.14415 0.33825 0.859848
1295965893 -18.3463 -47.5377 -17.2003 -0.371798 -0.221745 0.151982 0.888537
1295965894 -17.5133 -48.031 -17.4509 -0.398805 -0.34764 0.106872 0.841831
1295965895 -16.7081 -48.58 -17.675 -0.405333 -0.440331 0.07081 0.797997
1295965896 -15.7532 -48.2853 -17.6373 -0.384189 -0.63259 -0.0684747 0.668984
1295965898 -14.9015 -48.0402 -17.1742 -0.357267 -0.707585 -0.14243 0.592788
1295965899 -14.1959 -48.7413 -17.0708 -0.365785 -0.675687 -0.120753 0.628544
1295965899 -13.6158 -49.5176 -16.8241 -0.379974 -0.623437 -0.0879468 0.677652
1295965901 -13.0605 -50.3488 -16.8499 -0.385921 -0.618081 -0.0821338 0.679922
1295965901 -13.4986 -49.5581 -16.4222 0.359897 0.779616 0.171918 -0.482822
1295965903 -12.9142 -50.2128 -15.9427 0.334181 0.836044 0.216014 -0.377746
1295965904 -12.4035 -50.8546 -15.3707 0.314314 0.865842 0.246441 -0.301316
1295965905 -12.6241 -50.856 -14.3953 0.258625 0.905907 0.303192 -0.143247
1295965907 -12.482 -51.4907 -13.6357 0.261609 0.904839 0.302254 -0.146525
1295965908 -12.4801 -52.0671 -12.8185 0.263446 0.903344 0.297951 -0.160597
1295965909 -12.3969 -52.6768 -12.0303 0.267909 0.900681 0.294892 -0.173315
1295965910 -12.5857 -52.5911 -11.052 0.230668 0.90665 0.34476 -0.0769324
1295965911 -12.5018 -52.848 -10.0892 0.244324 0.897632 0.348845 -0.113444
1295965913 -12.4886 -53.4661 -9.30328 0.247201 0.897137 0.346421 -0.118445
1295965914 -11.6157 -53.8572 -9.01133 0.355293 0.7982 0.27278 -0.402783
1295965916 -11.1275 -54.6875 -8.74269 0.366969 0.775645 0.264033 -0.440449
1295965918 -10.6283 -55.2983 -8.12811 0.368822 0.778909 0.252462 -0.439925
1295965919 -10.2879 -55.5919 -7.23486 0.272092 0.865641 0.365365 -0.207701
1295965921 -10.944 -55.4578 -6.49221 0.0217803 0.853443 0.456916 0.249777
1295965922 -11.3929 -56.3398 -6.3492 -0.104535 0.778789 0.429459 0.445112
1295965923 -11.8746 -57.207 -6.22322 -0.107733 0.785361 0.425531 0.436492
1295965924 -12.4064 -58.0354 -6.04696 -0.105091 0.796024 0.42331 0.419655
1295965925 -12.9541 -58.824 -5.76754 -0.102828 0.800348 0.422485 0.412766
1295965926 -13.5958 -59.5619 -5.55849 -0.129408 0.770469 0.41414 0.467031
1295965927 -14.1667 -60.3322 -5.27446 -0.1529 0.74325 0.409525 0.506449
1295965928 -15.1139 -60.6476 -5.21617 -0.161876 0.62454 0.422019 0.636903
1295965929 -15.7578 -61.3013 -5.61388 -0.212368 0.528605 0.401585 0.717081
1295965930 -16.012 -61.8664 -6.39872 -0.284926 0.441999 0.35522 0.772835
1295965931 -15.8712 -62.3057 -7.28597 -0.332564 0.371062 0.320954 0.805421
1295965932 -16.313 -63.1887 -7.4448 -0.370009 0.308515 0.225847 0.846702
1295965933 -16.5714 -64.0794 -7.81885 -0.415025 0.149461 0.16225 0.882661
1295965934 -16.6118 -64.9503 -8.30867 -0.422914 0.108793 0.144344 0.88796
1295965935 -16.7606 -65.7206 -8.92874 -0.417644 0.13344 0.156776 0.88498
1295965936 -16.8403 -66.535 -9.50344 -0.421643 0.111099 0.147154 0.887817
1295965937 -16.9415 -67.3084 -10.1292 -0.420068 0.108477 0.148274 0.888702
1295965938 -16.6312 -68.1289 -10.6094 -0.440357 0.0630736 0.112209 0.888547
1295965939 -16.6525 -68.9634 -11.1599 -0.441394 0.0702701 0.112373 0.887471
1295965940 -16.4091 -69.8963 -11.4256 -0.46064 0.0769504 0.116092 0.876591
1295965941 -15.9945 -70.2744 -12.2533 -0.435203 0.0538851 0.0944568 0.893741
1295965942 -16.018 -71.0394 -12.8969 -0.431474 0.0309153 0.0883217 0.897259
1295965944 -16.0262 -71.8845 -13.4314 -0.441915 0.0124594 0.0763241 0.893717
1295965945 -15.7281 -72.6995 -13.9283 -0.453157 -0.0474448 0.0552906 0.888449
1295965946 -15.1259 -73.4736 -14.1239 -0.489137 -0.0940559 0.0505438 0.865646
1295965948 -15.2243 -74.2071 -14.7963 -0.462013 -0.250009 0.00170706 0.850903
1295965949 -14.7729 -74.9539 -15.2847 -0.447339 -0.436099 -0.098251 0.77463
1295965950 -13.9023 -74.8422 -14.8054 -0.384806 -0.596319 -0.207309 0.673313
1295965951 -13.3207 -75.6353 -14.9859 -0.368947 -0.617826 -0.210085 0.661841
1295965952 -13.0136 -76.0721 -14.1403 -0.32064 -0.743097 -0.268155 0.52258
1295965953 -13.0257 -75.9843 -13.1443 0.184649 0.881551 0.378367 -0.213566
1295965954 -13.8635 -76.2763 -12.6828 0.0634064 0.927469 0.362993 0.0633831
1295965955 -13.9694 -77.0286 -12.0326 0.0218858 0.915057 0.364452 0.171367
1295965956 -14.7362 -77.5883 -11.7182 -0.073736 0.858293 0.353462 0.364637
1295965958 -15.2103 -78.2845 -11.1792 -0.0631812 0.867095 0.353984 0.344745
1295965959 -15.6464 -78.9794 -10.6075 -0.055131 0.873488 0.355026 0.328536
1295965960 -16.0767 -79.816 -10.2684 -0.0513228 0.884646 0.346583 0.307649
1295965962 -15.6293 -79.0588 -10.7443 -0.146544 0.76816 0.305907 0.543024
1295965963 -16.3308 -79.752 -10.9099 -0.225951 0.595679 0.237167 0.733392
1295965964 -17.1449 -80.3054 -11.0858 -0.221176 0.581456 0.238056 0.745868
1295965965 -17.6065 -81.14 -10.7853 -0.240992 0.653052 0.226722 0.681207
1295965966 -17.9474 -81.5785 -9.95367 -0.20641 0.774181 0.244716 0.546033
1295965967 -17.1791 -80.9853 -9.71318 -0.183307 0.841181 0.268842 0.4319
1295965968 -17.6995 -81.7167 -9.27244 -0.146827 0.894315 0.279765 0.316817
1295965969 -17.9502 -82.2718 -8.47938 -0.117385 0.918404 0.295172 0.235857
1295965970 -18.1577 -82.6958 -7.59776 -0.0671422 0.938887 0.323422 0.0968608
1295965971 -18.1881 -83.3843 -6.87319 -0.0648649 0.94191 0.319626 0.0802357
1295965972 -17.4641 -83.3593 -6.18382 0.00280784 0.936186 0.341659 -0.0825628
1295965973 -17.028 -82.6583 -6.74815 0.328036 0.788049 0.297141 -0.427876
1295965974 -16.4187 -83.4015 -6.47167 0.332521 0.776949 0.292428 -0.44751
1295965975 -16.035 -84.2177 -6.03967 0.357067 0.743972 0.262855 -0.499916
1295965976 -15.5824 -85.093 -5.86981 -0.368004 -0.732962 -0.246631 0.516249
1295965978 -14.9793 -85.8786 -5.73122 -0.378964 -0.704543 -0.228369 0.554845
1295965979 -14.4466 -86.6942 -5.95718 -0.4004 -0.664787 -0.20204 0.597426
1295965980 -13.9502 -87.5614 -5.99684 0.372091 0.744145 0.241157 -0.49964
1295965981 -13.3209 -88.2367 -5.6121 -0.368927 -0.737686 -0.251233 0.506551
1295965982 -12.4619 -88.7107 -5.80554 -0.348883 -0.707457 -0.252201 0.560518
1295965984 -11.7083 -88.9652 -5.19944 -0.348263 -0.708232 -0.252185 0.559932
1295965985 -10.9186 -88.3534 -5.2449 -0.328531 -0.706416 -0.260696 0.57016
1295965987 -10.3161 -88.9475 -4.71199 -0.314966 -0.737033 -0.274811 0.531091
1295965988 -9.92591 -89.8527 -4.54359 0.284314 0.796394 0.29863 -0.442428
1295965988 -9.57817 -90.6849 -4.11169 0.268166 0.822351 0.31078 -0.394008
1295965990 -9.17227 -91.4596 -3.62697 0.26931 0.821711 0.307559 -0.397078
1295965990 -8.29852 -91.934 -3.51955 -0.31965 -0.748719 -0.27105 0.513591
1295965992 -7.62183 -92.656 -3.37534 -0.332785 -0.725179 -0.258153 0.544726
1295965993 -6.99003 -93.4017 -3.16372 -0.33499 -0.715669 -0.252516 0.558422
1295965995 -6.50208 -94.2003 -2.81131 0.300626 0.79055 0.295717 -0.444079
1295965996 -5.93329 -94.9516 -2.4767 0.307549 0.782254 0.291851 -0.456416
1295965997 -5.42053 -95.6721 -2.0098 0.308461 0.777227 0.292287 -0.464045
1295965998 -4.84111 -96.4242 -1.69571 0.309615 0.774954 0.291039 -0.467847
1295965999 -4.24429 -97.1931 -1.4664 0.291017 0.806531 0.304975 -0.414496
1295966000 -3.83404 -98.0194 -1.08062 0.296255 0.802165 0.299917 -0.422864
1295966001 -3.25742 -98.6613 -0.575081 0.299361 0.790725 0.299061 -0.442379
1295966002 -2.93922 -99.4801 -0.0973979 0.292645 0.803937 0.302985 -0.419815
1295966003 -2.81523 -100.026 0.73153 0.233445 0.864818 0.341041 -0.285105
1295966004 -2.44745 -100.813 1.22564 0.21239 0.880687 0.354181 -0.232028
1295966005 -1.81832 -101.562 1.43408 0.208757 0.884403 0.351573 -0.225051
1295966006 -1.4996 -102.252 2.08453 0.210178 0.88068 0.352553 -0.236503
1295966007 -0.782399 -102.903 2.33138 0.31283 0.765738 0.287873 -0.482609
1295966008 -1.25027 -102.088 1.98964 0.315678 0.770845 0.282033 -0.476029
1295966009 -1.80766 -101.261 2.05656 0.315628 0.770876 0.2817 -0.476208
1295966010 -2.33883 -100.809 2.7731 0.314843 0.771864 0.281292 -0.475368
1295966010 -2.80723 -100.44 3.57609 0.315689 0.770578 0.280562 -0.47732
1295966011 -3.29605 -100.036 4.34909 0.315761 0.770904 0.280654 -0.476692
1295966011 -3.30394 -100.069 5.34851 0.315175 0.771428 0.280916 -0.476078
1295966013 -2.5567 -100.732 5.38868 0.314915 0.771675 0.280577 -0.476048
1295966013 -2.62247 -100.623 4.39684 0.314908 0.772048 0.281124 -0.475126
