1295965766 -0.873861 0.0461666 0.483979 1.18575e-05 -0.000208302 -4.32416e-05 1
1295965767 -1.45092 0.62358 -0.0935984 0.577495 -0.577318 0.577237 -0.000102144
1295965767 -1.90137 1.50201 -0.253155 0.577711 -0.577002 0.577338 -0.000199147
1295965768 -1.63424 2.23071 -0.883744 0.578123 -0.5767 0.577227 -0.000443718
1295965769 -2.1991 1.80951 -0.174146 0.576786 -0.576646 0.578612 -0.00238044
1295965769 -2.53342 1.15471 0.503688 0.577485 -0.576844 0.57772 -0.00125555
1295965770 -2.56386 0.31026 1.03846 0.578514 -0.576922 0.576613 -0.000332855
1295965771 -2.51856 1.27953 0.79669 0.578627 -0.577068 0.576354 0.000256488
1295965772 -2.88615 0.637192 1.4692 0.580544 -0.576765 0.574726 0.00130523
1295965773 -2.84785 1.48192 0.935382 0.580645 -0.577057 0.574329 0.00153245
1295965774 -2.34733 0.621065 1.02704 0.593358 -0.577364 0.560662 0.0153425
1295965774 -2.06892 -0.284525 1.34703 0.756137 -0.530802 0.291172 0.248445
1295965776 -2.3041 -0.529886 0.406557 0.803905 -0.442996 0.0389065 0.39494
1295965777 -1.88705 -1.28723 -0.0959286 0.77662 -0.359682 -0.157556 0.492612
1295965778 -1.27489 -0.677414 -0.599295 0.716719 -0.298812 -0.258336 0.574706
1295965780 -0.606183 0.0479774 -0.436089 0.712269 -0.295414 -0.267224 0.577922
1295965781 0.235029 0.490299 -0.1251 0.720562 -0.290664 -0.268039 0.569614
1295965783 0.938225 1.15967 -0.364807 0.618874 -0.182508 -0.416954 0.640184
1295965784 1.80092 1.57969 -0.64648 0.622059 -0.172341 -0.41116 0.643652
1295965785 2.32634 2.39775 -0.412552 0.622395 -0.172596 -0.411965 0.642743
1295965787 2.8343 2.36749 0.448294 0.622223 -0.172787 -0.411825 0.642949
1295965788 2.54476 2.49638 -0.500153 0.620469 -0.173743 -0.411653 0.644494
1295965789 2.04775 2.55009 -1.36623 0.620273 -0.174806 -0.412986 0.643542
1295965790 1.723 2.7011 -2.2999 0.621386 -0.173802 -0.412806 0.642855
1295965791 2.20618 2.65569 -1.42556 0.621745 -0.17413 -0.413305 0.642099
1295965792 2.70136 2.69759 -0.557778 0.621615 -0.174461 -0.413708 0.641875
1295965794 2.22945 2.79746 -1.43375 0.621113 -0.175368 -0.414091 0.641868
1295965795 3.15398 3.17651 -1.47316 0.632898 -0.190004 -0.404713 0.632096
1295965796 3.91363 3.7881 -1.69428 0.627732 -0.190062 -0.408811 0.634588
1295965797 4.76075 4.28631 -1.87913 0.632285 -0.198644 -0.403018 0.631136
1295965799 5.67325 4.68288 -1.97958 0.632322 -0.19512 -0.407943 0.629031
1295965800 6.60209 4.97492 -2.20752 0.657755 -0.23455 -0.365573 0.615387
1295965801 6.24906 5.87373 -1.94768 0.610177 -0.164913 -0.440638 0.637437
1295965801 6.9663 6.51918 -2.2103 0.598679 -0.150412 -0.455063 0.641777
1295965803 7.73362 7.10837 -2.4634 0.59945 -0.149095 -0.45602 0.640684
1295965804 8.38385 7.79601 -2.78645 0.591935 -0.139025 -0.463432 0.644605
1295965805 9.07919 8.45914 -3.06352 0.591904 -0.139079 -0.463191 0.644796
1295965806 9.56431 7.64995 -3.39498 0.59179 -0.138812 -0.463307 0.644874
1295965807 10.3527 8.1038 -3.8103 0.583215 -0.140456 -0.465791 0.650515
1295965808 11.1543 8.55524 -4.20221 0.58204 -0.138119 -0.470218 0.648882
1295965810 12.0184 8.66317 -4.69377 0.673817 -0.271805 -0.317573 0.609294
1295965811 12.8003 9.28661 -4.68918 0.658278 -0.24323 -0.348233 0.621484
1295965812 13.6405 9.82696 -4.73484 0.637591 -0.204808 -0.388732 0.632787
1295965813 14.4546 10.3945 -4.8577 0.617426 -0.173737 -0.418638 0.642917
1295965814 15.1785 11.04 -5.10128 0.611429 -0.164158 -0.427433 0.645374
1295965816 15.8526 11.6888 -5.45433 0.588648 -0.154105 -0.443623 0.657985
1295965817 16.5641 12.2942 -5.81116 0.582264 -0.153753 -0.443317 0.663927
1295965819 17.4661 12.7156 -5.90451 0.65116 -0.236086 -0.379477 0.613393
1295965819 16.894 11.9008 -5.81046 0.642067 -0.125284 -0.452824 0.605809
1295965821 17.4922 12.6722 -6.02765 0.650056 -0.136045 -0.437966 0.605892
1295965822 18.3122 13.2445 -6.02365 0.689649 -0.184394 -0.383053 0.58622
1295965823 19.0094 13.9479 -6.16235 0.679804 -0.172535 -0.390876 0.596082
1295965823 19.7622 14.5875 -6.3178 0.707055 -0.223501 -0.324891 0.586998
1295965824 20.4942 15.2592 -6.2032 0.70506 -0.220725 -0.332484 0.586196
1295965826 21.2017 15.9638 -6.14947 0.697817 -0.20599 -0.348174 0.591096
1295965826 21.9907 16.5755 -6.0921 0.693941 -0.19272 -0.353236 0.597101
1295965827 22.8949 16.986 -6.20981 0.69303 -0.196131 -0.352778 0.597319
1295965829 23.1177 17.9572 -6.12445 0.702348 -0.208861 -0.330899 0.594634
1295965830 24.0282 18.3382 -5.96361 0.714806 -0.204575 -0.321331 0.586471
1295965830 24.4689 19.193 -5.6894 0.709233 -0.186595 -0.339781 0.588829
1295965832 25.2035 19.8712 -5.67249 0.708487 -0.186149 -0.340612 0.589388
1295965834 25.5965 20.5962 -5.10676 0.713061 -0.156429 -0.381335 0.567148
1295965835 25.8076 21.5732 -5.13473 0.692803 -0.192869 -0.38926 0.575589
1295965837 25.7673 20.5954 -5.34011 0.798255 -0.279938 -0.179618 0.502156
1295965838 26.1609 21.3828 -4.86579 0.825033 -0.385342 0.0374209 0.411622
1295965839 26.4771 22.1109 -4.25756 0.825599 -0.381257 0.0341147 0.414566
1295965840 27.133 22.2657 -3.51874 0.823495 -0.396833 0.0612527 0.400784
1295965841 27.4256 22.9636 -2.86506 0.824189 -0.393878 0.0584644 0.402684
1295965843 28.1603 23.2347 -2.24316 0.796802 -0.452739 0.224542 0.331232
1295965844 28.125 24.0091 -1.61138 0.803688 -0.441477 0.205695 0.341868
1295965845 28.8146 23.7697 -0.927856 0.679431 -0.512837 0.485925 0.198113
1295965846 28.4065 24.6464 -0.673338 0.545155 -0.538289 0.639948 0.0593062
1295965846 27.8913 25.4803 -0.474992 0.39608 -0.537175 0.742956 -0.0507961
1295965848 27.2296 26.22 -0.596902 0.398371 -0.537737 0.741337 -0.05059
1295965849 26.3989 26.5633 -0.158687 0.196112 -0.491567 0.828019 -0.185164
1295965850 26.846 27.3643 -0.556937 0.295351 -0.510946 0.798232 -0.120529
1295965852 25.9292 27.5445 -0.913412 0.290552 -0.524286 0.790415 -0.126287
1295965853 25.8522 28.3033 -1.56016 0.370061 -0.545102 0.749119 -0.0688434
1295965854 25.2755 29.1159 -1.64426 0.380487 -0.544751 0.744842 -0.0607184
1295965855 24.855 30.0217 -1.59306 0.433762 -0.537643 0.722863 -0.0161068
1295965857 24.3337 30.871 -1.67619 0.469441 -0.538653 0.69947 0.0148415
1295965858 24.0739 31.8348 -1.73609 0.561959 -0.529429 0.629371 0.0883121
1295965859 23.4277 32.5942 -1.65956 0.566437 -0.523077 0.62914 0.0986055
1295965861 22.9363 33.4559 -1.5332 0.578453 -0.518653 0.619259 0.113617
1295965862 22.245 34.075 -1.16044 0.524738 -0.528953 0.664162 0.0612171
1295965863 21.5427 34.4868 -0.579779 0.35231 -0.517728 0.775724 -0.0780217
1295965865 20.7916 35.1459 -0.617198 0.0567833 -0.454958 0.854109 -0.245533
1295965866 20.4376 35.8915 -1.18181 -0.116991 -0.397469 0.845004 -0.338083
1295965867 19.7553 36.0077 -1.90357 -0.330875 -0.290558 0.782849 -0.439596
1295965869 19.0677 35.5554 -1.33562 -0.109846 -0.386576 0.845802 -0.350873
1295965869 19.0357 36.3268 -1.97123 -0.0710281 -0.398701 0.853601 -0.327656
1295965870 18.6074 35.8633 -2.74697 -0.19645 -0.388033 0.818178 -0.376062
1295965872 18.6656 36.5952 -3.42589 -0.309989 -0.337624 0.779926 -0.426184
1295965872 18.5959 37.4388 -3.95843 -0.389893 -0.251193 0.752527 -0.467534
1295965873 18.6494 38.0564 -4.74309 0.506737 0.155941 -0.678621 0.508305
1295965875 18.7704 37.8564 -5.71539 0.677062 -0.0201264 -0.49477 0.544412
1295965876 19.1616 38.7574 -5.52764 0.711245 -0.120779 -0.448218 0.527868
1295965876 19.976 39.2921 -5.75293 0.761627 -0.179677 -0.350805 0.51437
1295965878 20.786 39.8605 -5.60853 0.798839 -0.243359 -0.250838 0.489605
1295965879 21.3348 40.6016 -5.22169 0.819787 -0.297725 -0.160387 0.462152
1295965880 21.5926 41.3954 -4.6709 0.794796 -0.253062 -0.258934 0.487044
1295965882 22.0942 42.2605 -4.67763 0.729416 -0.148355 -0.399551 0.535073
1295965883 22.6341 43.0784 -4.87618 0.729717 -0.163069 -0.378276 0.545737
1295965884 23.3131 43.7724 -5.11578 0.734046 -0.209238 -0.316348 0.563312
1295965885 23.9821 44.5003 -4.96557 0.748318 -0.228806 -0.279529 0.556356
1295965886 24.6976 45.1383 -4.68085 0.745832 -0.224927 -0.287723 0.557097
1295965887 25.5389 45.6194 -4.43434 0.750605 -0.235143 -0.283362 0.548639
1295965889 26.4063 46.0476 -4.68783 0.75303 -0.308472 -0.199589 0.545852
1295965890 27.2797 46.2291 -4.23593 0.770692 -0.346561 -0.172139 0.506259
1295965891 27.4828 47.1267 -3.84473 0.760456 -0.326744 -0.214257 0.518689
1295965892 27.9054 47.7766 -3.2131 0.799433 -0.390523 -0.117661 0.441083
1295965893 28.3929 47.0544 -2.72239 0.803394 -0.549045 0.152091 0.173135
1295965894 28.7193 47.1685 -1.78408 0.775462 -0.559957 0.27354 0.101399
1295965895 28.5777 47.4713 -0.841585 0.746226 -0.560481 0.357153 0.038074
1295965896 28.0511 46.9744 -0.151753 0.61733 -0.575134 0.519211 -0.136176
1295965898 27.1943 46.5055 0.0625374 0.535878 -0.573789 0.577771 -0.223117
1295965899 26.4017 47.0799 0.267431 -0.566818 0.582786 -0.550106 0.190949
1295965899 25.6915 47.5531 0.788636 0.608911 -0.593611 0.507525 -0.138823
1295965901 25.1316 48.2016 1.3044 0.612752 -0.592429 0.506739 -0.129537
1295965901 24.6922 49.0824 1.48072 0.456944 -0.52692 0.661969 -0.274508
1295965903 23.806 49.5448 1.51044 0.36813 -0.486013 0.715657 -0.340743
1295965904 22.9788 50.0425 1.24971 0.301489 -0.45474 0.745787 -0.382253
1295965905 22.1047 49.6158 1.01766 0.161646 -0.381571 0.783222 -0.463506
1295965907 21.5248 50.0981 0.361064 0.164331 -0.383763 0.783421 -0.460405
1295965908 20.8506 50.4427 -0.292146 0.176876 -0.38997 0.779638 -0.45695
1295965909 20.185 50.8464 -0.919792 0.187335 -0.396949 0.777023 -0.45119
1295965910 19.6242 50.4938 -1.66898 0.0874303 -0.362556 0.784337 -0.495707
1295965911 19.4363 50.7148 -2.626 0.108997 -0.392199 0.776361 -0.481211
1295965913 18.9013 51.1525 -3.34867 0.114028 -0.394362 0.776439 -0.478141
1295965914 19.2579 51.9672 -3.80593 0.340366 -0.548866 0.694503 -0.317117
1295965916 18.6182 52.7262 -3.92751 0.367132 -0.569345 0.675105 -0.292052
1295965918 17.7115 53.1222 -4.0724 0.374911 -0.561093 0.67879 -0.289587
1295965919 16.72 53.079 -4.19527 0.158539 -0.47103 0.744721 -0.445406
1295965921 16.0376 52.4439 -4.5573 0.235572 0.181932 -0.703714 0.645131
1295965922 15.8113 52.922 -5.40596 0.381041 0.0046977 -0.623406 0.682752
1295965923 16.1039 53.4587 -6.19734 0.370497 0.00637516 -0.623827 0.688136
1295965924 16.4529 53.9687 -6.98359 0.353921 0.0160548 -0.62865 0.692301
1295965925 16.8376 54.4948 -7.74207 0.347202 0.0203997 -0.631338 0.693143
1295965926 17.2634 54.8975 -8.55227 0.389663 -0.0270316 -0.607716 0.691458
1295965927 17.7541 55.4679 -9.21096 0.422924 -0.0615766 -0.58391 0.690212
1295965928 18.6696 55.6194 -9.58377 0.558268 -0.136868 -0.527466 0.625606
1295965929 19.4851 55.9694 -10.0447 0.630077 -0.215922 -0.447789 0.596545
1295965930 20.3675 56.0768 -10.5029 0.665254 -0.304559 -0.354369 0.582326
1295965931 21.3084 55.904 -10.7939 0.686869 -0.363015 -0.281682 0.563104
1295965932 21.8771 56.7237 -10.7265 0.674309 -0.468469 -0.223885 0.52509
1295965933 22.7077 57.2654 -10.597 0.704054 -0.549696 -0.0895729 0.44059
1295965934 23.4359 57.7659 -10.1288 0.707788 -0.568226 -0.0564407 0.415897
1295965935 23.9355 58.3482 -9.48752 0.706686 -0.555856 -0.0768914 0.430937
1295965936 24.5655 58.8691 -8.91142 0.708819 -0.565741 -0.0588801 0.417188
1295965937 25.0983 59.4129 -8.26307 0.710883 -0.56505 -0.0582013 0.414699
1295965938 25.9082 59.6422 -7.72323 0.700535 -0.596775 -0.0123391 0.3911
1295965939 26.435 60.1939 -7.07659 0.697886 -0.596263 -0.0166361 0.39642
1295965940 27.2608 60.5227 -6.6184 0.690469 -0.591983 -0.00643899 0.415654
1295965941 27.5392 60.5212 -5.65794 0.69568 -0.61156 -0.0103024 0.37672
1295965942 27.9819 61.0348 -4.92293 0.700671 -0.617219 0.00312598 0.357897
1295965944 28.4956 61.5772 -4.2582 0.695602 -0.62659 0.0240978 0.350631
1295965945 29.0606 61.8683 -3.4861 0.694934 -0.641678 0.0762398 0.315443
1295965946 29.6897 61.893 -2.70917 0.688087 -0.640653 0.139031 0.311079
1295965948 29.6498 62.7027 -2.12372 0.689319 -0.659553 0.239636 0.180011
1295965949 29.4981 63.2511 -1.30137 -0.621858 0.680452 -0.386844 -0.025102
1295965950 28.9362 62.6547 -0.72817 -0.523363 0.679162 -0.491992 0.15091
1295965951 28.3179 63.3257 -0.31888 -0.519143 0.669642 -0.500836 0.176731
1295965952 27.7071 62.9193 0.36063 -0.415474 0.611266 -0.599835 0.306486
1295965953 27.0339 62.1804 0.392194 -0.158995 0.460274 -0.699785 0.522656
1295965954 26.2673 61.5515 0.263124 0.020548 0.241967 -0.732816 0.635618
1295965955 25.8987 61.9977 -0.5524 0.103525 0.16385 -0.727224 0.658469
1295965956 25.6524 61.8265 -1.50636 0.252941 0.00830299 -0.678663 0.68947
1295965958 25.9407 62.2918 -2.34325 0.236371 0.0240636 -0.686265 0.687452
1295965959 26.1884 62.7713 -3.18512 0.223468 0.0372043 -0.691546 0.685888
1295965960 26.1654 63.1192 -4.12236 0.199898 0.0452141 -0.696354 0.687813
1295965962 26.224 63.4686 -5.0575 0.377673 -0.158297 -0.616051 0.672894
1295965963 26.7755 63.4467 -5.89136 0.520347 -0.349658 -0.492581 0.603608
1295965964 27.7208 63.7426 -6.029 0.533882 -0.355541 -0.488631 0.591439
1295965965 28.2607 64.437 -6.50471 0.46008 -0.328604 -0.510659 0.647745
1295965966 28.4435 65.3751 -6.79892 0.339784 -0.221135 -0.583659 0.703554
1295965967 27.7608 65.6795 -6.13467 0.253471 -0.125554 -0.615768 0.735404
1295965968 28.1077 65.8921 -7.04816 0.161965 -0.0353369 -0.64592 0.745189
1295965969 28.3037 66.3493 -7.91569 0.106075 0.0347894 -0.659821 0.743084
1295965970 28.5213 66.7878 -8.78766 0.0169597 0.156413 -0.668291 0.727073
1295965971 28.2136 67.0955 -9.68802 0.00163703 0.164712 -0.667377 0.726275
1295965972 28.3547 68.0442 -9.97092 -0.101557 0.301523 -0.661195 0.679405
1295965973 28.9952 68.3872 -9.28379 0.785854 0.573827 -0.0227846 -0.229428
1295965974 29.2777 67.8529 -8.48702 0.783781 0.568993 -0.0387308 -0.245832
1295965975 29.5128 67.5731 -7.55622 0.781428 0.548238 -0.0989996 -0.281079
1295965976 29.7568 67.1216 -6.69797 0.780813 0.540018 -0.124456 -0.288483
1295965978 30.1688 66.6189 -5.93799 0.772349 0.524788 -0.164147 -0.318011
1295965979 30.443 65.9019 -5.29711 0.764331 0.496945 -0.216356 -0.349333
1295965980 30.9003 65.3819 -4.57569 0.786903 0.542218 -0.120828 -0.268671
1295965981 31.4486 65.0711 -3.79925 0.784661 0.540035 -0.115772 -0.281542
1295965982 31.939 64.2665 -3.46444 0.757422 0.542439 -0.138529 -0.335978
1295965984 32.858 64.3031 -3.07201 0.757272 0.543198 -0.137998 -0.335309
1295965985 33.5923 64.0948 -3.71811 0.743878 0.554295 -0.130483 -0.349823
1295965987 34.3092 64.0446 -3.02274 0.750073 0.572769 -0.0929176 -0.317322
1295965988 34.5354 63.6511 -2.13167 0.756573 0.607108 -0.0150261 -0.242467
1295965988 34.6773 63.4005 -1.17404 0.757046 0.620445 0.0261745 -0.203084
1295965990 34.8083 63.0952 -0.230836 0.756876 0.620522 0.0216344 -0.204017
1295965990 35.1789 62.3292 0.294431 0.757355 0.574673 -0.0876094 -0.297471
1295965992 35.6276 61.8019 1.01598 0.754216 0.559576 -0.119515 -0.322103
1295965993 36.1484 61.3913 1.76442 0.750413 0.555428 -0.132367 -0.332956
1295965995 36.633 61.17 2.6107 0.7659 0.594839 -0.0236119 -0.242911
1295965996 36.9276 60.7288 3.45837 0.766939 0.588719 -0.0357074 -0.252865
1295965997 37.3013 60.4384 4.3393 0.765798 0.586527 -0.0398845 -0.260671
1295965998 37.6443 60.0007 5.17043 0.76546 0.585371 -0.0433371 -0.263694
1295965999 37.9552 59.495 5.9751 0.767019 0.602821 0.00296083 -0.219727
1295966000 38.0691 59.1344 6.90088 0.768055 0.599581 -0.00726993 -0.224814
1295966001 38.4667 58.798 7.75454 0.765875 0.594861 -0.0196669 -0.243289
1295966002 38.6384 58.594 8.71831 0.76678 0.601684 -0.00202658 -0.223652
1295966003 38.9579 58.8059 9.64192 0.752189 0.636663 0.119549 -0.120748
1295966004 38.8423 58.384 10.5412 0.743561 0.642917 0.164681 -0.081577
1295966005 38.6158 57.6059 11.127 0.741238 0.645801 0.167523 -0.0737852
1295966006 38.5093 57.2264 12.0461 0.741612 0.645524 0.161775 -0.0844961
1295966007 38.4178 56.4128 12.6203 0.763448 0.581091 -0.0550396 -0.276497
1295966008 38.1197 56.7557 11.7294 0.766067 0.582146 -0.0568703 -0.266483
1295966009 38.005 57.4409 11.0102 0.765954 0.582276 -0.0572113 -0.266451
1295966010 37.8618 56.4546 11.0925 0.765642 0.58324 -0.0567991 -0.265325
1295966010 37.649 55.4782 11.0578 0.765584 0.582428 -0.0587292 -0.26685
1295966011 37.8371 56.4602 11.0438 0.76579 0.582454 -0.0583339 -0.266288
1295966011 37.299 55.7801 10.5459 0.765623 0.582965 -0.0575947 -0.265812
1295966013 36.9266 56.458 9.91202 0.765435 0.583311 -0.0577536 -0.265559
1295966013 37.491 57.0593 10.4776 0.765719 0.583292 -0.0568168 -0.264985
