1295965766 -0.873861 0.0461666 0.483979 1.18575e-05 -0.000208302 -4.32416e-05 1
1295965767 -0.296801 -0.531247 1.06156 0.577495 -0.577318 0.577237 -0.000102144
1295965767 0.153646 -1.40968 1.22111 -0.414555 -0.167941 0.247276 0.859532
1295965768 -0.615619 -2.03299 1.08071 0.871976 -0.28572 -0.0834942 0.388652
1295965769 -1.49376 -1.68919 0.748025 0.872418 -0.28641 -0.0810849 0.387661
1295965769 -0.660581 -2.23642 0.827749 -0.385455 -0.0661478 0.279387 0.876922
1295965770 0.0195906 -1.53082 1.02647 -0.384829 -0.0646476 0.280072 0.87709
1295965771 0.446285 -0.638819 1.1757 -0.384791 -0.0639923 0.279977 0.877185
1295965772 1.28893 -0.11953 1.03325 0.877296 -0.253281 -0.0949236 0.396473
1295965773 1.97241 -0.809627 0.795286 0.877299 -0.253302 -0.0954539 0.396324
1295965774 1.84967 -0.058808 1.44429 0.874672 -0.244727 -0.116118 0.401963
1295965774 2.24841 -0.821584 0.935196 0.445598 0.790191 0.322715 -0.269993
1295965776 2.60408 -0.432649 0.0853555 0.199805 -0.405271 0.892092 0.00241422
1295965777 2.7965 -0.0750533 -0.828482 0.391375 -0.393781 0.822795 0.121536
1295965778 2.97999 0.884326 -0.614184 0.84516 0.385768 -0.33424 -0.158658
1295965780 2.35327 0.91873 -1.39266 -0.40649 0.856975 -0.173053 0.265355
1295965781 1.56925 0.893868 -0.772419 -0.405674 0.857387 -0.16228 0.271997
1295965783 1.84892 1.12071 -1.70533 0.853852 0.357436 -0.230704 0.299919
1295965784 2.15529 1.92525 -1.19656 0.849893 0.369056 -0.227881 0.29925
1295965785 2.00743 1.66384 -2.1504 -0.151882 0.747272 0.646914 0.00439886
1295965787 2.26794 1.77104 -3.1099 -0.787964 0.0137069 -0.204983 0.580437
1295965788 2.48931 1.47355 -4.0386 -0.789473 0.0134659 -0.204894 0.57842
1295965789 2.72107 0.960601 -4.86515 -0.789307 0.0150873 -0.205969 0.578224
1295965790 2.97679 0.635718 -5.77567 -0.788424 0.0148628 -0.205607 0.579562
1295965791 2.76323 1.13886 -4.93827 -0.158907 0.725126 0.670024 0.00291507
1295965792 2.95047 1.33333 -5.90115 -0.829152 -0.0339928 -0.161892 0.533987
1295965794 2.66008 1.88954 -5.12248 -0.110269 0.656026 0.740546 0.0951981
1295965795 2.37011 0.932568 -5.11117 -0.122515 0.649939 0.741351 0.113876
1295965796 2.36217 1.90774 -4.88986 0.594967 0.0660539 -0.0845433 0.796557
1295965797 2.52933 2.84212 -5.2045 0.596411 0.0555048 -0.0794049 0.796811
1295965799 2.81623 3.77058 -5.44041 -0.262209 0.481146 0.799426 0.246299
1295965800 2.93072 4.5397 -4.81164 0.527644 -0.0169511 -0.0768806 0.84581
1295965801 3.82837 4.09902 -4.80766 0.514661 0.0783576 -0.13988 0.84227
1295965801 3.84489 3.24131 -4.29378 0.510189 0.0980657 -0.152477 0.840739
1295965803 3.88698 4.12102 -4.76742 0.511662 0.0990072 -0.152926 0.839651
1295965804 3.99498 3.28237 -4.23358 -0.0810406 0.614107 0.776717 0.114085
1295965805 3.96828 4.24921 -3.97958 0.584485 0.103278 -0.136907 0.793075
1295965806 4.91348 4.08772 -4.26335 0.584448 0.103583 -0.137 0.793046
1295965807 5.09352 4.96797 -4.70238 0.576463 0.105728 -0.141887 0.797734
1295965808 4.91202 4.07773 -4.28463 -0.283976 0.568192 0.72642 0.262352
1295965810 5.15775 4.84668 -3.69444 0.574955 -0.00149333 -0.0683467 0.815324
1295965811 5.04392 3.93118 -3.30857 0.57095 0.0363805 -0.0947233 0.81469
1295965812 4.86295 3.02151 -2.93474 -0.196787 0.551072 0.784456 0.205484
1295965813 4.85782 2.09046 -3.29959 -0.158987 0.561074 0.792682 0.17769
1295965814 4.93066 1.1686 -3.68021 -0.147564 0.563426 0.795044 0.169352
1295965816 5.03399 0.287863 -4.14241 -0.126196 0.580589 0.789632 0.153205
1295965817 5.04625 -0.632488 -4.53331 -0.12555 0.586882 0.785991 0.148408
1295965819 5.31585 0.323389 -4.41662 0.759799 0.098123 -0.059154 0.639983
1295965819 5.6353 -0.617094 -4.53256 -0.0440452 0.847257 0.518235 -0.107927
1295965821 5.29948 0.279448 -4.82141 0.772864 0.130694 -0.0186467 0.620687
1295965822 5.27089 1.20901 -4.45384 0.776853 0.0765323 0.0473226 0.623219
1295965823 5.08811 2.1908 -4.40205 0.773018 0.0923225 0.0363367 0.626578
1295965823 5.19089 1.20002 -4.49041 -0.0802333 0.837849 0.537719 -0.0492968
1295965824 5.34529 0.311946 -4.05742 -0.0736319 0.836635 0.540129 -0.05367
1295965826 5.15058 1.22032 -4.42748 0.811627 0.0778235 0.05157 0.576668
1295965826 5.23423 0.28643 -4.77511 -0.143971 0.799559 0.582305 0.0299845
1295965827 5.44997 1.249 -4.9392 0.722066 -0.0767707 0.248438 0.641097
1295965829 6.10059 0.543652 -4.65782 0.714721 -0.0897445 0.270931 0.638527
1295965830 6.048 1.47909 -4.30827 0.720686 -0.0933704 0.282396 0.626216
1295965830 6.63674 0.671092 -4.28556 0.243667 0.536197 0.642306 -0.490472
1295965832 6.78569 -0.278292 -4.56211 0.244769 0.535913 0.641786 -0.490913
1295965834 6.08622 0.337629 -4.19964 0.870107 -0.200616 0.142753 0.426953
1295965835 5.72422 1.26542 -4.10937 0.849457 -0.225148 0.140874 0.455945
1295965837 5.09437 2.04213 -4.11226 0.813971 -0.292724 0.364296 0.345041
1295965838 5.6256 1.27288 -4.46728 -0.368688 -0.564935 -0.21352 0.706631
1295965839 5.04139 2.08254 -4.41115 0.535217 -0.313563 0.743582 0.249614
1295965840 4.35892 2.6666 -3.97171 0.509044 -0.323465 0.760743 0.239822
1295965841 3.76454 3.44286 -4.1818 -0.353744 -0.563644 -0.225027 0.711711
1295965843 4.25412 2.75919 -3.6406 -0.307807 -0.696036 -0.271882 0.588956
1295965844 4.87197 1.981 -3.52796 -0.312238 -0.68214 -0.261895 0.607127
1295965845 4.93698 2.24355 -4.49069 0.217725 0.860434 0.319416 -0.331997
1295965846 4.38795 2.98543 -4.87563 0.904153 -0.0335419 -0.0886261 0.416566
1295965846 4.50403 3.81699 -4.33244 0.90033 -0.123798 0.102811 0.404363
1295965848 4.42565 4.5522 -3.65915 0.901139 -0.122062 0.100819 0.403591
1295965849 5.02212 5.1691 -3.14568 0.837823 -0.216243 0.335006 0.372911
1295965850 4.20537 5.65264 -3.46049 0.87196 -0.170992 0.228032 0.398055
1295965852 4.13936 5.31448 -4.39926 0.87777 -0.176707 0.227255 0.382948
1295965853 4.9275 4.81592 -4.7602 -0.28603 -0.546047 -0.484687 0.620563
1295965854 5.25973 3.91819 -5.04953 0.524168 -0.226487 0.626755 0.530216
1295965855 5.42961 3.0855 -4.5225 0.560624 -0.179357 0.590355 0.55228
1295965857 4.98965 3.86251 -4.9727 0.589929 -0.151475 0.558378 0.563252
1295965858 5.37112 3.20004 -4.32802 0.660265 -0.0706525 0.47332 0.578815
1295965859 4.73104 3.96057 -4.43706 0.659048 -0.0614447 0.467697 0.585781
1295965861 5.28603 3.17687 -4.15814 -0.167094 -0.649787 -0.51673 0.531834
1295965862 5.73863 2.29526 -4.02429 0.114882 0.690701 0.532118 -0.476009
1295965863 5.6556 3.22649 -4.37913 0.430184 -0.24502 0.683568 0.536322
1295965865 5.40526 4.13996 -4.69993 -0.37567 -0.361918 -0.49071 0.697919
1295965866 5.52744 3.24359 -5.12608 -0.263532 -0.497362 -0.554295 0.613139
1295965867 5.56107 2.36167 -4.6559 0.106099 0.64712 0.595954 -0.463485
1295965869 6.34489 1.76518 -4.48316 -0.264244 -0.509531 -0.540794 0.614894
1295965869 6.00251 2.60912 -4.0702 0.525667 -0.248539 0.595922 0.553877
1295965870 5.65023 3.05049 -3.24492 0.465848 -0.343733 0.650303 0.491873
1295965872 5.31194 3.94583 -3.53461 0.374721 -0.412205 0.707147 0.435446
1295965872 5.37379 4.91321 -3.78026 -0.601191 -0.406161 -0.342032 0.597174
1295965873 5.35638 5.81772 -4.20637 -0.542652 -0.506691 -0.434951 0.50952
1295965875 5.3677 5.57154 -3.23721 0.395052 0.648407 0.566639 -0.320036
1295965876 5.52607 4.61544 -3.48379 0.37297 0.66908 0.606188 -0.213918
1295965876 5.09171 3.74413 -3.25546 0.288543 0.695248 0.644539 -0.133946
1295965878 4.77412 2.81516 -3.0653 0.204432 0.708347 0.674118 -0.044921
1295965879 4.66224 1.82167 -3.04403 0.683224 -0.0476411 -0.115571 0.71943
1295965880 4.59442 2.81872 -3.00821 0.66844 0.0259224 -0.201045 0.71561
1295965882 4.48311 3.71198 -3.44376 -0.146718 0.902327 0.395139 0.0902503
1295965883 4.65989 2.80657 -3.05776 0.680785 0.1458 -0.24765 0.673754
1295965884 4.67986 3.73674 -3.42435 0.669062 0.0944083 -0.200306 0.709451
1295965885 4.59316 2.74489 -3.33105 0.676006 0.0677263 -0.165644 0.714836
1295965886 4.38111 1.76799 -3.30426 -0.106237 0.607381 0.75538 0.221819
1295965887 4.00818 0.878019 -3.56669 0.707387 -0.0669889 -0.0610937 0.700987
1295965889 4.54506 1.62555 -3.95778 -0.152361 0.856717 0.375868 0.318662
1295965890 5.38764 2.13614 -4.12912 0.954917 -0.0106207 0.153911 0.253638
1295965891 4.68809 2.492 -3.50944 0.961977 -0.00591134 0.105425 0.251895
1295965892 4.31909 2.67017 -2.59725 0.945672 -0.0469643 0.238458 0.215957
1295965893 3.61382 2.93599 -3.25446 -0.28108 0.578754 0.465219 0.607955
1295965894 3.83 3.69853 -2.6447 0.616084 -0.0298001 -0.466695 0.633836
1295965895 3.17338 3.09197 -2.19644 0.662927 -0.092989 -0.391442 0.63139
1295965896 2.1801 3.20709 -2.20873 -0.184603 0.0365222 0.792064 0.580709
1295965898 1.71601 3.51292 -3.04004 -0.266889 -0.0609279 0.75731 0.592907
1295965899 1.18542 3.87866 -2.27537 -0.228036 -0.0271326 0.77092 0.594093
1295965899 0.592302 4.03025 -1.48465 -0.169939 0.026068 0.785536 0.594453
1295965901 1.08918 3.68112 -2.27914 -0.167537 0.0359271 0.785699 0.594406
1295965901 1.50456 2.97203 -2.84893 -0.500474 0.659497 -0.443412 0.343475
1295965903 0.630127 3.20526 -2.42353 -0.43977 0.608661 -0.504602 0.426041
1295965904 1.57471 2.90817 -2.56315 -0.543074 -0.354079 0.515333 0.560473
1295965905 0.842283 2.29746 -2.26219 0.621905 0.455276 -0.409243 -0.488342
1295965907 1.78533 2.02037 -2.07809 -0.470049 0.641543 -0.46676 0.386796
1295965908 2.74345 1.90585 -2.34056 0.690391 0.528705 -0.299896 -0.392293
1295965909 1.90763 2.07706 -2.86219 -0.504516 0.66392 -0.43557 0.339048
1295965910 2.80984 2.49813 -2.76882 0.514829 0.759445 0.29218 -0.269863
1295965911 3.28047 2.06133 -2.00219 0.523222 0.743423 0.283968 -0.304834
1295965913 3.08253 2.74521 -2.70443 0.737287 -0.559809 0.319984 0.201574
1295965914 3.69607 1.97935 -2.512 -0.506503 -0.241293 -0.10959 0.820501
1295965916 3.68571 2.87925 -2.07603 -0.505353 -0.201098 -0.0912508 0.834177
1295965918 3.26745 3.69173 -1.66989 -0.513678 -0.202045 -0.0836659 0.829646
1295965919 4.03016 3.08024 -1.88051 -0.44952 -0.42772 -0.232056 0.749091
1295965921 4.69495 2.90317 -1.15477 0.248129 0.759281 0.413123 -0.437327
1295965922 4.84701 1.93937 -0.935751 0.143806 0.855253 0.437322 -0.237932
1295965923 5.04252 1.02665 -0.576991 0.760629 -0.0921082 0.261193 0.587144
1295965924 4.81962 1.99842 -0.499733 0.761571 -0.0769995 0.249253 0.593256
1295965925 5.10644 1.04932 -0.629876 0.0908903 0.780464 0.564253 -0.253444
1295965926 5.29467 0.109993 -0.343109 0.0538357 0.795364 0.570064 -0.198812
1295965927 4.97013 1.02424 -0.585645 0.814462 0.0232163 0.0959641 0.571754
1295965928 4.85543 0.348333 -1.31365 0.828881 -0.0931439 0.2128 0.508918
1295965929 4.83265 1.2378 -0.85722 0.0544804 0.868468 0.478825 -0.116284
1295965930 4.42855 0.403597 -0.481977 -0.00601048 0.89021 0.45551 -0.000750591
1295965931 3.73024 -0.290634 -0.307593 -0.0525151 0.893979 0.437199 0.0830655
1295965932 3.98696 -1.09504 0.228154 -0.0532189 0.894449 0.395072 0.2026
1295965933 4.18728 -0.234067 -0.239392 -0.134609 0.84627 0.373641 0.355105
1295965934 3.76764 -1.06894 0.116834 -0.15291 0.829403 0.366926 0.392524
1295965935 3.25646 -1.77358 0.608949 -0.142406 0.839633 0.372289 0.368968
1295965936 2.77189 -2.54242 1.02617 -0.152403 0.830148 0.368863 0.389317
1295965937 2.24276 -3.26095 1.47753 -0.153639 0.828358 0.371191 0.39043
1295965938 2.78348 -2.42018 1.45081 0.785961 -0.0607782 -0.204791 0.580199
1295965939 2.42294 -3.33317 1.2599 0.0608875 0.822407 0.530835 0.195329
1295965940 1.96725 -4.21947 1.17732 0.0573701 0.835442 0.512487 0.190008
1295965941 1.14033 -4.54463 1.6361 0.0588788 0.812506 0.537367 0.218184
1295965942 1.56185 -3.71287 1.27486 0.82347 -0.035117 -0.236927 0.514325
1295965944 1.92237 -2.82412 1.55797 0.0530344 0.883339 0.428485 0.182484
1295965945 1.3576 -3.5616 1.92831 0.0169311 0.873772 0.425338 0.235211
1295965946 2.0749 -2.86486 1.93393 -0.0266091 0.878129 0.394634 0.269155
1295965948 1.86248 -3.43953 2.72427 -0.11397 0.810879 0.42023 0.391015
1295965949 1.28574 -4.16995 3.09013 -0.207864 0.701311 0.388024 0.560708
1295965950 0.646707 -4.13626 2.32169 0.909973 -0.0669001 0.338191 0.230436
1295965951 1.36758 -4.59536 1.80249 -0.108581 -0.814994 -0.193575 0.535278
1295965952 1.31609 -4.10649 0.931652 0.0659975 0.908523 0.198891 -0.361488
1295965953 0.790331 -4.12512 1.78208 0.257883 -0.208896 0.942757 -0.0326724
1295965954 -0.121637 -3.86485 2.09922 0.443603 0.843518 0.100292 -0.28572
1295965955 -0.449644 -3.33462 1.31739 0.858655 -0.397071 0.174143 0.27335
1295965956 -0.0804902 -3.07023 2.20836 0.801543 -0.433933 0.367503 0.184858
1295965958 -0.517827 -2.37647 2.78058 0.809017 -0.43125 0.347779 0.196379
1295965959 -0.929213 -1.67124 3.35799 0.463192 0.770839 0.117768 -0.421178
1295965960 -0.641818 -2.36488 4.0185 0.46992 0.762636 0.0982144 -0.433493
1295965962 -0.205751 -3.00576 4.65025 0.432295 0.852696 0.217377 -0.196922
1295965963 0.00230778 -2.62322 3.75004 0.761062 -0.454891 0.316006 0.337637
1295965964 -0.246219 -1.84403 4.32545 0.758264 -0.46509 0.32322 0.322885
1295965965 -0.207161 -0.844886 4.33931 0.765816 -0.416725 0.283475 0.399385
1295965966 0.124251 -1.68045 4.77747 -0.609015 -0.361011 0.155475 0.688911
1295965967 1.05117 -1.99005 4.98953 -0.58484 -0.268619 0.246191 0.724704
1295965968 1.71381 -2.73894 4.98094 -0.556172 -0.165562 0.320324 0.748768
1295965969 2.09213 -3.62334 4.7076 -0.521913 -0.0972268 0.366867 0.763913
1295965970 2.36103 -4.44243 4.20087 -0.448927 0.0137494 0.439099 0.778118
1295965971 2.74606 -5.22847 3.71725 -0.445932 0.0276857 0.448388 0.774162
1295965972 2.185 -6.05078 3.62225 -0.34622 0.159896 0.512837 0.769131
1295965973 1.67949 -5.81686 4.45275 -0.0577517 0.555734 0.460036 0.690066
1295965974 2.41584 -5.16044 4.61675 -0.445712 -0.188225 0.77667 -0.403356
1295965975 2.83992 -4.45034 4.05468 -0.326069 0.40773 0.330513 0.786255
1295965976 2.47396 -5.34972 3.81555 -0.324308 0.431072 0.33564 0.772235
1295965978 1.9513 -6.17311 3.5945 -0.300278 -0.372166 0.832015 -0.281206
1295965979 2.49348 -5.33809 3.50077 -0.254062 0.649458 0.395923 0.597413
1295965980 2.89772 -4.4489 3.28647 -0.311961 -0.314476 0.836277 -0.323149
1295965981 2.51931 -5.12212 3.92175 -0.254223 0.283443 0.339582 0.860067
1295965982 3.3586 -4.6759 4.23236 0.0384768 -0.689544 0.720728 -0.0600018
1295965984 3.88876 -5.39293 4.6849 -0.289358 -0.370375 -0.267644 0.841107
1295965985 3.22585 -6.07299 4.99805 -0.288178 0.850164 0.257596 0.357518
1295965987 2.5507 -6.7317 5.33012 -0.303789 0.830319 0.239747 0.401003
1295965988 2.29339 -7.51496 5.89607 -0.336594 0.78093 0.197009 0.487893
1295965988 2.78193 -6.73036 5.51431 0.734067 0.222885 -0.540676 0.345161
1295965990 2.20096 -7.5335 5.38221 -0.279309 0.747299 0.274382 0.536884
1295965990 2.83018 -7.22892 4.66714 -0.569399 -0.466026 0.667835 0.112259
1295965992 1.89911 -7.55458 4.50266 -0.437628 0.66929 -0.0139323 0.600282
1295965993 1.07617 -8.01953 4.82914 0.640096 0.439224 -0.629417 -0.0345437
1295965995 1.80016 -7.36139 5.03573 0.727241 0.432926 -0.531621 0.0327668
1295965996 1.06418 -7.80109 4.52095 -0.424996 0.773396 0.072138 0.464794
1295965997 1.73597 -7.26225 4.01268 0.803742 0.418782 -0.410454 0.100735
1295965998 2.28538 -6.81828 4.72052 0.801786 0.419465 -0.414104 0.0985236
1295965999 1.7696 -7.21705 3.96227 0.825785 0.411205 -0.362796 0.131792
1295966000 1.41336 -7.78432 3.21977 -0.451928 0.84988 0.0341055 0.26889
1295966001 0.884046 -8.02639 4.03293 0.85997 0.476067 -0.178027 -0.0460272
1295966002 1.12595 -7.74086 4.96026 0.864274 0.476974 -0.157095 -0.0290954
1295966003 1.59122 -7.18155 5.64634 0.874246 0.482389 -0.0155782 0.0524542
1295966004 1.4474 -7.13013 6.63461 0.873526 0.478368 0.0372876 0.0820076
1295966005 0.995606 -7.47511 7.45733 0.871837 0.479727 0.0421872 0.0893421
1295966006 1.13754 -7.5206 6.4685 0.871777 0.482063 0.0345618 0.0801568
1295966007 0.791046 -7.95556 7.29961 0.85026 0.472997 -0.218712 -0.0741431
1295966008 0.447597 -8.09326 6.37059 -0.494762 0.839968 -0.160665 0.154436
1295966009 0.368609 -7.66 7.26839 0.701484 0.35349 -0.562079 -0.258906
1295966010 0.600972 -8.39435 7.90615 0.70198 0.354144 -0.561627 -0.257646
1295966010 0.698829 -9.15872 8.54346 0.3253 -0.704539 -0.293656 0.558186
1295966011 0.276167 -9.90638 9.05567 0.325227 -0.705031 -0.293362 0.55776
1295966011 0.0421954 -9.23706 8.3505 -0.187198 -0.191002 0.901047 0.341452
1295966013 -0.567297 -9.08434 9.12845 -0.173365 0.552562 -0.216375 0.786004
1295966013 -0.771827 -9.46276 8.22569 0.927524 0.360348 0.0967105 -0.0222588
