1295965766 -0.873861 0.0461666 0.483979 0.873762 -0.0461345 -0.48416 -4.09064e-05
1295965767 -1.01156 0.600369 -0.336936 0.873762 -0.0461345 -0.48416 -4.09064e-05
1295965767 -1.42105 0.707236 -1.24297 0.873774 -0.0459069 -0.48416 0.000296835
1295965768 -1.86348 0.784348 -0.349488 0.873722 -0.0454083 -0.484302 0.000544873
1295965769 -2.63849 0.918335 0.268093 0.0361637 -0.161727 0.0814555 0.982803
1295965769 -1.69792 1.0548 0.579054 0.0362118 -0.160196 0.081049 0.983085
1295965770 -0.930882 1.10325 1.21882 0.967724 -0.115643 0.212014 -0.0720188
1295965771 -0.0130456 0.755811 1.02683 -0.0436415 -0.32803 0.320908 0.887417
1295965772 0.584603 1.36941 1.54288 -0.0424273 -0.325756 0.321571 0.888074
1295965773 0.936584 1.8458 2.34859 0.930682 -0.354687 0.00918704 -0.0891274
1295965774 0.439979 1.93989 3.21145 0.275354 0.827745 -0.138264 -0.468936
1295965774 -0.460393 2.31606 3.43016 -0.214401 -0.577593 0.232961 0.752428
1295965776 -1.37807 2.21078 3.04703 -0.134079 -0.320506 0.271444 0.897561
1295965777 -1.42272 2.15712 2.04947 0.500285 -0.581892 0.611663 -0.192314
1295965778 -1.54399 2.69772 2.88196 0.587012 -0.579654 0.560322 -0.0738783
1295965780 -0.851074 2.06883 2.52931 0.591083 -0.581506 0.555168 -0.0652695
1295965781 -1.71138 2.38858 2.92635 0.503641 0.709903 0.151787 -0.468343
1295965783 -1.79794 3.19499 2.34136 -0.553682 -0.587672 -0.021226 0.5896
1295965784 -1.10394 2.68999 2.85453 0.412663 -0.499927 0.754566 -0.102044
1295965785 -0.615671 2.03381 3.42988 0.412115 -0.500956 0.754241 -0.101611
1295965787 -0.160774 2.4013 4.24106 0.412084 -0.500677 0.754453 -0.101541
1295965788 -0.395355 1.90671 3.40419 0.770509 -0.0840311 -0.412575 0.478577
1295965789 0.0537246 1.46498 4.18085 0.377434 -0.363854 0.849332 0.0615512
1295965790 -0.342214 0.719764 3.6443 0.856792 0.0339704 -0.390507 0.335049
1295965791 -0.820818 1.38468 3.07086 0.857107 0.0335013 -0.39059 0.334194
1295965792 -1.29887 1.98852 2.43302 0.857102 0.0330182 -0.390828 0.333975
1295965794 -1.7715 2.69045 1.90018 0.856976 0.0319552 -0.391031 0.334164
1295965795 -0.904619 3.0311 2.26415 -0.0340122 0.640652 0.482666 0.59619
1295965796 -0.212989 3.70139 2.53314 -0.0323109 0.64575 0.478659 0.59401
1295965797 -0.989381 3.14784 2.23182 0.734808 -0.0479829 -0.480971 0.475839
1295965799 -0.0899166 3.5838 2.20183 0.734137 -0.0451079 -0.485563 0.472479
1295965800 -0.986399 3.18424 2.39332 0.764164 -0.074598 -0.436585 0.468917
1295965801 -0.651324 2.54085 1.70501 -0.502214 -0.666253 -0.178517 0.521556
1295965801 -1.10577 3.33409 1.29974 0.644155 -0.467401 0.566221 0.214461
1295965803 -1.6413 4.11754 1.61506 -0.4542 -0.67352 -0.240949 0.531052
1295965804 -2.02972 4.99514 1.33409 -0.457203 -0.666769 -0.232124 0.540835
1295965805 -2.51001 5.8257 1.05215 -0.457137 -0.666983 -0.231946 0.540704
1295965806 -2.52849 6.25223 1.95644 -0.584256 -0.20765 0.616089 -0.485757
1295965807 -2.06459 7.00884 1.49563 -0.363319 0.461153 0.377752 0.715989
1295965808 -1.79078 7.83225 1.99265 -0.359158 0.464481 0.378479 0.715553
1295965810 -1.66913 8.4686 2.7544 -0.442903 0.287178 0.298589 0.795116
1295965811 -1.5374 9.35475 3.19868 -0.337961 -0.378542 0.787282 -0.35025
1295965812 -1.72197 8.56602 3.78505 -0.291112 -0.401014 0.805511 -0.324951
1295965813 -1.57459 9.36579 3.20312 -0.441499 0.16553 0.26315 0.841683
1295965814 -1.57138 8.50922 2.6871 -0.16911 -0.376745 0.864557 -0.286366
1295965816 -1.60864 9.33348 2.1221 -0.5137 0.173376 0.243988 0.804066
1295965817 -1.54482 8.40574 1.75438 -0.192378 -0.431509 0.83358 -0.286244
1295965819 -1.61778 7.80634 2.5515 -0.314872 -0.411048 0.793496 -0.31978
1295965819 -1.91778 6.87143 2.74109 -0.228605 -0.498494 0.792181 -0.267757
1295965821 -2.0085 5.90037 2.96203 -0.242056 -0.492301 0.787659 -0.280431
1295965822 -1.84387 6.72511 2.42101 -0.363222 0.202318 0.331491 0.846907
1295965823 -1.82964 5.89703 1.86058 -0.15189 -0.219892 0.889457 -0.370734
1295965823 -1.79404 5.37099 2.7103 -0.22451 -0.179596 0.872505 -0.395064
1295965824 -1.5382 5.84244 1.86633 -0.173004 0.200728 0.391873 0.88103
1295965826 -1.33953 6.34613 2.70706 -0.163532 0.220634 0.39699 0.875772
1295965826 -1.12018 6.73684 3.60106 -0.160353 0.231923 0.405663 0.869446
1295965827 -1.11579 6.98319 4.57023 -0.16238 0.231348 0.402975 0.870472
1295965829 -0.64755 7.77027 4.97179 0.338121 -0.289064 0.857505 -0.25846
1295965830 -1.49521 7.73528 4.44239 -0.219388 -0.637356 0.0986666 0.732059
1295965830 -2.37538 7.9593 4.86086 -0.212328 -0.618911 0.102614 0.749224
1295965832 -1.3995 7.75311 4.78918 0.577032 -0.172392 0.79351 -0.0875092
1295965834 -0.701598 7.8846 5.49321 0.603591 -0.209957 0.763442 -0.0935553
1295965835 -1.33757 8.50291 5.03144 -0.361435 -0.0943966 0.312375 0.873428
1295965837 -1.6312 7.63488 4.63106 0.846825 -0.403669 0.317897 0.137407
1295965838 -1.07919 7.07758 4.01082 0.744233 -0.413639 0.524075 0.0191044
1295965839 -0.369771 6.57111 3.5207 0.747991 -0.411386 0.520409 0.0210961
1295965840 -0.872581 6.5399 4.38453 0.311829 0.908779 0.271774 0.0549714
1295965841 -1.21347 6.07227 5.20008 0.311628 0.909563 0.270191 0.0507956
1295965843 -2.01353 5.92248 5.781 0.749139 -0.424091 0.412761 0.297601
1295965844 -2.34703 6.75796 6.21774 0.446963 0.75679 0.248442 -0.407149
1295965845 -1.98846 6.63384 5.29252 0.0421882 -0.392547 0.918707 -0.010222
1295965846 -2.12802 5.89157 5.94793 -0.180604 -0.378427 0.900216 -0.117417
1295965846 -1.87523 6.7001 5.41654 -0.43045 0.446323 0.1677 0.76641
1295965848 -2.42252 5.90327 5.16055 -0.463137 -0.445903 0.747916 -0.165217
1295965849 -2.47905 6.74058 4.61675 -0.594062 0.158557 -0.158454 0.772555
1295965850 -3.46611 6.64442 4.4884 0.492083 -0.29145 0.590796 0.569097
1295965852 -3.0158 5.79402 4.21629 -0.247591 0.508766 0.765837 -0.305531
1295965853 -3.99549 5.99454 4.21284 -0.164898 0.46532 0.795149 -0.35217
1295965854 -3.41151 5.42474 3.63467 -0.153338 0.461729 0.79657 -0.358846
1295965855 -3.93927 5.83899 4.37619 0.263115 0.301071 0.28967 0.869608
1295965857 -4.6784 5.98252 3.7181 -0.203926 0.28857 0.87546 -0.329715
1295965858 -5.32476 5.92875 4.47924 0.152878 0.480084 0.227249 0.83337
1295965859 -6.24333 6.00138 4.0907 -0.441157 0.053489 0.876246 -0.186313
1295965861 -7.07334 5.79811 4.6101 -0.421253 0.0545205 0.885532 -0.188165
1295965862 -6.45127 5.72059 3.83098 0.0610124 0.273761 0.218029 0.93477
1295965863 -6.46675 5.57069 4.81956 -0.00204028 0.0370574 0.238309 0.97048
1295965865 -6.30502 5.57727 3.83274 -0.0916854 -0.301736 0.215527 0.924174
1295965866 -5.67929 5.53094 3.05409 0.464741 -0.104448 0.858693 -0.189085
1295965867 -6.5995 5.27164 3.3473 0.270123 0.868151 -0.115833 -0.399912
1295965869 -5.72692 5.63864 3.66967 -0.572304 0.518534 -0.369923 0.516477
1295965869 -4.75732 5.76943 3.46286 0.587863 -0.544219 0.347757 -0.487142
1295965870 -4.97768 4.90839 3.00453 0.442312 0.727087 0.508496 0.130909
1295965872 -5.60271 4.32465 3.52279 0.746477 -0.372883 -0.224092 0.5035
1295965872 -4.79566 4.89933 3.65853 0.745378 -0.446693 -0.122673 0.479404
1295965873 -5.65753 4.55871 3.28283 0.359165 0.781193 0.384333 0.336195
1295965875 -6.44678 5.1525 3.12629 0.702867 -0.561578 0.435866 0.0250803
1295965876 -6.94963 5.96619 3.41793 -0.542567 -0.339563 0.265464 0.721004
1295965876 -6.05579 5.51933 3.45493 0.291183 -0.384616 0.8381 -0.254697
1295965878 -6.84104 5.93094 2.99237 -0.412727 -0.300885 0.252204 0.821899
1295965879 -6.22082 5.31551 2.50599 -0.441256 -0.388846 0.205191 0.782297
1295965880 -5.65181 4.64735 2.02661 0.510142 -0.525331 0.669305 -0.125755
1295965882 -6.12847 5.46989 2.33681 0.635525 -0.529334 0.561459 -0.0260058
1295965883 -6.54853 6.22163 2.84518 0.626021 -0.516057 0.583862 -0.0298031
1295965884 -7.06785 6.85174 3.42247 0.680305 0.590025 -0.204193 -0.383876
1295965885 -7.77255 7.17177 2.78924 -0.629351 0.682183 -0.347392 0.133649
1295965886 -7.08752 6.93205 2.1013 -0.63099 0.685001 -0.341188 0.12734
1295965887 -7.78398 6.97978 2.81731 -0.621623 0.689225 -0.346238 0.136647
1295965889 -8.06407 6.86811 3.77077 -0.580254 0.663627 -0.435831 0.181537
1295965890 -7.20021 7.06421 3.30677 -0.539175 0.671453 -0.455545 0.225656
1295965891 -7.7877 7.81864 3.59948 -0.496405 -0.305422 0.453921 0.673984
1295965892 -7.14202 7.32953 3.01308 -0.377588 0.758191 -0.368468 0.383151
1295965893 -6.55877 7.93629 3.55313 -0.13776 0.592297 -0.429451 0.667667
1295965894 -5.63783 8.11008 3.90194 -0.0876785 0.484268 -0.446708 0.747161
1295965895 -4.82522 8.0591 4.48252 -0.621131 -0.0515516 0.685887 0.37563
1295965896 -5.16754 8.13231 5.41925 0.766123 0.167205 -0.488391 -0.382847
1295965898 -4.4047 8.01267 4.78382 0.307624 0.389997 0.00571675 0.867892
1295965899 -3.60797 7.56631 5.19123 -0.287001 0.336467 0.895027 -0.0578546
1295965899 -4.16659 7.93054 5.9364 0.104359 0.228661 0.0294653 0.967448
1295965901 -4.772 7.85526 5.14405 -0.0217731 0.319171 0.94207 -0.100797
1295965901 -4.13961 7.57183 4.42311 -0.272615 0.349654 0.896246 -0.012877
1295965903 -3.63384 6.99787 3.77909 0.29742 0.383153 -0.0539478 0.872825
1295965904 -2.95314 6.4528 4.26852 0.30245 0.303018 -0.027961 0.903284
1295965905 -3.30206 5.9458 5.05668 0.834201 -0.137368 -0.479599 -0.234998
1295965907 -2.59197 5.4169 5.52148 0.831914 -0.139965 -0.482706 -0.23521
1295965908 -3.38742 5.93439 5.20609 0.825161 -0.141051 -0.495488 -0.231745
1295965909 -4.16904 6.44606 4.84936 0.817899 -0.144338 -0.507022 -0.230511
1295965910 -4.78615 7.11774 5.25927 0.863622 -0.107037 -0.414909 -0.265614
1295965911 -4.30068 6.2675 5.46275 0.329952 0.817972 0.139019 0.450253
1295965913 -3.47817 6.11199 4.91568 0.33086 0.820649 0.135777 0.445681
1295965914 -3.50827 6.30867 3.93568 0.379928 0.911964 0.0365269 0.150475
1295965916 -3.34844 6.50473 2.9682 0.849042 -0.370914 -0.321285 0.195771
1295965918 -4.06474 6.59471 2.27623 0.359017 0.761898 0.342109 0.41663
1295965919 -4.96159 6.95845 2.52794 0.901198 -0.363953 -0.198538 0.126346
1295965921 -4.24176 6.26437 2.5378 0.158686 0.524962 0.363453 0.753085
1295965922 -4.95904 5.98611 1.89899 -0.283408 0.347293 0.763119 -0.465528
1295965923 -4.31315 5.79574 1.15968 -0.274879 0.34881 0.760691 -0.473415
1295965924 -3.63871 5.55329 0.462291 0.244153 0.305346 0.453596 0.800877
1295965925 -2.94424 5.47246 1.17725 0.245943 0.312979 0.451146 0.798764
1295965926 -3.6113 5.68209 0.462349 -0.348916 0.273666 0.781834 -0.438292
1295965927 -4.42363 5.73742 1.04292 -0.391842 0.294142 0.761206 -0.42486
1295965928 -5.21945 6.30832 1.24473 0.477494 0.0849305 0.603673 0.632745
1295965929 -5.79577 7.0043 0.816392 0.396468 -0.00683804 0.663759 0.634185
1295965930 -5.98093 7.89457 0.400308 -0.103265 0.737898 0.505192 -0.435459
1295965931 -5.98467 6.92314 0.637611 0.136548 -0.146905 0.757587 0.621156
1295965932 -5.82388 7.00622 -0.345874 -0.492168 0.148216 -0.533103 0.672015
1295965933 -4.97113 7.43173 -0.0429457 -0.103029 -0.199139 0.757959 0.612558
1295965934 -4.42722 7.65101 -0.852932 -0.342967 0.0181172 -0.620308 0.705169
1295965935 -4.86244 7.25327 -1.66064 0.0325681 -0.340567 0.692882 0.634718
1295965936 -4.42367 7.76593 -2.39865 -0.394307 -0.0541822 -0.624489 0.672012
1295965937 -4.83119 7.18506 -3.10329 0.0819488 -0.390006 0.664905 0.631728
1295965938 -5.36328 6.40811 -2.76681 0.0290583 -0.416945 0.667608 0.616127
1295965939 -5.89515 5.84305 -2.13607 0.0308088 -0.411598 0.666569 0.620744
1295965940 -5.16473 6.45959 -2.42998 0.524188 0.38465 0.615212 -0.445854
1295965941 -5.109 5.55629 -2.0046 -0.25684 0.883541 -0.378575 -0.100347
1295965942 -5.07311 4.8139 -2.6736 -0.252232 0.887107 -0.378855 -0.0767356
1295965944 -5.03244 5.47772 -1.92682 -0.240952 0.885464 -0.392812 -0.0599605
1295965945 -5.25396 6.00403 -1.10589 0.905656 0.312323 0.180189 -0.223098
1295965946 -5.24587 5.96198 -2.10497 -0.129009 0.774041 -0.601119 0.151239
1295965948 -5.33215 6.95704 -2.05575 -0.494932 0.0669474 0.495578 0.710608
1295965949 -4.97658 6.19832 -2.60157 0.0653112 -0.627553 0.671345 -0.388853
1295965950 -5.68285 5.92059 -3.25277 0.0969947 0.547676 -0.64488 0.524188
1295965951 -5.31904 5.01742 -3.02491 0.10794 0.537522 -0.63315 0.546389
1295965952 -4.56656 5.06833 -2.36828 0.892242 0.188206 0.0165973 -0.410132
1295965953 -3.60192 5.13854 -2.11421 0.813406 0.332008 0.350005 -0.325019
1295965954 -3.48184 5.36949 -1.14868 0.684989 0.443903 0.552018 -0.170341
1295965955 -2.7926 6.05259 -1.39018 0.617491 0.461726 0.626438 -0.114407
1295965956 -3.55802 5.75359 -0.82032 -0.303823 0.777296 -0.333519 -0.438484
1295965958 -3.00705 6.53306 -0.522207 0.825085 0.286181 0.356664 -0.331852
1295965959 -3.50349 5.77883 -0.0924492 0.83201 0.278564 0.341317 -0.337141
1295965960 -4.05556 5.23422 0.538917 -0.170449 0.719181 -0.560944 -0.372917
1295965962 -3.60403 6.10534 0.731975 0.873607 0.0201761 0.153108 -0.461477
1295965963 -3.66074 6.77841 -0.0054324 0.805204 0.140185 0.390786 -0.423416
1295965964 -4.13763 5.94507 0.274083 -0.178934 0.818424 -0.364309 -0.406748
1295965965 -3.1986 6.26713 0.394474 0.981591 0.153683 -0.0518094 -0.100879
1295965966 -2.42229 6.47786 -0.199611 0.959055 0.122588 -0.233421 -0.103444
1295965967 -1.59181 6.55352 0.35228 -0.0649244 0.602499 -0.204187 0.768822
1295965968 -2.57369 6.5538 0.162758 0.709209 -0.0212178 -0.699264 -0.0871932
1295965969 -1.62864 6.39174 0.446684 -0.00674233 0.827348 -0.100855 0.55252
1295965970 -2.39962 6.73409 0.983695 0.753325 0.0613628 -0.611486 -0.234139
1295965971 -1.46067 6.51484 1.24885 -0.140003 0.770236 -0.298058 0.546165
1295965972 -1.53189 7.34391 1.80343 0.0343235 0.0212269 0.852011 0.521966
1295965973 -1.3965 6.75794 2.60236 -0.415586 0.802159 0.261008 -0.340153
1295965974 -2.19496 6.67711 2.00577 -0.411381 0.792728 0.273601 -0.357059
1295965975 -1.36425 6.44562 2.51207 -0.386824 0.767234 0.297757 -0.416004
1295965976 -0.399287 6.38597 2.76757 0.766865 0.492903 0.220799 0.346716
1295965978 -1.15308 6.50046 3.41463 0.777904 0.510257 0.181551 0.318656
1295965979 -1.92171 6.33312 4.03205 0.7896 0.526835 0.124544 0.288905
1295965980 -1.23514 6.23504 3.31163 0.758274 0.490813 0.224752 0.365526
1295965981 -0.588845 5.92117 2.61608 0.76557 0.486615 0.227038 0.354348
1295965982 -0.0805251 6.24035 1.81625 0.780711 0.507282 0.213077 0.296231
1295965984 -0.013235 5.76625 0.938353 0.78019 0.507444 0.213994 0.296666
1295965985 -0.65852 6.08689 0.244957 0.780634 0.511584 0.227698 0.277573
1295965987 -1.08378 6.56727 1.01202 -0.590043 0.787647 0.171594 0.0449082
1295965988 -0.665217 6.26954 1.87002 0.703989 0.554983 -0.360901 0.257185
1295965988 -0.694445 5.43435 1.32085 0.722398 0.537622 -0.321727 0.292566
1295965990 -0.761884 4.63384 0.725324 0.7199 0.538919 -0.325403 0.292272
1295965990 -1.09363 4.35942 -0.177247 0.669764 0.570189 -0.430766 0.201845
1295965992 -1.48935 3.73979 -0.85509 0.651876 0.576787 -0.459725 0.176147
1295965993 -1.08472 4.45963 -0.291079 0.642944 0.581782 -0.469779 0.165716
1295965995 -0.829517 5.31127 0.166718 -0.620161 0.690243 0.0820439 0.363641
1295965996 -0.425487 5.78651 -0.614888 -0.6169 0.697809 0.0914312 0.352332
1295965997 -0.044138 6.39498 -1.31083 -0.614627 0.700539 0.0991326 0.348787
1295965998 -0.416069 5.90513 -0.522343 0.667627 0.623472 -0.404956 0.0395901
1295965999 -0.913666 5.49315 -1.28567 -0.596183 0.744249 0.18767 0.235455
1295966000 -0.93399 6.03567 -2.12546 -0.593913 0.747905 0.192542 0.225461
1295966001 -1.16594 5.49425 -1.31734 -0.588208 0.75101 0.210836 0.21341
1295966002 -1.07465 4.80977 -0.594044 0.716116 0.514785 -0.255235 0.39627
1295966003 -0.988749 5.80521 -0.552474 0.641519 -0.587517 -0.121383 -0.478062
1295966004 -1.35866 5.11555 0.0700464 -0.489939 -0.613912 0.616874 -0.0503896
1295966005 -0.653744 5.50777 0.661022 -0.508128 0.751062 0.360316 0.218825
1295966006 -0.661979 6.2275 -0.0331851 0.757968 0.532632 -0.222139 0.304043
1295966007 -0.763636 6.39803 0.946909 -0.379668 0.783886 0.490715 0.0239364
1295966008 -1.1757 7.20257 0.519209 -0.382522 0.788197 0.481503 0.0240158
1295966009 -0.498849 6.7322 1.08545 -0.382626 0.788193 0.481445 0.0236517
1295966010 0.269056 7.0075 1.66384 -0.260485 -0.584885 0.74081 0.203121
1295966010 1.16802 6.58063 1.76207 -0.258661 -0.584324 0.741441 0.204756
1295966011 0.246335 6.95978 1.67994 -0.349476 0.785374 0.508978 -0.04467
1295966011 0.807092 7.78746 1.65752 -0.350227 0.785234 0.508735 -0.0440222
1295966013 0.211066 8.24032 0.994444 -0.35061 0.785197 0.508508 -0.0442334
1295966013 -0.27403 7.37021 1.0815 -0.350841 0.785367 0.508177 -0.0431865
