1295878710 0 0 0 0 0 0 0
1295878712 0.00200741 -0.00980133 0 0 0 0.305044 -0.0522769
1295878713 0.00847954 -0.00787036 0 0 0 0.383675 -0.236504
1295878714 0.0146538 0.0018415 0 0 0 0.241095 -0.381658
1295878716 -0.351422 0.325455 0 0 0 0.0478674 -0.203516
1295878718 -0.698094 0.171875 0 0 0 0.00515471 -0.0510592
1295878720 -0.740102 0.16712 0 0 0 0.00228314 -0.0424988
1295878722 -0.692799 0.116287 0 -0 0 0.000486838 -0.0410611
1295878724 -0.114686 -0.00229676 0 0 0 -3.41185e-05 -0.003303
1295878726 -0.0262234 -0.000653977 0 0 0 -8.87043e-06 -0.000718789
1295878727 -0.617498 -0.0223409 0 0 0 -0.000137388 -0.00818151
1295878729 -0.762327 -0.0289787 0 0 0 -0.000177601 0.0490073
1295878731 -0.189491 0.026071 0 0 0 -0.00893577 0.108166
1295878733 -0.342379 0.0954785 0 0 0 0.000113049 -0.00082426
1295878735 -0.717887 0.193227 0 0 0 0.00114094 -0.0086238
1295878737 -0.219998 0.0533886 0 0 0 0.000287946 -0.00227242
1295878739 5.95044e-07 -1.49991e-07 0 0 0 -4.08546e-08 3.25404e-07
1295878741 -0.00697069 0.00176553 0 0 0 4.08893e-05 -0.000326113
1295878743 -0.590518 0.135514 0 0 0 0.000865782 -0.00712137
1295878744 0.000549414 -9.89643e-05 0 0 0 -7.18865e-08 6.09532e-07
1295878746 0.000266252 -4.79557e-05 0 0 0 -3.61834e-07 3.06798e-06
1295878747 -0.296207 -0.116682 0 0 0 0.00361558 -0.0363532
1295878748 -0.58264 -0.187886 0 0 0 -0.00245616 0.0260651
1295878750 -0.675281 0.146212 0 0 0 -0.000181384 0.00167471
1295878751 -0.846344 0.174835 0 0 0 0.000996563 -0.00955458
1295878753 -1.08344 0.0987101 0 0 0 0.00484715 -0.0878682
1295878755 -1.03413 0.151771 0 0 0 -0.0218411 0.197055
1295878757 -0.59764 0.441879 0 0 0 -0.0773416 0.226178
1295878759 -0.397641 0.792374 0 0 0 -0.0669373 0.117713
1295878760 -0.161768 0.680108 0 0 0 -0.118004 0.146252
1295878762 0.126561 0.924612 0 0 0 -0.120702 0.105352
1295878763 0.164594 0.542853 0 0 0 0.00232947 -0.00173025
1295878764 0.152273 0.500075 0 0 0 -0.027 0.0194257
1295878765 0.250229 0.515177 0 0 0 -0.0503085 0.0327471
1295878767 0.518083 0.922306 0 0 0 -0.0380016 0.0220136
1295878770 0.872296 1.39739 0 0 0 0.00928755 -0.00517561
1295878772 0.579343 0.896316 0 0 0 -0.128215 0.0607862
1295878774 0.835395 0.716484 0 0 0 -0.0154908 0.0058913
1295878775 0.518174 0.373889 0 0 0 -0.14276 0.0411709
1295878777 0.921219 -0.0824065 0 0 0 -0.485988 -0.0190743
1295878779 0.78969 -0.747902 0 0 0 -0.193816 -0.0796313
1295878780 0.300945 -0.510943 0 0 0 -0.0272897 -0.0152803
1295878782 0.51925 -0.900108 0 0 0 0.00759194 0.00436395
1295878784 0.544644 -0.959029 0 0 0 -0.066309 -0.0412378
1295878785 0.118065 -0.548786 0 0 0 -0.139311 -0.113935
1295878787 -0.384424 -0.918461 0 0 0 -0.240545 -0.374778
1295878789 -0.517982 -0.246097 0 0 0 -0.0540408 -0.236918
1295878791 -1.04586 -0.190694 0 0 0 -0.00433123 -0.0595538
1295878793 -1.08659 0.0246258 0 0 -0 -0.000749571 -0.0608185
1295878795 -1.12743 0.0307922 0 0 0 -0.000128431 0.0096975
1295878797 -1.01516 -0.122837 0 0 0 0.0152618 0.182635
1295878798 -0.625067 -0.306606 0 0 0 0.0253235 0.107877
1295878800 -0.410977 -0.365494 0 0 0 0.034355 0.0977888
1295878802 -0.738062 -0.751407 0 0 0 0.005037 0.0120402
1295878803 -0.428618 -0.478504 0 0 0 -0.0449469 -0.129457
1295878805 -0.858842 -0.163417 0 0 -0 -0.0104597 -0.482959
1295878806 -0.634198 0.32844 0 0 0 0.149315 -0.343085
1295878808 -0.226052 0.889839 0 0 0 0.241189 -0.247558
1295878809 0.026544 0.687345 0 0 0 0.0113137 -0.00803954
1295878811 0.144326 0.983476 0 0 0 -0.0314117 0.0229176
1295878813 0.151394 1.07402 0 0 0 -0.0518519 0.0422046
1295878814 0.218809 0.686353 0 0 0 0.182463 -0.126292
1295878816 0.706787 0.500929 0 0 0 0.368787 -0.114088
1295878818 1.07394 0.0780042 0 0 0 0.0741628 -0.00509634
1295878819 0.607117 0.0398265 0 0 0 -0.00317641 0.00010493
1295878821 1.02925 -0.0413967 0 -0 0 0.114045 0.00256149
1295878823 1.02078 -0.328779 0 0 0 0.0838965 0.0102693
1295878825 1.03145 -0.350319 0 0 0 0.0256667 0.00459395
1295878827 0.979064 -0.49599 0 0 0 0.0446649 0.00966007
1295878829 0.972525 -0.482921 0 0 0 -0.00808823 -0.00190826
1295878831 0.717749 -0.607473 0 0 0 0.259284 0.0996351
1295878833 0.237775 -0.875689 0 0 0 0.238163 0.18377
1295878834 -0.152223 -0.750251 0 0 0 0.0677951 0.0787738
1295878836 -0.366179 -0.781669 0 0 0 0.115233 0.188887
1295878837 -0.578908 -0.50442 0 0 0 0.0340831 0.0823666
1295878837 -0.0382648 -0.0313538 0 0 0 -0.000278005 -0.000765955
1295878840 -0.89744 -0.755979 0 0 0 0.0253068 0.0799254
1295878842 -0.830159 0.0206792 0 0 0 -0.0117409 0.563257
1295878843 -0.338141 0.408664 0 0 0 -0.0906861 0.204022
1295878844 -0.359948 0.409434 0 0 0 0.0912085 -0.205678
1295878846 -0.789854 0.73457 0 0 0 -0.0337477 0.0914768
1295878847 -0.38283 0.669292 0 0 0 -0.116022 0.202941
1295878849 -0.246793 0.790009 0 0 0 0.00327185 -0.00445236
1295878850 -0.358191 0.754155 0 0 0 0.0813566 -0.131654
1295878853 -0.98833 0.898451 0 0 0 0.0565983 -0.132386
1295878855 -0.747741 0.448727 0 0 0 0.0269604 -0.0924353
1295878856 -0.559659 0.455409 0 0 0 -0.0904057 0.237864
1295878857 -0.201103 0.807138 0 0 0 -0.196411 0.256704
1295878859 0.387473 0.889539 0 0 0 -0.324442 0.204498
1295878861 1.29919 0.648368 0 0 0 -0.15723 0.0464723
1295878863 1.48196 0.526246 0 0 0 -0.158198 0.0199597
1295878864 0.933523 -0.152236 0 0 0 -0.284557 -0.0279063
1295878866 0.550407 -0.610186 0 0 0 -0.338989 -0.154918
1295878868 0.263882 -0.818322 0 0 0 -0.00925082 -0.00662944
1295878869 0.0763438 -0.855746 0 0 0 -0.243002 -0.251915
1295878870 -0.578211 -0.456796 0 0 0 -0.163874 -0.448134
1295878872 -0.941777 -0.214254 0 0 0 0.000667658 0.00590211
1295878874 -0.812967 -0.030559 0 0 -0 -0.0023437 -0.208336
1295878876 -1.63042 0.50536 0 0 0 0.0801917 -0.309392
1295878878 -0.579084 0.617168 0 0 0 -0.0133068 0.0317481
1295878879 -0.5719 0.630469 0 0 0 0.0941057 -0.180115
1295878881 -0.37169 1.15562 0 0 0 0.027884 -0.0400945
1295878882 -0.356772 0.913078 0 0 0 -0.0832787 0.135014
1295878884 -0.388841 0.477686 0 0 0 -0.037605 0.0824364
1295878886 1.75023e-06 -1.74088e-06 0 0 0 -5.76252e-07 1.43171e-06
1295878887 -0.00266338 0.00847746 0 0 0 0.000262846 -0.000652386
1295878889 0.04195 0.18615 0 0 0 0.0265693 -0.0601055
1295878891 -0.0270479 0.0523137 0 0 0 0.0106766 -0.021491
1295878892 -0.12465 0.156897 0 0 0 -0.0262787 0.0554759
1295878894 -0.0973141 0.194176 0 0 0 -0.00523329 0.0122058
1295878895 -0.116852 0.108183 0 0 0 -0.0219338 0.0569031
1295878897 -0.184213 0.136431 0 0 0 -0.0107136 0.032286
1295878898 -0.230611 0.158898 0 0 0 -0.00145051 0.00467342
1295878900 -0.278058 0.191874 0 0 0 -0.000376257 0.00122563
1295878901 -0.327819 0.249116 0 0 0 0.0124214 -0.0378457
1295878903 -0.532485 0.43341 0 0 0 0.00189257 -0.00535208
1295878905 -0.519976 0.475865 0 0 0 0.0338617 -0.0829562
1295878906 -0.320221 0.460962 0 0 0 0.0626566 -0.115241
1295878908 -0.318533 0.762827 0 0 0 0.0137783 -0.0212023
1295878910 -0.360794 0.745415 0 0 0 -0.122153 0.254691
1295878911 0.28886 -0.0525131 0 0 0 -0.0028264 0.00911354
1295878913 -0.00255897 0.000489276 0 0 0 8.26113e-05 -0.000270799
1295878915 -0.000924646 0.000177188 0 0 0 8.75811e-06 -2.86929e-05
1295878917 -1.2126e-06 2.33635e-07 0 0 0 1.21747e-07 -3.98842e-07
1295878918 -4.85774e-06 9.31423e-07 0 0 0 -1.41913e-06 4.64909e-06
1295878920 0 0 0 0 0 0 0
1295878922 -6.05648e-07 1.15934e-07 0 0 0 -2.1415e-07 7.01563e-07
1295878923 -7.28125e-06 1.39607e-06 0 0 0 -1.35269e-06 4.43151e-06
1295878924 -0.00028845 5.52768e-05 0 0 0 4.41888e-06 -1.44763e-05
1295878925 -3.03546e-06 5.85096e-07 0 0 0 3.04862e-07 -9.98702e-07
1295878926 0 0 0 0 0 0 0
1295878927 -6.09706e-07 1.17524e-07 0 0 0 6.12352e-08 -2.00601e-07
1295878928 0 0 0 0 0 0 0
1295878929 0 0 0 0 0 0 0
1295878930 0 0 0 0 0 0 0
