1295878710 -6.68448e-08 -6.68448e-08 0 5.59997e-05 0.000355392 -3.01007e-06 -2.68637e-06
1295878712 0.00184393 -0.00990559 0 0.000679564 -0.00223289 0.305672 -0.0499466
1295878713 0.00823055 -0.00803922 0 0.000428706 -0.00263046 0.380097 -0.228391
1295878714 0.0150201 0.00160301 0 -0.00206026 -0.00162654 0.248293 -0.382017
1295878716 -0.340944 0.339639 0 -0.0027413 0.000918328 0.049444 -0.198566
1295878718 -0.702826 0.18845 0 -0.000192404 0.00207832 0.00695556 -0.0631892
1295878720 -0.732556 0.164693 0 -0.00160357 1.46304e-05 0.00270072 -0.0518925
1295878722 -0.695167 0.0937609 0 -0.0014097 0.00120791 -0.00019275 -0.0583601
1295878724 -0.111466 -0.00771418 0 -0.00233792 0.00116463 -0.000159035 -0.00437673
1295878726 -0.0123768 -0.000913011 0 0.00155862 -0.000203603 -6.78756e-06 -0.000259811
1295878727 -0.608243 -0.0559575 0 0.000335682 0.00113242 -0.000787921 -0.0171067
1295878729 -0.777577 -0.102031 0 -0.0027667 0.00107388 0.000947115 0.0222369
1295878731 -0.190587 0.00241716 0 -0.000907012 -0.000205755 -0.00227261 0.106469
1295878733 -0.337167 0.0480912 0 0.00201631 -0.000904892 0.000569867 -0.00788914
1295878735 -0.748849 0.08777 0 -0.000447663 -0.000294156 0.00105916 -0.0183875
1295878737 -0.230269 0.0176015 0 -0.00350616 0.0011376 0.000249236 -0.0059651
1295878739 3.5947e-07 -3.02194e-07 0 0.000194103 -9.35573e-05 1.80792e-06 -1.51753e-06
1295878741 -0.00716613 0.000597122 0 0.00427705 -0.000818401 1.88711e-05 1.47646e-05
1295878743 -0.605022 0.0301505 0 -0.00427324 0.00204723 0.000561591 -0.0176248
1295878744 0.000557333 4.02566e-06 0 0.000356446 0.000177905 -1.18208e-05 0.000488154
1295878746 0.000263196 1.61956e-06 0 0.00018201 0.000459052 -2.16376e-06 -3.89624e-05
1295878747 -0.264904 -0.167222 0 0.0032916 0.000782041 0.000166224 -0.0426029
1295878748 -0.525038 -0.306271 0 0.000703057 -0.00177209 0.000167044 0.015302
1295878750 -0.702371 -0.013558 0 -0.000442809 -0.00132322 -7.66175e-05 -0.0111128
1295878751 -0.860393 -0.0488764 0 -0.000988834 0.00249803 -0.000678709 -0.0253132
1295878753 -1.06383 -0.228517 0 0.0028515 -0.000100828 -0.0110652 -0.114655
1295878755 -1.01956 -0.214957 0 -0.00419998 -0.00257392 0.0115532 0.176679
1295878757 -0.715861 0.179864 0 0.00152665 -0.00203056 -0.0293638 0.218294
1295878759 -0.695067 0.568345 0 -0.00202641 0.00248254 -0.0361748 0.115047
1295878760 -0.432856 0.509773 0 -0.000574706 -0.00136945 -0.0687973 0.14433
1295878762 -0.352081 0.895677 0 0.001655 -0.000346634 -0.0827158 0.121343
1295878763 -0.131781 0.5402 0 0.000453994 0.000651867 0.00982789 -0.0125657
1295878764 -0.142354 0.510576 0 -0.000307204 0.00309429 -0.00940591 0.0119923
1295878765 -0.0755555 0.547877 0 0.0011211 -0.00112711 -0.0341424 0.0407409
1295878767 -0.12367 1.07846 0 -0.000942453 -0.000460805 -0.0113393 0.0126017
1295878770 -0.202609 1.63503 0 0.00476018 0.00105282 0.0271467 -0.0309182
1295878772 -0.185793 1.05921 0 0.00170889 0.00098642 -0.0772188 0.0818113
1295878774 0.0641896 1.08545 0 -0.000596792 0.000349593 0.00865986 -0.00830057
1295878775 0.0619572 0.634927 0 -0.00256234 0.000666761 -0.100329 0.0852316
1295878777 0.665361 0.666114 0 -0.00203215 -0.0028812 -0.436858 0.18422
1295878779 1.05837 0.167844 0 -0.000148403 -0.0031603 -0.180412 0.012509
1295878780 0.598695 -0.0504069 0 -0.000704551 0.00129123 -0.0203499 -0.000651399
1295878782 1.04695 -0.0599104 0 0.00227153 -0.000499742 0.0321056 0.000831649
1295878784 1.0853 -0.0151303 0 0.00030038 -2.24532e-05 -0.0486471 -0.00165506
1295878785 0.527299 -0.145079 0 -0.000657579 -0.00100943 -0.161301 -0.0227075
1295878787 0.678167 -0.764285 0 -0.000181665 -0.000726948 -0.390625 -0.18337
1295878788 0.0145909 -0.562902 0 -0.00107201 -0.00109496 -0.166616 -0.162539
1295878791 -0.233907 -1.05201 0 0.00142758 -5.5633e-05 -0.0234526 -0.0300882
1295878793 -0.387473 -1.00992 0 0.000887556 -0.000801044 -0.0194668 -0.0269013
1295878795 -0.35155 -1.05922 0 0.00153774 0.000419473 0.0204619 0.0282246
1295878797 -0.129671 -1.03191 0 0.000986843 -0.00226939 0.141635 0.152386
1295878798 0.165822 -0.646657 0 0.00331751 0.00150452 0.0925319 0.0716725
1295878800 0.294719 -0.489551 0 0.000672239 -0.00229965 0.105546 0.0631327
1295878802 0.636849 -0.834712 0 0.00177107 0.00230659 0.0329579 0.0162793
1295878803 0.432605 -0.470173 0 -0.00104696 -0.00284323 -0.0998651 -0.0542436
1295878805 0.112165 -0.868162 0 -0.00115905 0.00206414 -0.330445 -0.334784
1295878806 -0.331143 -0.612234 0 -0.00982171 -0.00285058 1.83884 -0.704785
1295878808 -0.914448 -0.235693 0 0.00129443 -1.00527e-05 0.00526552 0.349204
1295878809 -0.666316 0.0181479 0 -0.000978893 0.00126103 -0.000373023 0.00228835
1295878811 -1.00852 0.101184 0 0.000970928 -0.000223759 0.00788832 -0.0589274
1295878813 -1.07974 0.0562176 0 -0.00163274 0.00270885 0.00523951 -0.0898489
1295878814 -0.689538 0.119263 0 0.000424847 -0.00134578 -0.0214769 0.193287
1295878816 -0.634913 0.62823 0 -0.000513033 -0.000309337 -0.145292 0.346491
1295878818 -0.301577 1.03486 0 0.00200693 0.00083816 -0.0276044 0.0394939
1295878819 -0.182187 0.559551 0 0.00129222 0.00230851 0.008086 -0.0111571
1295878821 -0.262123 1.01782 0 -4.26698e-05 0.00112155 -0.0527614 0.0675152
1295878823 -0.0271612 1.078 0 0.00163708 -0.000480375 -0.0421185 0.0463629
1295878825 -0.06292 1.08385 0 -0.00141727 0.00335637 -0.0001999 0.000183272
1295878827 0.0425437 1.0967 0 0.00357339 -0.00101121 -0.0178629 0.0179937
1295878829 -0.0328755 1.08552 0 0.00238252 0.00205944 0.0292793 -0.0300231
1295878831 0.142852 0.913578 0 -0.00211599 0.000309441 -0.192656 0.159919
1295878833 0.617379 0.695967 0 -0.00391753 -0.00125564 -0.271539 0.120671
1295878834 0.704288 0.29396 0 0.00151041 -0.00125406 -0.0885978 0.0201499
1295878836 0.829482 0.16276 0 -0.001075 -0.000605569 -0.198312 0.015599
1295878837 0.786554 -0.150356 0 -0.000988947 -0.00261302 -0.0770575 -0.00460083
1295878837 0.0312619 -0.00649687 0 -0.000188209 0.000359339 0.000879647 8.53321e-05
1295878840 1.13156 -0.186613 0 0.00169536 0.00106871 -0.0395492 -0.00466793
1295878842 0.586895 -0.639953 0 -0.00117847 -0.000678581 -0.516036 -0.233154
1295878843 -0.0519185 -0.515112 0 -0.00157418 0.00016598 -0.142187 -0.150961
1295878844 -0.0301722 -0.53536 0 0.00328355 -0.00188824 0.163282 0.168649
1295878846 0.0970854 -1.07904 0 -0.000270171 -0.00149534 -0.0542766 -0.0476028
1295878847 -0.124415 -0.755539 0 0.000119984 0.000692667 -0.140254 -0.164355
1295878849 -0.286137 -0.783301 0 -0.000422461 0.00108344 0.0137427 0.0196533
1295878850 -0.144778 -0.796579 0 0.00210903 -0.00135261 0.107514 0.1263
1295878853 0.359712 -1.3109 0 0.00250663 -0.00122391 0.141771 0.11711
1295878854 0.420392 -0.741499 0 0.00122556 0.000689729 0.102755 0.0613809
1295878856 0.304507 -0.67923 0 -0.000383337 2.66018e-05 -0.197766 -0.1349
1295878857 -0.15131 -0.785605 0 -0.00122418 0.00185861 -0.195542 -0.232251
1295878859 -0.743688 -0.702572 0 -0.00846706 -0.00459415 1.83859 -0.694573
1295878861 -1.38379 -0.158729 0 -0.00231995 0.00185531 0.0141579 0.126993
1295878863 -1.61195 -0.110042 0 0.0023067 0.00213321 -0.00143139 0.118542
1295878864 -0.868435 0.328489 0 0.00128697 -0.00145273 -0.0482932 0.243413
1295878866 -0.475823 0.700813 0 0.000941279 0.00025324 -0.16942 0.311293
1295878868 -0.172958 0.82201 0 0.000982016 0.00133241 0.00487877 -0.00612478
1295878869 -0.0291362 0.891767 0 -0.00111939 0.000174802 -0.246558 0.222918
1295878870 0.545576 0.43578 0 -0.00118473 -0.00186852 -0.41953 0.150037
1295878872 0.963851 0.252971 0 0.00357402 0.000466309 0.0211048 -0.00274433
1295878874 0.76814 0.0925918 0 0.000887777 -0.000180423 -0.18453 0.00878511
1295878876 1.73071 -0.299151 0 -0.00166532 -1.67988e-05 -0.282298 -0.0540359
1295878878 0.635271 -0.479932 0 0.00055931 -0.00181806 0.0467422 0.0149092
1295878879 0.736737 -0.525162 0 0.00119186 0.00336734 -0.170159 -0.067151
1295878881 0.627561 -0.983282 0 0.00157391 -0.00171149 -0.0225505 -0.0117491
1295878882 0.633227 -0.804214 0 0.00235655 0.00157809 0.166598 0.0708648
1295878884 0.524434 -0.324806 0 0.00314257 0.00290883 0.0973513 0.0259896
1295878886 -2.53992e-06 1.07595e-06 0 0.000139525 -0.000503538 3.47699e-06 1.44946e-06
1295878887 0.00652788 -0.00900916 0 -0.00356121 -0.00557751 -0.000362304 -4.55702e-05
1295878889 0.0203583 -0.186928 0 0.00405205 0.00439831 -0.0588186 -0.0145175
1295878891 0.0449916 -0.0405488 0 -0.000480308 0.000267115 -0.0315106 -0.00933673
1295878892 0.162845 -0.100229 0 0.00030258 -0.00257437 0.0748669 0.0203834
1295878894 0.16708 -0.15467 0 -5.1787e-05 -0.000497152 0.00576597 0.00131434
1295878895 0.136518 -0.0567187 0 0.000346696 0.0010597 0.060013 0.0115704
1295878897 0.228331 -0.0657129 0 -0.000751798 -0.000741521 0.0384515 0.00544706
1295878898 0.261817 -0.0615983 0 -0.000191638 0.000944452 0.0123329 0.0014247
1295878900 0.3372 -0.073719 0 -0.000739721 -0.000757849 0.0108606 0.00113199
1295878901 0.392125 -0.0929272 0 0.0010749 0.00177043 -0.0187712 -0.00203167
1295878903 0.688891 -0.166218 0 0.000623359 -0.000804465 0.00160919 0.000182533
1295878905 0.675843 -0.190984 0 -0.0011096 -0.000163357 -0.0775807 -0.0120568
1295878906 0.497078 -0.251777 0 0.000849189 0.00213991 -0.110287 -0.0282361
1295878908 0.65969 -0.497487 0 -0.0011391 -0.000617254 -0.00373864 -0.00118272
1295878910 0.702 -0.438777 0 0.000556585 0.00386752 0.280303 0.0477333
1295878911 -0.273169 -0.107627 0 0.000639474 -0.0041854 0.00436488 0.000116306
1295878913 0.00267468 0.00100483 0 -0.000565351 -0.000459603 -0.00110518 -1.84355e-05
1295878915 0.000881999 0.000328978 0 -0.00063113 0.000269359 -0.000350606 -3.03866e-06
1295878917 9.95117e-07 2.67844e-07 0 -0.000462933 0.000464597 -3.03839e-06 2.6979e-06
1295878918 4.56885e-06 1.67207e-06 0 -0.000222396 -0.000220822 7.09048e-06 2.4327e-06
1295878920 -5.03468e-08 -6.08435e-08 0 -0.000304713 0.000206289 -7.38061e-07 1.81802e-06
1295878922 5.25459e-07 1.63254e-07 0 7.13707e-05 0.000544418 -3.44069e-06 -2.09216e-06
1295878923 6.92856e-06 2.5709e-06 0 0.00037597 2.33927e-05 3.26422e-06 -2.89437e-06
1295878924 0.00027518 0.00010247 0 0.000327613 0.000270326 -6.88795e-05 -5.09157e-06
1295878925 2.84506e-06 1.02396e-06 0 -0.000116249 0.000615063 2.45061e-05 -6.87759e-07
1295878926 -2.73636e-08 -2.73637e-08 0 0.000771021 0.000215755 -5.00463e-06 -7.53247e-06
1295878927 5.25045e-07 1.59263e-07 0 -0.000139358 -3.53602e-05 6.89548e-07 1.38913e-06
1295878928 -5.53376e-08 -5.53377e-08 0 0.000255207 0.000740123 -7.51279e-06 -5.72986e-06
1295878929 -2.36003e-08 -2.36004e-08 0 -0.000242729 -8.90935e-05 1.96669e-06 2.62594e-06
1295878930 -4.83283e-08 -4.83284e-08 0 -0.000237978 -6.64906e-05 1.71479e-06 2.40763e-06
