1295878710 -0.159189 -0.739638 -0.653907 -3.84718e-06 -1.15203e-05 0.00047696 1
1295878712 0.418699 -1.31643 -0.0765393 -0.577081 0.577628 -0.577341 0.000279803
1295878713 1.24042 -1.30304 -0.646275 0.742332 -0.532474 0.352442 0.202974
1295878714 1.30934 -2.22175 -1.03516 0.819467 -0.412502 -0.0159385 0.39757
1295878716 1.02243 -1.26379 -1.03523 0.753202 -0.218694 -0.33373 0.522957
1295878718 1.43415 -0.353394 -1.07597 0.678656 -0.115155 -0.456685 0.563564
1295878720 2.07184 0.411583 -0.985575 0.647431 -0.0746745 -0.500256 0.570088
1295878722 2.68147 1.20057 -0.909156 0.623352 -0.0357439 -0.536869 0.567385
1295878724 3.48638 1.707 -1.21845 0.634754 -0.0178613 -0.518051 0.573054
1295878726 4.16062 2.23362 -1.7362 0.632324 -0.020133 -0.521765 0.572296
1295878727 4.75026 2.92378 -1.31668 0.6239 -0.0131001 -0.526298 0.57757
1295878729 5.54687 3.22898 -1.83849 0.631378 -0.0115081 -0.514246 0.580328
1295878731 6.34858 3.76134 -2.11024 0.646139 -0.0221012 -0.498921 0.577142
1295878732 7.18969 3.9414 -2.62024 0.696934 -0.0858171 -0.425234 0.571047
1295878735 7.58278 4.72409 -2.13767 0.694906 -0.0827917 -0.429534 0.570747
1295878736 8.58181 4.71318 -2.09509 0.714235 -0.0814375 -0.423493 0.551263
1295878739 9.28541 5.41184 -1.96539 0.714506 -0.0759203 -0.428305 0.547972
1295878741 8.95889 6.1919 -1.43163 0.715435 -0.0771224 -0.427393 0.547303
1295878743 8.53139 6.91737 -0.892256 0.712556 -0.0790019 -0.427648 0.550581
1295878744 9.039 7.77718 -0.836981 0.70171 -0.0681978 -0.446697 0.55083
1295878745 8.45252 8.43603 -0.36586 0.700345 -0.0663886 -0.448076 0.551668
1295878747 8.22277 9.21895 0.212286 0.700309 -0.066317 -0.448054 0.55174
1295878748 8.97529 9.76892 -0.150001 0.673243 -0.042147 -0.481976 0.559166
1295878749 9.80816 10.2128 -0.480591 0.681466 -0.0451552 -0.469792 0.559339
1295878751 10.4069 10.9989 -0.634144 0.67446 -0.0446924 -0.478228 0.560717
1295878753 11.023 11.5797 -1.16618 0.658784 -0.0609405 -0.473929 0.581103
1295878755 11.5591 12.4132 -1.29966 0.593288 0.000280653 -0.543345 0.593958
1295878757 12.1781 12.6323 -2.05387 0.688465 -0.154504 -0.380159 0.598017
1295878759 13.131 12.9057 -1.92231 0.760825 -0.249337 -0.266583 0.536573
1295878760 13.8594 12.3019 -2.24621 0.750329 -0.488281 0.1942 0.401092
1295878762 13.4506 13.2097 -2.34003 0.712849 -0.542118 0.217712 0.388015
1295878763 12.6194 13.4342 -1.83141 0.688506 -0.628743 0.267248 0.243354
1295878764 12.5704 14.1497 -1.13458 0.688489 -0.626889 0.259029 0.256704
1295878765 12.5079 14.8877 -0.462596 0.684112 -0.632554 0.263912 0.249432
1295878767 12.4399 15.623 0.211648 0.674486 -0.640941 0.293262 0.219685
1295878770 12.4521 16.3304 0.918361 0.670885 -0.637483 0.310802 0.216634
1295878772 12.5266 17.1858 1.43093 0.687825 -0.60695 0.294126 0.268322
1295878774 12.689 17.9628 2.03918 0.648271 -0.625594 0.363786 0.236719
1295878775 12.9049 18.7591 2.60421 0.634742 -0.609988 0.382601 0.280417
1295878777 12.5185 19.6706 2.74504 0.653225 -0.606365 0.394161 0.224178
1295878779 12.8633 18.8613 2.26942 0.690474 0.150551 -0.34606 0.617109
1295878780 13.1866 19.8067 2.22829 0.735872 0.0506548 -0.22197 0.637695
1295878782 13.4442 20.7642 2.35805 0.740807 0.0392862 -0.210142 0.636791
1295878784 13.6031 21.7418 2.21987 0.718885 0.0485545 -0.231754 0.653557
1295878785 14.0791 22.6018 2.4039 0.748193 0.0220502 -0.18667 0.636298
1295878787 14.6757 23.3087 2.02407 0.748302 -0.0999484 -0.0277051 0.6552
1295878788 14.5959 22.3261 1.8563 0.725133 -0.271159 0.266506 0.574134
1295878791 15.2308 22.8042 2.46318 0.626431 -0.408706 0.447706 0.490003
1295878793 15.1412 23.7337 2.82117 0.602666 -0.433342 0.476151 0.471475
1295878795 14.7219 24.6337 2.93994 0.594877 -0.453523 0.493686 0.443523
1295878797 14.8165 25.5966 3.1928 0.593864 -0.439067 0.489545 0.463564
1295878798 14.743 26.4175 2.62649 0.685358 -0.319608 0.361143 0.545629
1295878800 14.5298 27.3553 2.35252 0.714778 -0.262352 0.299377 0.575011
1295878802 14.3287 28.3254 2.2169 0.74733 -0.171174 0.200232 0.610004
1295878803 14.0619 29.2691 2.0213 0.746441 -0.130477 0.157194 0.633318
1295878805 14.1264 30.2626 2.11571 0.734999 -0.141332 0.17715 0.639078
1295878806 13.6705 31.1454 2.22853 0.198457 0.655777 0.678102 -0.265986
1295878808 13.2964 30.3061 2.62293 -0.0027151 0.699689 0.709908 -0.0803652
1295878809 12.9564 31.1949 2.93001 -0.208339 0.712608 0.652556 0.15151
1295878811 12.8981 30.2427 2.63024 -0.21336 0.720409 0.641594 0.154419
1295878813 12.7021 29.3111 2.32408 -0.208567 0.741308 0.62671 0.119151
1295878814 12.1672 28.5631 2.717 -0.196549 0.710276 0.669324 0.0942421
1295878816 12.2018 27.6383 2.33803 -0.303209 0.715005 0.604658 0.176692
1295878818 11.8476 28.5728 2.37326 0.349054 0.651174 0.647706 0.186042
1295878819 11.1645 27.8471 2.2911 0.319295 0.647631 0.654059 0.225459
1295878821 10.5264 27.0772 2.3044 0.325252 0.650892 0.651438 0.214894
1295878823 9.8493 26.3427 2.26002 0.278422 0.640333 0.667391 0.258928
1295878825 9.29164 25.5164 2.33942 0.24347 0.621714 0.687327 0.285964
1295878827 8.55587 24.9129 2.03224 0.228187 0.629407 0.681886 0.294634
1295878829 7.62404 24.5615 1.94131 0.172843 0.593634 0.687522 0.380837
1295878831 6.81267 24.2435 1.45086 0.131013 0.599675 0.686448 0.38989
1295878832 6.1774 24.4738 0.713709 -0.209718 0.450834 0.635006 0.591215
1295878834 5.6625 23.748 0.257574 -0.301655 0.333661 0.616132 0.646572
1295878835 5.93144 23.359 -0.623538 -0.438981 0.215846 0.530116 0.692592
1295878837 6.40333 23.0724 -1.45733 -0.527832 0.10687 0.452761 0.710619
1295878838 6.71307 22.2307 -1.89963 -0.582473 0.0124247 0.377339 0.719852
1295878840 6.88192 21.2461 -1.85429 -0.577852 0.0279866 0.388608 0.717138
1295878842 7.233 20.3352 -2.0707 -0.571581 0.0473349 0.402337 0.713568
1295878843 7.92999 19.6532 -2.2925 0.643632 0.104229 -0.595005 -0.46994
1295878844 8.76623 19.9915 -2.72411 0.770493 0.208903 -0.429946 -0.421719
1295878846 8.54943 19.1871 -2.17094 0.651335 0.0999813 -0.596361 -0.458388
1295878847 9.37177 18.7726 -2.56069 0.695047 0.138565 -0.540047 -0.453937
1295878849 9.97517 18.8683 -3.35235 0.783986 0.244885 -0.366132 -0.437429
1295878850 10.557 18.0663 -3.21693 0.770383 0.261144 -0.370055 -0.448746
1295878853 11.2618 17.4896 -2.80401 0.73331 0.220592 -0.439889 -0.469141
1295878854 11.6282 16.8678 -2.11183 -0.596575 -0.0797211 0.640151 0.47744
1295878856 12.4578 16.3105 -2.14788 -0.529054 -0.0270858 0.698773 0.480713
1295878857 13.2539 16.2397 -2.7489 0.68448 0.128465 -0.560867 -0.447674
1295878859 14.0713 16.4481 -3.28594 0.813239 0.247736 -0.345837 -0.397072
1295878860 13.3626 17.0298 -3.6853 0.302872 0.368595 0.872203 0.10802
1295878863 12.7608 16.5666 -4.33591 0.223582 0.369607 0.890423 0.143345
1295878864 12.1045 16.0358 -4.87203 0.127744 0.344071 0.911679 0.184766
1295878866 11.3464 15.5197 -5.27076 -0.0659187 0.25756 0.933263 0.241534
1295878867 11.0842 16.1059 -4.50418 -0.17487 0.414611 0.769475 -0.45324
1295878869 11.495 15.819 -5.3696 -0.174501 0.419416 0.761606 -0.462165
1295878870 11.5319 15.1465 -6.10873 -0.395443 0.610388 0.621042 -0.29216
1295878872 10.7262 14.6557 -6.44039 -0.543402 0.627404 0.537656 -0.148338
1295878873 11.5758 14.3924 -5.98337 -0.530344 0.627662 0.547145 -0.159397
1295878876 11.9792 13.4786 -6.02984 -0.608714 0.648163 0.45386 -0.0579942
1295878877 12.5186 12.6515 -5.87163 0.725126 -0.643511 -0.200724 -0.140697
1295878879 12.722 12.2131 -4.99616 0.719854 -0.648993 -0.212513 -0.124327
1295878880 13.2012 11.6379 -4.33322 0.751417 -0.626788 -0.0345682 -0.20326
1295878882 13.0354 11.3258 -3.39772 0.74929 -0.63192 -0.0359583 -0.194804
1295878884 12.3401 11.0508 -2.7337 0.717048 -0.639207 -0.19967 -0.193361
1295878886 11.9581 10.6048 -1.92427 0.697702 -0.623742 -0.302808 -0.180182
1295878888 12.8029 10.9653 -2.31978 0.697068 -0.624804 -0.302499 -0.179475
1295878889 12.2268 10.275 -1.88196 0.696601 -0.625993 -0.301951 -0.178059
1295878891 12.1814 10.1043 -0.897676 0.711862 -0.610745 -0.273629 -0.213002
1295878892 12.4663 9.6763 -0.0399722 0.722109 -0.602707 -0.241876 -0.238323
1295878894 12.2969 9.491 0.927989 0.696368 -0.623571 -0.305063 -0.182119
1295878895 12.2094 9.21511 1.88519 0.69825 -0.620521 -0.304297 -0.186562
1295878897 12.409 9.08942 2.85698 0.681365 -0.629568 -0.339802 -0.15466
1295878898 12.6522 8.58415 3.68495 0.663843 -0.63685 -0.372152 -0.123439
1295878900 12.9436 8.0254 4.46141 0.661204 -0.636589 -0.378917 -0.118261
1295878901 13.3047 7.46621 5.20769 0.657461 -0.637278 -0.387402 -0.107428
1295878903 13.7225 6.94207 5.94979 0.662326 -0.635952 -0.378737 -0.115967
1295878905 14.0118 6.35269 6.70406 0.661738 -0.63503 -0.380727 -0.117843
1295878906 14.4085 5.79057 7.4298 0.68618 -0.626285 -0.335379 -0.156349
1295878908 14.7594 5.34976 8.25595 0.698075 -0.621468 -0.307281 -0.179019
1295878910 15.0738 4.81509 9.04035 0.717258 -0.613578 -0.258982 -0.204917
1295878911 15.1533 4.64184 10.022 -0.631248 0.639343 0.437021 0.0421807
1295878913 14.7161 5.47342 9.67953 -0.627028 0.645369 0.435253 0.0298207
1295878915 15.0686 5.85078 10.5359 -0.62604 0.645747 0.436173 0.02894
1295878917 14.7115 5.41515 9.70962 -0.626188 0.645081 0.437011 0.027928
1295878918 14.8758 6.27954 10.1848 -0.624798 0.645536 0.438414 0.0265395
1295878920 14.5226 5.91135 9.32479 -0.624209 0.645692 0.439045 0.026172
1295878922 14.8247 6.52727 10.0524 -0.623251 0.645625 0.440599 0.0244905
1295878923 15.5017 6.42736 10.7815 -0.623433 0.645393 0.440684 0.024418
1295878924 15.7386 7.01621 11.5543 -0.622841 0.644996 0.442167 0.0231851
1295878925 15.5121 6.24219 10.963 -0.622286 0.644892 0.443157 0.0220337
1295878926 15.797 5.28653 10.8887 -0.622414 0.644689 0.443268 0.0221438
1295878927 16.1153 5.83363 11.6629 -0.620978 0.644838 0.445124 0.0208631
1295878928 16.2274 6.77738 11.9739 -0.620244 0.644934 0.44606 0.0197008
1295878929 16.0986 5.85086 11.6204 -0.620045 0.644993 0.446268 0.019316
1295878930 16.0981 4.85387 11.5428 -0.620804 0.645259 0.444705 0.021915
