1295878709 0 0 0 0 0 0 0
1295878710 0 0 0 0 0 0 0
1295878711 0.000945249 9.47154e-05 0 0 0 -0.105798 -0.00408661
1295878712 0.00106216 -0.00989604 0 0 0 0.410842 -0.0481903
1295878713 0.00847954 -0.00787036 0 0 0 0.383675 -0.236504
1295878714 0.0151177 0.00224275 0 0 0 0.244669 -0.392084
1295878715 -0.104347 0.0968304 0 0 0 0.0147238 -0.047636
1295878716 -0.247538 0.228223 0 0 0 0.0295699 -0.145454
1295878717 -0.345543 0.0861087 0 0 0 0.00447792 -0.0425347
1295878718 -0.352551 0.0857662 0 0 0 0.000676798 -0.0085245
1295878719 -0.391523 0.0900064 0 0 0 0.000436049 -0.00605265
1295878720 -0.348579 0.0771132 0 0 0 0.00184709 -0.0364461
1295878721 -0.208078 0.0617849 0 0 0 0.000484259 -0.0234139
1295878722 -0.464799 0.054789 0 -0 0 6.80927e-06 -0.0171451
1295878723 -0.13471 -0.0025866 0 0 0 -3.84051e-05 -0.00380972
1295878724 0.000103066 2.56834e-06 0 0 0 5.60729e-08 4.67911e-06
1295878725 3.89266e-05 9.41829e-07 0 0 0 4.3477e-08 3.62928e-06
1295878726 -0.0670111 -0.00176419 0 0 0 -2.77217e-05 -0.00212576
1295878727 -0.426538 -0.0150684 0 0 0 -8.95273e-05 -0.00533736
1295878728 -0.486931 -0.021026 0 0 0 -8.45719e-05 -0.00394843
1295878729 -0.423166 -0.0141851 0 0 0 -9.40228e-05 0.0504993
1295878730 -0.050543 0.00304707 0 0 0 -0.000505013 0.0146551
1295878731 -0.141013 0.022991 0 0 0 -0.0084641 0.0945652
1295878732 -0.145948 0.0406208 0 0 0 -7.59822e-05 0.000550997
1295878733 -0.305345 0.0849924 0 0 0 0.000359996 -0.00263097
1295878734 -0.295118 0.0803347 0 0 0 0.00041844 -0.00312566
1295878735 -0.307796 0.0811881 0 0 0 0.000546655 -0.0042014
1295878736 -0.227057 0.0552179 0 0 0 0.000303498 -0.00239479
1295878737 0.000624805 -0.000157825 0 0 0 -5.44825e-06 4.34025e-05
1295878738 3.01981e-14 -4.77396e-14 0 0 0 2.38863e-08 -1.90253e-07
1295878739 0 0 0 0 0 0 0
1295878740 0 0 0 0 0 0 0
1295878741 -0.00697069 0.00176553 0 0 0 4.08893e-05 -0.000326113
1295878742 -0.406668 0.100303 0 0 0 0.000515235 -0.00418634
1295878743 -0.18385 0.0352109 0 0 0 0.000350547 -0.00293503
1295878744 0.000549414 -9.89643e-05 0 0 0 -7.18865e-08 6.09532e-07
1295878745 0.000213939 -3.85332e-05 0 0 0 -3.58417e-07 3.039e-06
1295878746 0.000131743 -2.37294e-05 0 0 0 -3.83884e-07 3.25485e-06
1295878747 -0.30884 -0.121675 0 0 0 0.00361521 -0.0363472
1295878748 -0.564478 -0.183892 0 0 0 -0.00242026 0.0257282
1295878749 -0.537261 0.115647 0 0 0 -0.000211181 0.00195328
1295878750 -0.46789 0.0987185 0 0 0 0.000410117 -0.00382703
1295878751 -0.516843 0.10664 0 0 0 0.000580052 -0.00566803
1295878752 -0.531839 0.0824838 0 0 0 0.00466494 -0.0768473
1295878753 -0.556843 0.0172809 0 0 0 0.000183238 -0.0110312
1295878754 -0.533086 0.0196985 0 0 0 -0.00146698 0.0441764
1295878755 -0.517007 0.139119 0 0 0 -0.021468 0.157954
1295878757 -0.456052 0.300158 0 0 0 -0.0465626 0.153219
1295878758 -0.313337 0.44273 0 0 0 -0.0918594 0.178334
1295878759 -0.209932 0.484319 0 0 0 -0.00476298 0.00726249
1295878760 -0.149367 0.522218 0 0 0 -0.0844104 0.11007
1295878761 0.000263781 0.558342 0 0 0 -0.0793144 0.0801682
1295878762 0.113897 0.52416 0 0 0 -0.0749817 0.0613662
1295878763 0.161389 0.532162 0 0 0 0.00215685 -0.00160168
1295878764 0.155478 0.510766 0 0 0 -0.0268274 0.0192972
1295878765 0.236492 0.488535 0 0 0 -0.0505187 0.032875
1295878766 0.249939 0.486934 0 0 0 -0.00530148 0.00320432
1295878767 0.28188 0.462015 0 0 0 -0.03249 0.0186814
1295878768 0.291956 0.460029 0 0 0 -0.000886563 0.000487306
1295878769 0.261034 0.418325 0 0 0 0.00629877 -0.00348759
1295878770 0.319305 0.519034 0 0 0 0.00387534 -0.00217533
1295878771 0.2749 0.462785 0 0 0 0.00694146 -0.00395336
1295878772 0.31263 0.441424 0 0 0 -0.138714 0.0661186
1295878773 0.411417 0.354416 0 0 0 -0.0160816 0.00604031
1295878774 0.420288 0.358037 0 0 0 0.00411628 -0.00151612
1295878775 0.427897 0.327645 0 0 0 -0.103329 0.0320738
1295878776 0.519024 0.128045 0 0 0 -0.277304 0.0297703
1295878777 0.497449 -0.174023 0 0 0 -0.251628 -0.0408047
1295878778 0.428378 -0.337857 0 0 0 -0.0671996 -0.0225695
1295878779 0.354738 -0.408474 0 0 0 -0.124125 -0.0565861
1295878780 0.278113 -0.471758 0 0 0 -0.0263469 -0.0147753
1295878781 0.268307 -0.469902 0 0 0 -0.000650678 -0.000378258
1295878782 0.270876 -0.465009 0 0 0 0.00835375 0.00480675
1295878783 0.271619 -0.450438 0 0 0 0.0030288 0.00171643
1295878784 0.268715 -0.498026 0 0 0 -0.0667318 -0.0411947
1295878785 0.120463 -0.513567 0 0 0 -0.130273 -0.104459
1295878786 -0.078263 -0.539071 0 0 0 -0.13928 -0.164196
1295878787 -0.325312 -0.442599 0 0 0 -0.11706 -0.233556
1295878788 -0.474835 -0.223427 0 0 0 -0.0495883 -0.222279
1295878789 -0.530341 -0.108367 0 0 0 -0.000639248 -0.00623029
1295878791 -0.5376 -0.0875697 0 0 0 -0.00399455 -0.0562245
1295878792 -0.531041 0.00271626 0 0 -0 -0.000700077 -0.0633734
1295878793 -0.544344 0.021505 0 0 0 -4.66478e-05 0.00239826
1295878794 -0.551463 0.0175219 0 0 0 -6.02532e-05 0.00367068
1295878795 -0.53743 0.0128257 0 0 0 -6.70143e-05 0.00571858
1295878796 -0.558213 -0.0067026 0 0 0 0.00106635 0.0558686
1295878797 -0.50669 -0.115285 0 0 0 0.0141915 0.127231
1295878798 -0.504984 -0.234312 0 0 0 0.0178371 0.0810436
1295878798 -0.120083 -0.0722934 0 0 0 0.00748633 0.0268336
1295878800 -0.418999 -0.373422 0 0 0 0.0343838 0.0978589
1295878801 -0.408462 -0.345942 0 0 0 0.00134426 0.00325606
1295878802 -0.319659 -0.395146 0 0 0 0.00366192 0.00870932
1295878803 -0.291913 -0.352359 0 0 0 -0.0132073 -0.0325772
1295878804 -0.456034 -0.27885 0 0 0 -0.0652379 -0.303435
1295878805 -0.541432 -0.0131027 0 0 -0 0.0230405 -0.276399
1295878806 -0.514034 0.212085 0 0 0 0.102676 -0.267755
1295878807 -0.304342 0.449235 0 0 0 0.177266 -0.230348
1295878808 -0.0418737 0.556959 0 0 0 0.110562 -0.0925402
1295878809 0.0193659 0.571967 0 0 0 0.0106984 -0.00760835
1295878810 0.0439829 0.549071 0 0 0 0.00378588 -0.00264213
1295878811 0.104451 0.533627 0 0 0 -0.0338026 0.0245368
1295878812 0.0817676 0.538652 0 0 0 -0.0509336 0.0413206
1295878813 0.0726971 0.55152 0 0 0 -0.0016979 0.0014757
1295878814 0.123666 0.509674 0 0 0 0.112823 -0.0850443
1295878815 0.312722 0.428098 0 0 0 0.197019 -0.0987917
1295878816 0.484076 0.248342 0 0 0 0.239042 -0.0562901
1295878817 0.537232 0.0487073 0 0 0 0.0833375 -0.00554136
1295878818 0.541838 0.0304638 0 0 0 -0.00680804 0.000190863
1295878819 0.539153 0.0351364 0 0 0 -0.00283799 9.32692e-05
1295878820 0.547034 0.00371367 0 -0 0 0.065098 -0.000111819
1295878821 0.550185 -0.0404203 0 0 0 0.0486083 0.00268497
1295878822 0.512066 -0.154047 0 0 0 0.0873308 0.010844
1295878823 0.508716 -0.174732 0 0 0 -0.00343435 -0.000574737
1295878824 0.526207 -0.176678 0 0 0 -0.00214817 -0.00035325
1295878825 0.51083 -0.175905 0 0 0 0.0297195 0.00531572
1295878826 0.488612 -0.241693 0 0 0 0.0486237 0.0107194
1295878827 0.469506 -0.244179 0 0 0 -0.00574364 -0.00139904
1295878828 0.491018 -0.246641 0 0 0 -0.00653544 -0.00154826
1295878829 0.486638 -0.239127 0 0 0 -0.00169899 -0.000394913
1295878830 0.456346 -0.292848 0 0 0 0.133841 0.0410453
1295878831 0.334518 -0.428446 0 0 0 0.161695 0.079684
1295878832 0.164114 -0.523855 0 0 0 0.142982 0.105834
1295878833 -0.0260741 -0.527885 0 0 0 0.117518 0.123876
1295878834 -0.131962 -0.529807 0 0 0 0.00961989 0.0122478
1295878835 -0.197973 -0.500667 0 0 0 0.0784828 0.117952
1295878836 -0.353556 -0.423032 0 0 0 0.0673983 0.144509
1295878837 -0.415235 -0.329322 0 0 0 0.0027689 0.00752504
1295878840 -0.747194 -0.648667 0 0 0 -0.00108618 -0.00297415
1295878841 -0.476971 -0.216139 0 0 0 0.0603882 0.303622
1295878842 -0.507725 0.132417 0 0 0 -0.0466988 0.345561
1295878843 -0.333851 0.405755 0 0 0 -0.0897235 0.200996
1295878844 -0.337215 0.392567 0 0 0 0.0901168 -0.202228
1295878845 -0.436411 0.358374 0 0 0 -0.0337162 0.0905098
1295878846 -0.372186 0.388911 0 0 0 0.0010582 -0.00247829
1295878847 -0.303749 0.432888 0 0 0 -0.0954228 0.174009
1295878848 -0.172247 0.527958 0 0 0 -0.0198983 0.0279812
1295878849 -0.157617 0.502607 0 0 0 0.0025731 -0.00350581
1295878850 -0.207349 0.50518 0 0 0 0.0473348 -0.0709538
1295878851 -0.307176 0.442774 0 0 0 0.0615425 -0.118553
1295878852 -0.414263 0.354336 0 0 0 0.034587 -0.0909768
1295878853 -0.417733 0.350316 0 0 0 -0.00550927 0.0164436
1295878854 -0.444001 0.294016 0 0 0 0.0261325 -0.0890135
1295878855 -0.484577 0.255437 0 0 0 -0.00933911 0.0354645
1295878856 -0.391496 0.373683 0 0 0 -0.0850807 0.207928
1295878857 -0.177629 0.499956 0 0 0 -0.127951 0.182107
1295878858 0.0727979 0.715543 0 0 0 -0.17773 0.158265
1295878859 0.426666 0.561097 0 0 0 -0.275572 0.134584
1295878860 0.648198 0.318601 0 0 0 -0.0915299 0.0236714
1295878861 0.635045 0.277433 0 0 0 -0.000530058 0.000110495
1295878862 0.640823 0.282237 0 0 0 -0.00305489 0.000630987
1295878863 0.726403 0.196641 0 0 0 -0.153226 0.0192279
1295878864 0.748251 -0.0699711 0 0 0 -0.21243 -0.0125604
1295878865 0.554667 -0.360694 0 0 0 -0.255665 -0.0790489
1295878866 0.188901 -0.330975 0 0 0 -0.157297 -0.0911288
1295878867 0.198436 -0.615284 0 0 0 -0.0120668 -0.00867934
1295878868 0.167562 -0.543262 0 0 0 -0.0328635 -0.0250683
1295878869 -0.0633323 -0.596701 0 0 0 -0.238534 -0.274338
1295878870 -0.433174 -0.346328 0 0 0 -0.130201 -0.378177
1295878871 -0.52362 -0.122325 0 0 0 -0.00253087 -0.0210541
1295878872 -0.525634 -0.121219 0 0 0 0.000737807 0.00654104
1295878873 -0.536666 -0.0656045 0 0 -0 -0.00617841 -0.14689
1295878874 -0.65755 0.111835 0 0 0 0.00482455 -0.0714969
1295878875 -0.745527 0.157283 0 0 0 0.000808105 -0.00752368
1295878876 -0.503645 0.271288 0 0 0 0.0783937 -0.291817
1295878877 -0.376439 0.419272 0 0 0 -0.0089822 0.0210892
1295878878 -0.482475 0.461559 0 0 0 -0.00545042 0.0134928
1295878879 -0.34306 0.49672 0 0 0 0.119425 -0.217971
1295878880 -0.224257 0.719032 0 0 0 0.0043978 -0.00603735
1295878881 -0.224814 0.708315 0 0 0 -0.0030653 0.00419806
1295878882 -0.228401 0.511434 0 0 0 -0.0809211 0.131781
1295878883 -0.323717 0.413237 0 0 0 -0.0336832 0.0728367
1295878884 -0.0651245 0.0644492 0 0 0 -0.00392181 0.0095998
1295878885 1.75023e-06 -1.74088e-06 0 0 0 -5.76252e-07 1.43171e-06
1295878887 0 0 0 0 0 0 0
1295878888 -0.00415034 0.0169883 0 0 0 0.000710035 -0.00175928
1295878889 0.0478673 0.174398 0 0 0 0.0188911 -0.0436629
1295878890 -0.0112904 0.00789146 0 0 0 0.0684589 -0.124374
1295878891 -0.0201879 0.0476632 0 0 0 -0.0505512 0.0875471
1295878892 -0.0807779 0.0935292 0 0 0 -0.037051 0.0811133
1295878893 -0.0945981 0.167884 0 0 0 0.0463515 -0.0988439
1295878894 -0.0465884 0.0896594 0 0 0 -0.0408125 0.0854124
1295878895 -0.0918902 0.0867791 0 0 0 -0.0187087 0.0478497
1295878896 -0.096862 0.0770553 0 0 0 -0.0109244 0.0318756
1295878897 -0.112312 0.0807796 0 0 0 -0.00301443 0.00946388
1295878898 -0.14489 0.100266 0 0 0 -0.00105344 0.00338603
1295878899 -0.17591 0.120039 0 0 0 -0.000583758 0.00189481
1295878900 -0.18787 0.130467 0 0 0 -0.00018957 0.000618209
1295878901 -0.313131 0.237987 0 0 0 0.0112163 -0.0343865
1295878902 -0.247644 0.198841 0 0 0 0.0035012 -0.00994014
1295878903 -0.299529 0.245698 0 0 0 -0.00040356 0.00112888
1295878904 -0.286285 0.235568 0 0 0 0.00503359 -0.0137867
1295878905 -0.240327 0.247979 0 0 0 0.0288091 -0.0691284
1295878906 -0.231188 0.306687 0 0 0 0.0299003 -0.059507
1295878907 -0.210095 0.441592 0 0 0 0.0488075 -0.0803369
1295878908 -0.188923 0.46321 0 0 0 -0.00225785 0.00336537
1295878909 -0.204824 0.487641 0 0 0 -0.00663482 0.0100636
1295878910 -0.157882 0.262392 0 0 0 -0.115514 0.244621
1295878911 0.28886 -0.0525131 0 0 0 -0.0028264 0.00911354
1295878912 -0.002491 0.000476255 0 0 0 8.47082e-05 -0.000277669
1295878913 -6.7964e-05 1.30209e-05 0 0 0 -2.09685e-06 6.86988e-06
1295878914 -0.000720636 0.000138074 0 0 0 2.32903e-05 -7.62959e-05
1295878915 -0.00020401 3.91143e-05 0 0 0 -1.45322e-05 4.76029e-05
1295878916 0 0 0 0 0 0 0
1295878917 -1.2126e-06 2.33635e-07 0 0 0 1.21747e-07 -3.98842e-07
1295878918 -4.25456e-06 8.15961e-07 0 0 0 -1.1208e-06 3.67175e-06
1295878919 -6.03177e-07 1.15462e-07 0 0 0 -2.98332e-07 9.77343e-07
1295878920 0 0 0 0 0 0 0
1295878921 0 0 0 0 0 0 0
1295878922 -6.05648e-07 1.15934e-07 0 0 0 -2.1415e-07 7.01563e-07
1295878923 -7.28125e-06 1.39607e-06 0 0 0 -1.35269e-06 4.43151e-06
1295878924 -0.00028845 5.52768e-05 0 0 0 4.41888e-06 -1.44763e-05
1295878925 -3.03546e-06 5.85096e-07 0 0 0 3.04862e-07 -9.98702e-07
1295878926 0 0 0 0 0 0 0
1295878927 -6.09706e-07 1.17524e-07 0 0 0 6.12352e-08 -2.00601e-07
1295878928 0 0 0 0 0 0 0
1295878929 0 0 0 0 0 0 0
1295878930 0 0 0 0 0 0 0
1295878931 0 0 0 0 0 0 0
