1295878709 -4.99315e-08 -4.99315e-08 0 -0.000594858 0.0001703 2.34021e-06 3.45241e-06
1295878710 -6.68448e-08 -6.68448e-08 0 5.59997e-05 0.000355392 -3.01007e-06 -2.68637e-06
1295878711 0.000957319 7.19564e-05 0 -0.00147508 -0.000165501 -0.110076 -0.00534728
1295878712 0.00088661 -0.00997754 0 0.00215464 -0.00206738 0.415748 -0.0445994
1295878713 0.00823055 -0.00803922 0 0.000428706 -0.00263046 0.380097 -0.228391
1295878714 0.0150201 0.00160301 0 -0.00206026 -0.00162654 0.248293 -0.382017
1295878715 -0.0972382 0.0972998 0 -0.000918151 0.000166897 0.0164602 -0.0495963
1295878716 -0.243706 0.242339 0 -0.00182315 0.000751431 0.0329837 -0.148969
1295878717 -0.341273 0.0943716 0 0.000191211 0.0013747 0.00540603 -0.0453836
1295878718 -0.361553 0.0940786 0 -0.000383615 0.00070362 0.00154953 -0.0178056
1295878719 -0.389048 0.0898785 0 -0.000962277 6.34734e-05 0.000743764 -0.0101607
1295878720 -0.343508 0.0748144 0 -0.000641292 -4.88429e-05 0.00195696 -0.0417318
1295878721 -0.198594 0.0566043 0 0.00293513 0.00108388 0.000317138 -0.0291686
1295878722 -0.477692 0.0383053 0 -0.00437648 -1.01268e-06 -0.000472479 -0.028035
1295878723 -0.130441 -0.00887003 0 -0.00197421 0.000757434 -0.000198395 -0.00567742
1295878724 9.45068e-05 7.04824e-06 0 -0.000332059 0.000532233 1.95083e-06 0.000144212
1295878725 3.82014e-05 2.76859e-06 0 -0.000565286 -0.000169835 1.7866e-06 5.65748e-05
1295878726 -0.0652976 -0.00498267 0 0.00270917 -0.000286891 -0.000101707 -0.00278094
1295878727 -0.42388 -0.0381609 0 3.26618e-05 0.0012724 -0.000420334 -0.00933558
1295878728 -0.48824 -0.0565853 0 -0.0010304 0.000950996 -0.00107977 -0.0184403
1295878729 -0.420818 -0.0591757 0 -0.00201854 0.000236029 0.00175243 0.0353706
1295878730 -0.0513414 -0.00300712 0 0.00139272 -0.000583676 0.000361497 0.0142894
1295878731 -0.139245 0.00542427 0 -0.00229973 0.000377921 -0.00263411 0.0921799
1295878732 -0.151846 0.0223053 0 0.00176787 -0.000210131 0.000148101 -0.00192029
1295878733 -0.309712 0.0420269 0 -0.000490067 -0.00063498 0.000592407 -0.00860402
1295878734 -0.305731 0.0377183 0 0.000148152 0.000193612 0.000373533 -0.00613323
1295878735 -0.318727 0.0338107 0 0.000142685 -0.00054755 0.000514983 -0.00961907
1295878736 -0.230699 0.0176363 0 -0.00359213 0.00125595 0.000274694 -0.0066033
1295878737 0.000430409 -3.48537e-05 0 0.000269646 -0.000313405 -2.29693e-05 0.000636367
1295878738 -8.58925e-08 -8.58926e-08 0 -0.000128788 -0.000313052 1.51115e-06 -1.19146e-06
1295878739 -1.23734e-07 -1.23734e-07 0 0.000132739 0.000288304 -1.29982e-06 8.34255e-07
1295878740 -1.05922e-07 -1.05922e-07 0 -5.70608e-05 -0.000610972 3.944e-06 -3.13502e-06
1295878741 -0.00716603 0.000597225 0 0.00434058 -8.11835e-05 1.40353e-05 1.85749e-05
1295878742 -0.413716 0.0288528 0 -0.000689831 0.00126687 0.000413863 -0.0116
1295878743 -0.191306 0.00129766 0 -0.00358341 0.000780363 0.000147728 -0.00602476
1295878744 0.000557333 4.02566e-06 0 0.000356446 0.000177905 -1.18208e-05 0.000488154
1295878745 0.000220877 1.36237e-06 0 0.000124183 0.000296468 -4.28037e-07 -6.13183e-05
1295878746 0.000131975 7.79594e-07 0 -6.11118e-05 -2.21078e-05 -3.0568e-06 0.000117212
1295878747 -0.280474 -0.177277 0 0.00348303 0.00124869 0.00016664 -0.0425949
1295878748 -0.509558 -0.296217 0 0.000630565 -0.00205404 0.000167949 0.0151991
1295878749 -0.558872 -0.0100969 0 -0.00122525 0.000383866 -6.68212e-05 -0.00915841
1295878750 -0.477727 -0.019247 0 0.000499912 0.00108182 -0.000252743 -0.0134914
1295878751 -0.526165 -0.0330905 0 -0.000706301 -0.000290884 -0.000435761 -0.0137762
1295878752 -0.527401 -0.0705115 0 0.000380919 -0.00141623 -0.00766369 -0.0909076
1295878753 -0.536426 -0.158005 0 0.00247058 0.0013154 -0.00340148 -0.0237477
1295878754 -0.517876 -0.161698 0 -0.000583066 -0.00242606 0.00463412 0.0334804
1295878755 -0.523414 -0.0522882 0 -0.00329036 -0.00062988 0.00677806 0.148738
1295878757 -0.534887 0.108195 0 0.000573943 0.000291182 -0.0151674 0.146906
1295878758 -0.461451 0.281782 0 -0.000320229 -0.00153913 -0.051871 0.185209
1295878759 -0.392858 0.357261 0 -0.00108002 0.00218194 0.00164071 -0.00431325
1295878760 -0.364902 0.40201 0 -0.000228605 -0.000239272 -0.0504947 0.111287
1295878761 -0.259756 0.489951 0 0.000560625 -0.000871443 -0.0485074 0.0819152
1295878762 -0.160278 0.51349 0 0.000748278 -0.000605367 -0.052511 0.0724701
1295878763 -0.131781 0.5402 0 0.000453994 0.000651867 0.00982789 -0.0125657
1295878764 -0.142354 0.510576 0 -0.000307204 0.00309429 -0.00940591 0.0119923
1295878765 -0.0755555 0.547877 0 0.0011211 -0.00112711 -0.0341424 0.0407409
1295878766 -0.0742336 0.533761 0 0.000651556 -0.00203562 0.00564448 -0.00641228
1295878767 -0.0494363 0.544695 0 -0.00159401 0.00157481 -0.0169837 0.019014
1295878768 -0.0511961 0.548349 0 0.00173209 0.000239086 0.00403351 -0.00443061
1295878769 -0.060845 0.487042 0 0.000965312 0.00128977 0.0141217 -0.0159671
1295878770 -0.0905682 0.599644 0 0.00206278 -0.000476033 0.00899144 -0.0105204
1295878771 -0.102656 0.524139 0 0.000840291 0.000987072 0.0161714 -0.0197161
1295878772 -0.0831373 0.535076 0 0.000868602 -6.5189e-07 -0.0933902 0.101527
1295878773 0.0376728 0.553909 0 -0.00191595 0.00127571 -0.00435583 0.00408932
1295878774 0.0270203 0.547673 0 0.00118513 -0.00116552 0.0131897 -0.0125549
1295878775 0.0390195 0.531802 0 -0.00147539 0.00151232 -0.0715212 0.063049
1295878776 0.240402 0.479705 0 -0.000640918 -0.00201234 -0.232832 0.139239
1295878777 0.447393 0.273404 0 -0.00234415 -0.00147501 -0.233008 0.0673281
1295878778 0.533813 0.12769 0 0.000403411 0.000307957 -0.061124 0.00791754
1295878779 0.539875 0.039506 0 -0.000385532 -0.00300174 -0.122541 0.00451448
1295878780 0.546069 -0.0466401 0 -6.66909e-05 0.0015342 -0.0180189 -0.000616224
1295878781 0.531032 -0.0393948 0 -0.000954065 -0.00274487 0.00946013 0.000371511
1295878782 0.553223 -0.023635 0 0.00242145 0.00153565 0.0235671 0.000501895
1295878783 0.514039 -0.000734514 0 0.000368092 -0.000124345 0.0147129 3.4628e-05
1295878784 0.571261 -0.0143958 0 -6.77123e-05 0.000101892 -0.06336 -0.00168969
1295878785 0.512631 -0.138331 0 -0.000457147 -0.000618843 -0.156117 -0.0215569
1295878786 0.44202 -0.313518 0 -0.000191008 -0.000434195 -0.193071 -0.0635342
1295878787 0.256234 -0.477865 0 -0.000540481 -0.000894512 -0.210187 -0.126781
1295878788 0.0129146 -0.521947 0 -0.000461756 -0.000885798 -0.157112 -0.154218
1295878789 -0.112417 -0.530845 0 0.000582715 4.55521e-05 -0.00152161 -0.00186861
1295878791 -0.125233 -0.541767 0 0.000584004 -9.91725e-05 -0.0239851 -0.0307461
1295878792 -0.189138 -0.498058 0 0.000117827 -0.000858966 -0.0292511 -0.0411681
1295878793 -0.198335 -0.51186 0 0.000769729 5.79217e-05 0.00978426 0.0142667
1295878794 -0.180385 -0.516783 0 0.000744555 -0.000722029 0.00798358 0.0112621
1295878795 -0.160771 -0.506785 0 0.00085019 0.000934042 0.0114266 0.0155613
1295878796 -0.134727 -0.538308 0 -0.00109069 -0.000167171 0.0400261 0.0500178
1295878797 -0.00533776 -0.529259 0 0.00202053 -0.00189476 0.102661 0.10377
1295878798 0.124774 -0.532048 0 0.00212193 0.000421784 0.0728742 0.0578655
1295878798 0.0430098 -0.119593 0 0.00129652 0.00093302 0.0208039 0.0145905
1295878800 0.292758 -0.484567 0 0.000571296 -0.00214993 0.1044 0.0623493
1295878801 0.289836 -0.471155 0 0.002255 -7.25468e-05 0.0125839 0.0063791
1295878802 0.347012 -0.363557 0 -0.000483926 0.00237913 0.020374 0.00990018
1295878803 0.325596 -0.333788 0 -0.00133418 -0.00350678 -0.0219946 -0.0106967
1295878804 0.238482 -0.475886 0 1.57997e-05 0.00252086 -0.245439 -0.173818
1295878805 -0.019308 -0.52866 0 -0.000887615 0.000206832 -0.162877 -0.204513
1295878806 -0.227919 -0.506719 0 -0.0112312 -0.00172922 1.82166 -0.77864
1295878807 -0.467139 -0.304431 0 0.00219125 -0.0023292 0.0349715 0.28838
1295878808 -0.550534 -0.0367766 0 0.000512707 0.00119779 -0.0125257 0.134679
1295878809 -0.572112 0.0142996 0 -0.00122571 -0.000181428 -0.000558495 0.00339254
1295878810 -0.550845 0.0257897 0 0.000834454 0.00160391 0.00117111 -0.00721407
1295878811 -0.551879 0.0792427 0 0.000383294 -0.000385212 0.00690268 -0.0528175
1295878812 -0.530506 0.0394538 0 -0.000100153 0.00134234 0.00498226 -0.076659
1295878813 -0.549233 0.0167638 0 -0.00153259 0.00136651 0.000257255 -0.0131899
1295878814 -0.525389 0.0604883 0 -0.000278409 -0.00110555 -0.00996997 0.128195
1295878815 -0.476482 0.25259 0 0.000267224 -0.000500687 -0.0524943 0.206654
1295878816 -0.322581 0.434415 0 -7.70009e-05 -4.8882e-05 -0.104304 0.204929
1295878817 -0.148832 0.509226 0 0.00188581 0.000512554 -0.0410145 0.0573045
1295878818 -0.152745 0.525635 0 0.000121121 0.000325605 0.0134101 -0.0178106
1295878819 -0.169925 0.523639 0 0.000485748 0.00265019 0.00773932 -0.0106749
1295878820 -0.149231 0.517467 0 8.81922e-05 0.00164986 -0.0300223 0.0398137
1295878821 -0.125154 0.536262 0 0.000675605 -0.000869985 -0.0223924 0.0272192
1295878822 -0.0176518 0.527637 0 0.00151797 -0.000361236 -0.0531682 0.0576064
1295878823 -0.00950943 0.550361 0 0.000119108 -0.000119138 0.0110496 -0.0112435
1295878824 -0.0289055 0.551721 0 -0.000447417 0.00165571 0.0098433 -0.0103314
1295878825 -0.0340145 0.532127 0 -0.000969857 0.00170067 -0.0100432 0.0105147
1295878826 0.0205062 0.54862 0 0.00229315 -0.000457419 -0.0317355 0.0313584
1295878827 0.0217095 0.531924 0 0.000986375 -8.74452e-05 0.0133167 -0.0128217
1295878828 -0.00520645 0.556623 0 0.00240775 0.000244279 0.0196849 -0.0198674
1295878829 -0.0259397 0.523388 0 2.27495e-05 0.00229574 0.00976625 -0.0102981
1295878830 0.0198976 0.550233 0 -0.00243315 0.000259525 -0.0926112 0.087012
1295878831 0.187575 0.51337 0 -0.00105362 -0.00154622 -0.13853 0.0960576
1295878832 0.3485 0.420252 0 -0.00175661 -0.00030676 -0.154409 0.0720396
1295878833 0.456089 0.272494 0 -0.00110735 -0.000942888 -0.160389 0.0440406
1295878834 0.515771 0.19308 0 0.00200487 0.000162642 -0.00550588 0.00101091
1295878835 0.516191 0.129997 0 -0.000686014 -0.00266633 -0.128917 0.0147953
1295878836 0.548363 -0.026743 0 -0.000647852 0.00125953 -0.148338 -0.0037195
1295878837 0.518031 -0.121615 0 -0.000849639 -0.00222595 0.0018022 0.000186237
1295878840 0.975462 -0.154115 0 0.00171413 0.00154373 0.027967 0.00233378
1295878841 0.488214 -0.209712 0 -0.00154907 -0.00108583 -0.291778 -0.065076
1295878842 0.254783 -0.462739 0 0.000351837 -6.77667e-05 -0.291774 -0.17508
1295878843 -0.0519185 -0.515112 0 -0.00157418 0.00016598 -0.142187 -0.150961
1295878844 -0.0329383 -0.519646 0 0.00330816 -0.00164633 0.161451 0.167152
1295878845 0.0768708 -0.55808 0 -1.86982e-05 -0.000353864 -0.0640449 -0.0572243
1295878846 0.0229806 -0.536672 0 -0.000276085 -0.00138339 0.0115996 0.0111184
1295878847 -0.0422532 -0.527021 0 0.000780802 0.00111149 -0.12283 -0.139603
1295878848 -0.189702 -0.511072 0 0.000145934 0.000337802 -0.0122321 -0.0172109
1295878849 -0.178596 -0.500746 0 -0.00122921 0.000326816 0.00855033 0.0121123
1295878850 -0.127661 -0.536637 0 0.00185023 -0.000945037 0.0614248 0.0772801
1295878851 0.00669347 -0.546476 0 0.00114343 -0.00108744 0.1065 0.104352
1295878852 0.159947 -0.515808 0 0.00155212 -0.000830195 0.0900154 0.0676132
1295878853 0.175954 -0.508554 0 6.98917e-05 0.00028615 -0.00865593 -0.00583583
1295878854 0.240885 -0.478884 0 0.00103982 -0.000209078 0.0900416 0.0546683
1295878855 0.305479 -0.454728 0 -0.000914682 5.8061e-05 -0.0193729 -0.0106801
1295878856 0.181346 -0.508141 0 0.000822024 0.00117109 -0.172496 -0.123524
1295878857 -0.0578275 -0.532187 0 -0.00145897 0.00108917 -0.145877 -0.161696
1295878858 -0.366494 -0.619323 0 -0.00959812 -0.00320447 1.73134 -0.976132
1295878859 -0.602656 -0.35584 0 0.00108231 -0.000606027 0.0726358 0.272701
1295878860 -0.725577 -0.0740187 0 0.00152426 0.000503491 0.006399 0.0825113
1295878861 -0.696098 -0.0608426 0 -0.000249464 0.000576007 -0.000671176 -0.0153813
1295878862 -0.686857 -0.0851629 0 -0.000759422 0.00168806 -0.000962043 -0.0161526
1295878863 -0.758037 -0.00855004 0 -0.000350022 0.000902995 -0.000276449 0.138878
1295878864 -0.708547 0.225471 0 0.00151633 -0.00196804 -0.03071 0.184377
1295878865 -0.495575 0.456672 0 -0.000208486 0.000863154 -0.0935198 0.231549
1295878866 -0.140137 0.347159 0 0.000920405 -9.46042e-05 -0.0934834 0.13878
1295878867 -0.130324 0.634778 0 0.000662829 0.0008667 -0.000521376 0.00064918
1295878868 -0.122478 0.535635 0 0.000717022 0.000507198 -0.0112292 0.0137091
1295878869 0.0870523 0.614625 0 -0.000505022 -0.00161433 -0.273139 0.228509
1295878870 0.423677 0.339208 0 -0.00141363 0.000823238 -0.355988 0.121326
1295878871 0.53638 0.137934 0 0.00193649 -0.00148138 -0.0144546 0.00192051
1295878872 0.513024 0.140348 0 0.000854225 0.00100358 0.0152272 -0.00202799
1295878873 0.535292 0.100848 0 0.000631704 0.00355068 -0.132072 0.00975948
1295878874 0.659263 -0.0526327 0 0.00092596 -0.00546358 -0.059537 -0.00132101
1295878875 0.767876 -0.0663016 0 -0.000101113 0.00278352 0.0121684 0.00056078
1295878876 0.556243 -0.203414 0 -0.0020226 -0.000481539 -0.292744 -0.056122
1295878877 0.426677 -0.339237 0 0.00202215 -7.62647e-05 0.0379568 0.0125345
1295878878 0.555137 -0.354607 0 -0.000578638 0.000259916 0.0256027 0.00752163
1295878879 0.453225 -0.415778 0 -0.00111379 -0.00118151 -0.217849 -0.0896531
1295878880 0.39697 -0.638505 0 0.0032741 0.000935134 0.0102498 0.00562562
1295878881 0.410073 -0.611875 0 0.00179628 0.00293574 0.0154272 0.0081741
1295878882 0.370895 -0.417646 0 7.00396e-05 -0.00204344 0.154599 0.0645431
1295878883 0.43764 -0.284295 0 0.00219109 0.00177032 0.0865669 0.0236323
1295878884 0.0867938 -0.0405114 0 0.000951476 0.00113851 0.0107844 0.00235731
1295878886 -2.50765e-06 1.10822e-06 0 0.000327231 -0.000430159 2.08043e-06 -9.13858e-07
1295878887 -5.28975e-08 -5.28975e-08 0 -0.00025199 -0.000316925 3.18426e-06 4.2293e-06
1295878888 0.0106039 -0.0165233 0 -0.000938802 -0.00103908 -0.001995 -0.000417572
1295878889 0.0130931 -0.178506 0 0.000798545 4.85781e-05 -0.0455734 -0.0109795
1295878890 0.0132794 -0.00348273 0 -0.000553566 0.000959431 -0.135296 -0.0465382
1295878891 0.0349014 -0.0379733 0 0.00076864 -0.000637475 0.0921713 0.0340336
1295878892 0.108397 -0.0618777 0 -0.000501788 -0.00179524 0.0893163 0.0236155
1295878893 0.144858 -0.123495 0 0.00145722 0.00114135 -0.0981576 -0.0264484
1295878894 0.0766705 -0.0695261 0 -0.000704634 -0.00241762 0.0894742 0.0245307
1295878895 0.116068 -0.049074 0 -9.47065e-05 0.000541871 0.0522841 0.0102969
1295878896 0.117208 -0.0381609 0 0.000585513 0.000153563 0.0338246 0.00512985
1295878897 0.131574 -0.0351967 0 -0.000895908 -0.000377258 0.0123558 0.00159067
1295878898 0.175907 -0.0421416 0 -0.000367227 0.000340934 0.0087229 0.00102604
1295878899 0.203858 -0.0453065 0 0.000606086 8.61916e-05 0.00684456 0.000742729
1295878900 0.219251 -0.0478693 0 -0.00117022 -0.000240523 0.00762606 0.000787921
1295878901 0.392125 -0.0929272 0 0.0010749 0.00177043 -0.0187712 -0.00203167
1295878902 0.303489 -0.0731681 0 -2.73107e-05 -0.000887672 -0.0044549 -0.000530622
1295878903 0.385402 -0.0930499 0 0.00065067 8.32077e-05 0.00606408 0.000713156
1295878904 0.356704 -0.082327 0 0.00121123 -0.000565541 -0.00893056 -0.00108493
1295878905 0.319139 -0.108658 0 -0.00232083 0.000402184 -0.0686502 -0.0109718
1295878906 0.358601 -0.166451 0 0.0013884 0.00127758 -0.0540352 -0.0121713
1295878907 0.39827 -0.280898 0 -0.00270634 -0.00182798 -0.0790639 -0.0235873
1295878908 0.399897 -0.301914 0 0.00102802 0.00207306 0.019073 0.00633971
1295878909 0.424012 -0.297703 0 0.000845073 -0.000662264 0.0136629 0.00428379
1295878910 0.277988 -0.141074 0 -0.000288488 0.00452978 0.266641 0.0434495
1295878911 -0.273169 -0.107627 0 0.000639474 -0.0041854 0.00436488 0.000116306
1295878912 0.00260994 0.000980703 0 -0.000407194 -0.000592565 -0.00112667 -2.01539e-05
1295878913 6.47361e-05 2.41314e-05 0 -0.000158157 0.000132963 2.14872e-05 1.71847e-06
1295878914 0.000657216 0.000245249 0 -0.000218558 0.00018851 -0.000485462 -9.58536e-06
1295878915 0.000224783 8.37291e-05 0 -0.000412572 8.08492e-05 0.000134856 6.5467e-06
1295878916 -8.37275e-08 -8.37276e-08 0 -0.000384196 0.000166714 -4.79978e-07 2.81319e-06
1295878917 1.07884e-06 3.51571e-07 0 -7.87373e-05 0.000297883 -2.55842e-06 -1.1529e-07
1295878918 4.01673e-06 1.47018e-06 0 -0.000274203 -0.000229282 6.2873e-06 2.83357e-06
1295878919 5.56657e-07 1.95929e-07 0 4.27774e-05 -7.83355e-05 1.51301e-06 -1.24092e-07
1295878920 -5.48869e-08 -5.48869e-08 0 -0.000295683 0.000293085 -1.44789e-06 1.54124e-06
1295878921 -8.03736e-09 -8.03736e-09 0 0.000263323 0.000340587 -3.25065e-06 -2.96258e-06
1295878922 5.33497e-07 1.71292e-07 0 -0.000191952 0.000203832 -1.90035e-07 8.70428e-07
1295878923 6.92856e-06 2.5709e-06 0 0.00037597 2.33927e-05 3.26422e-06 -2.89437e-06
1295878924 0.00027518 0.00010247 0 0.000327613 0.000270326 -6.88795e-05 -5.09157e-06
1295878925 2.84506e-06 1.02396e-06 0 -0.000116249 0.000615063 2.45061e-05 -6.87759e-07
1295878926 -2.73636e-08 -2.73637e-08 0 0.000771021 0.000215755 -5.00463e-06 -7.53247e-06
1295878927 5.25045e-07 1.59263e-07 0 -0.000139358 -3.53602e-05 6.89548e-07 1.38913e-06
1295878928 -5.53376e-08 -5.53377e-08 0 0.000255207 0.000740123 -7.51279e-06 -5.72986e-06
1295878929 -2.36003e-08 -2.36004e-08 0 -0.000242729 -8.90935e-05 1.96669e-06 2.62594e-06
1295878930 -4.83283e-08 -4.83284e-08 0 -0.000237978 -6.64906e-05 1.71479e-06 2.40763e-06
1295878931 -4.23965e-08 -4.23966e-08 0 7.79127e-05 -1.28782e-06 -3.67409e-07 -6.69307e-07
