1295878709 -0.93367 -0.0213037 0.357501 1.98117e-05 0.000711705 -0.000353901 1
1295878710 -0.355907 -0.599086 0.934006 0.577144 -0.577134 0.577772 0.000603789
1295878711 0.131029 0.214433 0.616074 0.5779 -0.576881 0.577266 0.00217474
1295878712 0.372558 -0.741966 0.451867 0.50972 -0.577843 0.635409 -0.0503877
1295878713 -0.214754 0.0471875 0.272142 0.45802 -0.615707 0.641104 -0.0103617
1295878714 0.036306 -0.791775 -0.210673 -0.154884 0.848859 0.366099 0.348454
1295878715 -0.0968724 -0.222021 -1.02163 -0.168892 0.825826 0.349455 0.409106
1295878716 -0.597106 -0.861136 -0.437418 -0.150226 0.845081 0.359594 0.36601
1295878717 -1.5198 -1.11425 -0.728232 -0.164361 0.842119 0.395727 0.327446
1295878718 -2.00852 -1.84352 -0.249359 -0.150873 0.852958 0.403486 0.294787
1295878719 -2.26838 -2.62859 0.312908 -0.145694 0.857862 0.404632 0.28128
1295878720 -2.55374 -3.37508 0.914007 -0.14324 0.858941 0.407921 0.274416
1295878721 -2.79233 -4.13356 1.52046 -0.130505 0.868103 0.413435 0.241737
1295878722 -2.85523 -4.87053 2.19345 -0.118191 0.877729 0.41109 0.215935
1295878723 -3.26474 -5.74529 2.45247 -0.120044 0.885593 0.37681 0.243576
1295878724 -3.52938 -6.44227 3.11894 -0.118082 0.886019 0.380307 0.237475
1295878725 -3.58301 -5.47009 3.34697 -0.11766 0.885705 0.381035 0.237688
1295878726 -2.83279 -4.94826 2.94093 -0.117118 0.885993 0.380374 0.237939
1295878727 -3.30256 -5.65341 3.47205 -0.120179 0.888924 0.374144 0.235344
1295878728 -4.2048 -5.78956 3.06287 -0.192451 0.812644 0.338764 0.433373
1295878729 -4.36799 -6.51192 2.39088 -0.305468 0.785238 0.246631 0.478815
1295878730 -4.92988 -7.19667 2.85499 -0.31335 0.770477 0.237943 0.501557
1295878731 -5.55548 -7.84714 3.2857 -0.317547 0.767146 0.232192 0.506692
1295878732 -6.09691 -8.68754 3.26181 -0.340919 0.714264 0.20306 0.576514
1295878733 -6.71039 -9.36503 3.6676 -0.341498 0.716396 0.202287 0.573791
1295878734 -7.42152 -9.9971 3.97546 -0.33997 0.721711 0.206951 0.566326
1295878735 -8.05773 -10.6807 4.33316 -0.338983 0.726276 0.208524 0.560475
1295878736 -8.71043 -11.3398 4.70668 -0.337547 0.732107 0.21123 0.552688
1295878737 -9.31017 -12.0177 5.1318 -0.333427 0.735771 0.216512 0.548261
1295878738 -8.84657 -11.4842 4.42441 -0.333509 0.735835 0.216787 0.548017
1295878739 -8.48944 -10.7347 3.86702 -0.333386 0.735839 0.216945 0.548023
1295878740 -8.98857 -10.0644 4.41613 -0.332722 0.736057 0.218068 0.547688
1295878741 -8.42687 -10.8853 4.51874 -0.0440815 -0.461457 -0.440507 0.76881
1295878742 -9.08318 -11.5219 4.11377 -0.0448012 -0.462044 -0.439948 0.768735
1295878743 -8.46804 -11.9671 3.46309 -0.0532302 -0.454915 -0.439371 0.772769
1295878744 -7.7738 -12.477 2.95513 -0.0518747 -0.448559 -0.442131 0.774999
1295878745 -7.26026 -12.5007 2.09739 -0.0519035 -0.448726 -0.44187 0.77505
1295878746 -6.67809 -12.9504 2.77475 -0.0506784 -0.449824 -0.442474 0.774149
1295878747 -6.22421 -12.9755 1.88404 -0.0506598 -0.449784 -0.442501 0.774158
1295878748 -6.96747 -12.3209 2.02183 -0.077052 -0.412954 -0.439514 0.793952
1295878749 -6.29787 -13.0632 1.99854 -0.0630753 -0.431432 -0.443411 0.783118
1295878750 -5.69604 -13.4574 1.30398 -0.0657655 -0.421661 -0.443281 0.788276
1295878751 -5.06557 -14.0303 0.780215 -0.068382 -0.418634 -0.442537 0.790082
1295878752 -4.46909 -14.4753 0.112287 -0.0759466 -0.411106 -0.438165 0.795761
1295878753 -4.19923 -15.1607 0.78867 -0.0705816 -0.429371 -0.441341 0.784778
1295878754 -3.62904 -15.6004 0.0947439 -0.0840439 -0.410737 -0.439225 0.794553
1295878755 -3.04495 -16.1515 -0.501169 -0.067527 -0.440102 -0.440472 0.779573
1295878757 -2.26886 -16.7429 -0.282351 0.047297 -0.566295 -0.440048 0.695292
1295878758 -1.34527 -16.7783 -0.664095 0.0997405 -0.626997 -0.442144 0.633589
1295878759 -0.868802 -17.6524 -0.759226 -0.171675 0.778761 0.367623 -0.478448
1295878760 -0.0159229 -18.1392 -0.570533 -0.15997 0.785328 0.367197 -0.472055
1295878761 0.983814 -18.1516 -0.551241 -0.179353 0.773406 0.361115 -0.489154
1295878762 1.46896 -17.5633 -1.19822 -0.189041 0.782365 0.35505 -0.475508
1295878763 2.30596 -18.0455 -0.939497 -0.218475 0.823493 0.329474 -0.40691
1295878764 3.15445 -18.3843 -0.532947 -0.216559 0.817556 0.330772 -0.418682
1295878765 3.54549 -17.6602 0.0352068 -0.235156 0.789967 0.387065 -0.413321
1295878766 4.40198 -18.0616 0.359708 -0.250987 0.809913 0.373771 -0.375954
1295878767 5.17952 -18.6 0.68467 -0.250918 0.810699 0.364214 -0.383608
1295878768 6.03753 -18.9353 1.07381 -0.259165 0.817608 0.360481 -0.366612
1295878769 6.85618 -19.2873 1.52757 -0.259593 0.815634 0.36087 -0.370304
1295878770 7.69946 -19.643 1.93048 -0.250496 0.808404 0.364811 -0.388133
1295878771 8.55439 -19.9751 2.32899 -0.243172 0.80434 0.366083 -0.399859
1295878772 9.51626 -19.9389 2.60009 -0.229777 0.784306 0.383127 -0.430442
1295878773 9.46387 -20.6596 3.29137 -0.311733 0.857862 0.334792 -0.234113
1295878774 9.90536 -21.0196 4.11325 -0.326079 0.853086 0.344583 -0.217208
1295878775 10.576 -21.4523 4.71576 -0.321234 0.850742 0.344505 -0.23316
1295878776 11.4393 -20.9896 4.91739 -0.357568 0.841977 0.350562 -0.200812
1295878777 11.7273 -21.2865 5.82781 -0.443597 0.848081 0.288913 0.0225466
1295878778 11.3131 -22.0725 6.28688 -0.341085 0.878156 0.144832 0.302533
1295878779 11.6142 -21.8486 7.21381 -0.346731 0.875004 0.147889 0.303766
1295878780 10.9641 -22.4183 6.71108 -0.358168 0.806231 0.0775748 0.464424
1295878781 10.2621 -22.8481 7.27903 -0.360515 0.796539 0.073658 0.479718
1295878782 9.56335 -23.2751 7.85295 -0.36102 0.80157 0.075293 0.470617
1295878783 8.90448 -23.6613 8.49852 -0.357263 0.81251 0.08438 0.452847
1295878784 8.23233 -24.1103 9.08723 -0.357144 0.818827 0.0886831 0.440575
1295878785 7.56644 -24.5872 9.66093 -0.36225 0.791676 0.0692201 0.487066
1295878786 6.62266 -24.9121 9.59955 -0.353866 0.673245 0.0406362 0.647973
1295878787 6.83804 -24.6876 10.5499 -0.468994 0.757301 0.157436 0.426326
1295878788 7.13159 -24.3168 9.66886 -0.488622 0.673448 0.0735422 0.549826
1295878789 6.78006 -25.2524 9.70272 -0.505016 0.525885 -0.0486982 0.682665
1295878791 5.96326 -25.819 9.81155 -0.504309 0.526739 -0.0485248 0.682542
1295878792 5.22253 -26.4865 9.88744 -0.502721 0.50278 -0.0655587 0.700133
1295878793 4.42247 -27.082 9.95944 -0.4999 0.470167 -0.0893015 0.721851
1295878794 3.61243 -27.6637 9.88526 -0.501262 0.47911 -0.0788003 0.716227
1295878795 2.81757 -28.2701 9.90661 -0.50345 0.48878 -0.071685 0.708868
1295878796 2.00905 -28.8561 9.96086 -0.505009 0.502029 -0.0609339 0.699442
1295878797 1.17168 -29.3983 10.0299 -0.508512 0.541455 -0.0300754 0.668833
1295878798 0.324811 -29.9047 10.1925 -0.508649 0.627348 0.0421853 0.588159
1295878798 -0.300561 -30.0979 10.9485 -0.504071 0.685429 0.0948704 0.516817
1295878800 -0.98122 -30.6913 11.3782 -0.500718 0.698055 0.109247 0.500066
1295878801 -1.41343 -30.7817 12.2754 -0.4841 0.757742 0.17498 0.401069
1295878802 -1.85414 -31.4142 12.9124 -0.483225 0.757922 0.175569 0.401527
1295878803 -2.2699 -32.1138 13.4935 -0.47731 0.767612 0.192542 0.381937
1295878804 -2.6999 -32.772 14.1115 -0.482844 0.761575 0.179453 0.393271
1295878805 -3.13571 -32.9766 14.988 -0.456598 0.756112 0.195601 0.42609
1295878806 -3.39433 -33.3303 14.0891 -0.474573 0.574365 0.0741448 0.662863
1295878807 -3.97846 -33.867 14.6979 -0.507944 0.586958 0.155242 0.611042
1295878808 -3.99968 -33.0686 15.2997 -0.401099 0.76388 0.344701 0.369848
1295878809 -3.30184 -32.5086 15.7462 -0.314076 0.870952 0.375291 0.0442257
1295878810 -3.70468 -33.2926 16.2184 -0.327412 0.865757 0.373421 0.0618385
1295878811 -3.68771 -34.0684 16.8492 -0.323276 0.867818 0.373705 0.0522391
1295878812 -3.4716 -34.7278 17.5693 -0.303578 0.869562 0.389482 0.0026664
1295878813 -3.30037 -35.2793 18.3857 -0.271601 0.865302 0.418001 -0.0525399
1295878814 -3.07045 -35.8469 19.1762 -0.264809 0.858985 0.435085 -0.0521692
1295878815 -2.82795 -36.7404 19.5542 -0.318572 0.869823 0.37208 0.0589564
1295878816 -3.069 -35.9007 19.0677 -0.365244 0.863845 0.265235 0.22365
1295878817 -3.01323 -36.4767 19.8832 -0.359748 0.867842 0.256137 0.22765
1295878818 -2.34829 -35.9899 20.4497 -0.361953 0.86698 0.257541 0.225852
1295878819 -2.48235 -36.498 21.3005 -0.357914 0.870397 0.268044 0.206055
1295878820 -2.62908 -36.9712 22.1691 -0.350431 0.873613 0.276293 0.19406
1295878821 -2.76892 -37.572 22.9562 -0.364105 0.862691 0.262739 0.232723
1295878822 -3.01674 -38.0886 23.7758 -0.37207 0.854821 0.256502 0.255054
1295878823 -3.19657 -38.6895 24.5547 -0.387637 0.835924 0.226901 0.315411
1295878824 -3.56303 -39.2836 25.2707 -0.383783 0.840806 0.23088 0.304055
1295878825 -4.04452 -40.0467 25.7018 -0.38458 0.839105 0.230641 0.307905
1295878826 -4.33839 -40.6545 26.4394 -0.387415 0.835357 0.227326 0.316878
1295878827 -4.69993 -41.2361 27.1682 -0.395807 0.821842 0.208856 0.352551
1295878828 -5.06774 -41.5374 28.048 -0.387672 0.829593 0.22724 0.331431
1295878829 -5.32501 -41.8333 28.9679 -0.374297 0.84192 0.249088 0.298374
1295878830 -5.60616 -42.2323 29.8407 -0.36495 0.846448 0.266523 0.281608
1295878831 -6.37681 -42.8695 29.8331 -0.399124 0.769363 0.210158 0.452343
1295878832 -6.43607 -42.8577 30.8313 -0.436125 0.72016 0.216001 0.494479
1295878833 -7.07672 -43.5978 31.0361 -0.467703 0.619189 0.147671 0.613231
1295878834 -6.45397 -43.0675 30.4607 -0.50549 0.518805 0.110289 0.680556
1295878835 -7.06193 -43.8512 30.588 -0.506272 0.515135 0.107405 0.683219
1295878836 -6.41642 -43.9739 29.8341 -0.508649 0.486486 0.0813216 0.705687
1295878837 -7.10723 -43.8426 30.5451 -0.513173 0.478039 0.104107 0.705191
1295878840 -7.66998 -44.6684 30.5072 -0.514894 0.474404 0.102363 0.706645
1295878841 -8.2577 -45.4767 30.5423 -0.514979 0.492273 0.116634 0.691998
1295878842 -7.71187 -44.722 30.9063 -0.480379 0.737309 0.47304 0.0429473
1295878843 -8.41973 -44.4943 30.2376 -0.595336 0.696864 0.335787 0.21726
1295878844 -8.66781 -44.2862 29.2915 -0.635631 0.658001 0.230211 0.331678
1295878845 -8.7232 -43.8911 30.2085 -0.562123 0.720855 0.368751 0.168549
1295878846 -8.57149 -44.6479 30.8443 -0.593803 0.701491 0.321845 0.227432
1295878847 -8.49888 -45.2704 31.6235 -0.588471 0.705878 0.330982 0.21422
1295878848 -8.41597 -46.0245 32.2751 -0.634051 0.660788 0.228993 0.330002
1295878849 -8.53159 -46.7149 32.9892 -0.63758 0.655808 0.216069 0.341646
1295878850 -8.71715 -47.385 33.7079 -0.635238 0.659984 0.225697 0.331593
1295878851 -8.90147 -47.9723 34.496 -0.610952 0.688188 0.283217 0.270042
1295878852 -8.97541 -48.5607 35.3012 -0.569036 0.715314 0.366374 0.174052
1295878853 -8.52464 -48.4694 36.1891 -0.513326 0.735713 0.436286 0.0698351
1295878854 -8.15242 -49.1243 36.8468 -0.519462 0.733915 0.430058 0.0811138
1295878855 -8.44041 -48.789 35.9497 -0.613045 0.673758 0.406221 0.0721787
1295878856 -8.08191 -49.4405 36.6184 -0.620774 0.67279 0.39303 0.0867239
1295878857 -7.77208 -50.314 36.9938 -0.590155 0.699442 0.384688 0.120467
1295878858 -8.14637 -50.8384 36.229 0.651072 -0.645829 -0.365036 -0.160495
1295878859 -7.87489 -51.8008 36.2277 0.720344 -0.576326 -0.176921 -0.343005
1295878860 -7.6586 -52.2346 37.1024 -0.623737 0.7305 0.0599604 0.271527
1295878861 -7.655 -52.753 36.2473 -0.636259 0.715854 0.0457608 0.28396
1295878862 -7.85733 -53.02 37.1895 -0.641254 0.718976 0.0569558 0.261961
1295878863 -8.207 -53.3857 38.0521 -0.638418 0.723917 0.0677438 0.252542
1295878864 -8.22227 -53.4952 39.0459 -0.644986 0.707985 -0.00473257 0.287625
1295878865 -8.8182 -54.1055 39.568 -0.619049 0.62464 -0.101208 0.465146
1295878866 -8.91045 -54.7241 40.3482 -0.559172 0.698446 -0.227417 0.384423
1295878867 -9.05295 -55.7045 40.4842 -0.568458 0.667631 -0.241919 0.415451
1295878868 -9.92657 -55.7991 40.9615 -0.569222 0.665563 -0.231788 0.423422
1295878869 -10.7784 -55.904 41.4748 -0.565623 0.662294 -0.238484 0.429608
1295878870 -11.0931 -55.0428 41.8739 -0.602047 0.605273 -0.163787 0.494326
1295878871 -10.9742 -54.0708 42.0766 -0.621614 0.71111 0.0576395 0.323414
1295878872 -11.2727 -54.3878 42.9769 -0.623345 0.709244 0.0506617 0.325343
1295878873 -11.7882 -54.8548 43.6953 -0.621537 0.712385 0.0608339 0.320154
1295878874 -11.2851 -54.5846 42.8744 -0.623568 0.670671 0.00305925 0.40169
1295878875 -11.8818 -54.9902 43.5668 -0.623152 0.648355 -0.0310761 0.436294
1295878876 -12.5765 -55.2168 44.2494 -0.623019 0.657557 -0.0081652 0.423557
1295878877 -11.5869 -55.0795 44.2929 0.890756 -0.382436 0.13555 0.204752
1295878878 -11.7663 -54.2807 44.8672 0.894247 -0.37237 0.103968 0.225508
1295878879 -11.8645 -53.7355 45.6997 0.897846 -0.363041 0.0779233 0.236645
1295878880 -11.4234 -54.2952 44.9981 0.8653 -0.414957 0.0674731 0.272972
1295878881 -11.3652 -53.7067 45.8045 0.865847 -0.412542 0.0586973 0.276898
1295878882 -11.3084 -53.0992 46.5968 0.868708 -0.404249 0.0430006 0.282984
1295878883 -10.526 -52.6128 46.2077 0.838086 -0.343086 0.147762 0.397582
1295878884 -9.96238 -51.803 46.3705 0.77745 -0.323055 0.154741 0.516974
1295878886 -9.83088 -50.9985 46.9497 0.779732 -0.321742 0.154033 0.514563
1295878887 -9.68627 -50.2632 47.6118 0.78 -0.321386 0.154402 0.514268
1295878888 -9.4187 -51.2256 47.5652 -0.167032 0.339306 0.7045 0.600542
1295878889 -9.201 -50.2535 47.4775 -0.171723 0.345827 0.703691 0.596434
1295878890 -9.09077 -51.2364 47.3301 -0.201465 0.314248 0.697376 0.611823
1295878891 -9.14601 -51.3238 46.3355 -0.300377 0.224916 0.661039 0.64978
1295878892 -8.93282 -52.1101 45.7556 -0.241686 0.280704 0.686482 0.625728
1295878893 -9.05281 -52.7023 44.9588 -0.180535 0.335921 0.70537 0.597509
1295878894 -9.14002 -53.5145 44.3819 -0.242348 0.28039 0.685823 0.626335
1295878895 -8.81031 -54.133 45.0952 -0.171652 0.352318 0.70898 0.586307
1295878896 -8.94611 -54.9041 44.4731 -0.138073 0.37935 0.716638 0.568735
1295878897 -9.20622 -55.6022 43.8061 -0.113666 0.399431 0.720516 0.555329
1295878898 -9.44699 -56.3389 43.1742 -0.105517 0.406127 0.721974 0.550164
1295878899 -9.72685 -57.0659 42.5471 -0.100729 0.409775 0.723107 0.546858
1295878900 -9.98848 -57.7904 41.9095 -0.097627 0.412692 0.723582 0.544595
1295878901 -10.2462 -58.5439 41.3047 -0.0934956 0.417949 0.72413 0.540567
1295878902 -10.542 -59.2986 40.7191 -0.103684 0.408237 0.722879 0.547758
1295878903 -10.8033 -59.9998 40.0557 -0.110639 0.405787 0.721546 0.549971
1295878904 -11.0826 -60.7688 39.4807 -0.105667 0.408238 0.72259 0.54776
1295878905 -11.3267 -61.5155 38.862 -0.110816 0.405687 0.720548 0.551315
1295878906 -11.5868 -62.2281 38.2104 -0.158025 0.370327 0.712055 0.575208
1295878907 -11.7539 -62.9255 37.5135 -0.191911 0.342029 0.702431 0.593951
1295878908 -11.8199 -63.6908 36.8732 -0.246901 0.300143 0.684206 0.617103
1295878909 -11.8401 -64.4536 36.2269 -0.232736 0.311529 0.689547 0.61099
1295878910 -11.8374 -65.2546 35.6283 -0.222665 0.323634 0.692797 0.604742
1295878911 -12.4314 -64.4652 35.4733 -0.318292 -0.567112 0.399414 0.646175
1295878912 -13.358 -64.8216 35.593 -0.325222 -0.557909 0.412917 0.642237
1295878913 -13.4689 -64.0165 36.1758 -0.323101 -0.55537 0.413811 0.644926
1295878914 -12.5304 -63.8193 36.4593 -0.322297 -0.55589 0.414714 0.644301
1295878915 -13.1269 -63.7754 37.2607 -0.322229 -0.556037 0.415041 0.643997
1295878916 -13.848 -63.7259 36.5697 -0.321103 -0.556453 0.415516 0.643894
1295878917 -14.5986 -63.2394 37.017 0.816131 -0.533348 0.15846 -0.156077
1295878918 -13.9038 -63.9258 37.2318 0.816356 -0.534362 0.154502 -0.155402
1295878919 -13.2427 -64.4291 36.6754 -0.270352 -0.515329 0.372728 0.722786
1295878920 -13.4546 -63.5074 37.0003 -0.2708 -0.51732 0.371008 0.72208
1295878921 -12.5131 -63.3427 36.706 -0.270041 -0.516414 0.372231 0.722383
1295878922 -13.3007 -63.8269 37.087 -0.0653161 0.375893 -0.699216 0.604595
1295878923 -12.6556 -63.9146 37.846 -0.0653684 0.376003 -0.699331 0.604388
1295878924 -13.2857 -64.0282 37.0779 -0.0653473 0.376051 -0.700024 0.603558
1295878925 -13.2258 -65.0254 37.1227 -0.0654544 0.375936 -0.699934 0.603722
1295878926 -13.6482 -64.7508 36.2589 -0.0660319 0.376392 -0.699248 0.60417
1295878927 -13.5445 -65.7333 36.4133 0.270508 0.502354 0.663201 0.484386
1295878928 -14 -64.9094 36.7503 0.270185 0.501364 0.663781 0.484798
1295878929 -14.7724 -65.2949 36.2456 0.27016 0.501272 0.66318 0.485729
1295878930 -14.7492 -65.4719 35.2616 0.268702 0.50243 0.663538 0.484852
1295878931 -15.1081 -64.5444 35.1573 0.269471 0.502882 0.663127 0.484517
