1295965766 0 0 0 0 0 0 0
1295965767 0 0 0 0 0 0 0
1295965767 0 0 0 0 0 0 0
1295965768 0 0 0 0 0 0 0
1295965768 0 0 0 0 0 0 0
1295965769 0 0 0 0 0 0 0
1295965769 0 0 0 0 0 0 0
1295965770 0 0 0 0 0 0 0
1295965771 0 0 0 0 0 0 0
1295965771 0 0 0 0 0 0 0
1295965772 0 0 0 0 0 0 0
1295965772 0 0 0 0 0 0 0
1295965773 -0.000316089 0.00103626 0 0 0 0.0386496 -0.000719221
1295965773 -0.00130728 -0.00442194 0 0 0 0.244231 -0.0399124
1295965774 0.00199606 -0.00432661 0 0 0 0.166076 -0.0654516
1295965774 0.00727588 -0.00454843 0 0 0 0.246795 -0.174934
1295965775 -0.0138547 0.041105 0 0 0 0.141255 -0.170685
1295965776 -0.0525996 0.113482 0 0 0 0.00493815 -0.00760685
1295965776 -0.0883607 0.154227 0 0 0 0.033235 -0.0555867
1295965777 -0.0753586 0.107206 0 0 0 0.0224641 -0.0429123
1295965777 -0.117993 0.137183 0 0 0 0.0117711 -0.0247239
1295965778 -0.0819895 0.0898876 0 0 0 0.000201066 -0.000437933
1295965778 -0.124452 0.135678 0 0 0 0.00108705 -0.00237735
1295965779 -0.078037 0.0837154 0 0 0 0.000814795 -0.00179279
1295965779 -0.163994 0.168206 0 0 0 0.00168345 -0.00373412
1295965780 -0.114287 0.116333 0 0 0 0.000810953 -0.0018135
1295965780 -0.197024 0.174601 0 0 0 0.0314149 -0.0793875
1295965781 -0.140766 0.0983112 0 0 0 0.00706552 -0.0211103
1295965781 -0.233195 0.101794 0 0 0 0.0296956 -0.115173
1295965782 -0.149908 0.0422339 0 0 0 0.00165046 -0.00865512
1295965782 -0.237245 0.0335857 0 0 0 0.000564646 -0.00306008
1295965783 -0.0397715 0.00266108 0 0 0 0.000164723 -0.000902901
1295965783 0.000632848 -3.61492e-05 0 0 0 -6.90166e-08 3.79288e-07
1295965784 1.23183e-06 -7.13141e-08 0 0 0 -3.00826e-07 1.65321e-06
1295965784 0 0 0 0 0 0 0
1295965785 0 0 0 0 0 0 0
1295965785 0 0 0 0 0 0 0
1295965786 0 0 0 0 0 0 0
1295965786 0 0 0 0 0 0 0
1295965787 0 0 0 0 0 0 0
1295965787 0 0 0 0 0 0 0
1295965788 0 0 0 0 0 0 0
1295965788 6.09435e-07 -3.31711e-08 0 0 0 1.74951e-07 -9.61454e-07
1295965789 0 0 0 0 0 0 0
1295965789 0 0 0 0 0 0 0
1295965790 0 0 0 0 0 0 0
1295965790 0 0 0 0 0 0 0
1295965791 0 0 0 0 0 0 0
1295965792 0 0 0 0 0 0 0
1295965792 -0.0040645 0.000340941 0 0 0 -2.79e-06 1.5332e-05
1295965793 -0.161574 0.0321454 0 0 0 0.000180484 -0.000994631
1295965793 -0.214586 0.0477189 0 0 0 -0.000163131 0.00089925
1295965794 -0.322715 0.08812 0 0 0 -0.00557867 0.028341
1295965794 -0.170893 0.0529632 0 0 0 -0.000324715 0.00152661
1295965795 -0.0922236 0.0349292 0 0 0 -1.00473e-05 4.70503e-05
1295965795 -0.0826606 0.0410469 0 0 0 -0.00861262 0.0368914
1295965796 -0.129085 0.0676518 0 0 0 0.00575783 -0.0239451
1295965796 -0.0650132 0.0318402 0 0 0 0.00262422 -0.0118696
1295965797 -0.126356 0.0605797 0 0 0 -0.00397509 0.0177268
1295965797 -0.0726595 0.0356313 0 0 0 9.98172e-05 -0.000427353
1295965798 -0.106192 0.0552655 0 0 0 -0.00715824 0.0287463
1295965798 -0.0526732 0.0324331 0 0 0 -0.0100942 0.0354639
1295965799 -0.090794 0.060107 0 0 0 -0.000438878 0.00143662
1295965799 -0.0791467 0.0529263 0 0 0 0.000226669 -0.000741011
1295965800 -0.14031 0.0769033 0 0 0 0.0259022 -0.104708
1295965800 -0.0842207 0.0338143 0 0 0 0.00241377 -0.0131249
1295965801 -0.234779 0.0837896 0 0 0 0.000572384 -0.003265
1295965801 -0.116627 0.0409006 0 0 0 6.16398e-05 -0.000355446
1295965802 -0.268533 0.0898079 0 0 0 0.000422155 -0.00245515
1295965802 -0.149304 0.0460731 0 0 0 1.53609e-05 -9.00311e-05
1295965803 -0.225059 0.068108 0 0 0 0.000153553 -0.000902725
1295965803 -0.00038958 0.000117701 0 0 0 2.29088e-05 -0.000135109
1295965804 0.000317693 -9.44295e-05 0 0 0 -4.38529e-07 2.58736e-06
1295965804 0.000105978 -3.14918e-05 0 0 0 -4.98193e-07 2.93933e-06
1295965805 9.51143e-05 -2.82659e-05 0 0 0 -1.49423e-07 8.81586e-07
1295965805 4.75078e-05 -1.41173e-05 0 0 0 -4.70813e-07 2.77773e-06
1295965806 -0.00870672 -0.00126647 0 0 0 0.000109822 -0.000649224
1295965806 -0.119063 0.00531407 0 0 0 0.000280364 -0.00166933
1295965807 -0.316017 0.0171119 0 0 0 -0.000175252 0.0010455
1295965807 -0.228289 0.0273742 0 0 0 -0.0118423 0.0593692
1295965808 -0.300097 0.110881 0 0 0 -0.0476837 0.150773
1295965808 -0.220668 0.148342 0 0 0 -0.00857184 0.0204707
1295965809 -0.219984 0.178882 0 0 0 -0.000595328 0.00137575
1295965809 -0.203187 0.163935 0 0 0 0.00558789 -0.0131429
1295965810 -0.241305 0.176321 0 0 0 0.00782285 -0.0193363
1295965810 -0.20116 0.139887 0 0 0 0.00599726 -0.0156654
1295965811 -0.239996 0.147767 0 0 0 0.0106203 -0.0298927
1295965811 -0.239448 0.134726 0 0 0 0.00513531 -0.0156386
1295965812 -0.262294 0.125466 0 0 0 0.0101067 -0.0336881
1295965812 -0.247893 0.112476 0 0 0 0.000382013 -0.00136349
1295965813 -0.236007 0.106534 0 0 0 0.000130148 -0.000466234
1295965813 -0.255578 0.112229 0 0 0 0.00184372 -0.0067009
1295965814 -0.25332 0.114276 0 0 0 7.24134e-05 -0.00026695
1295965814 -0.235298 0.105169 0 0 0 -5.42379e-05 0.000199974
1295965815 -0.256322 0.112449 0 0 0 0.00116609 -0.00433606
1295965816 -0.249101 0.107802 0 0 0 0.000199305 -0.000748969
1295965816 -0.248916 0.111485 0 0 0 -0.00546532 0.0197523
1295965817 -0.255516 0.137305 0 0 0 -0.0129108 0.0414581
1295965817 -0.210032 0.156705 0 0 0 -0.040625 0.102128
1295965818 -0.164031 0.205385 0 0 0 -0.0711563 0.128133
1295965818 -0.0882429 0.251236 0 0 0 -0.116493 0.145908
1295965819 0.0667403 0.528577 0 0 0 -0.129733 0.113178
1295965820 0.0696371 0.259199 0 0 0 -0.0136789 0.00982227
1295965820 0.0925546 0.241767 0 0 0 -0.0667839 0.043235
1295965821 0.134187 0.263189 0 0 0 -0.0187769 0.0108485
1295965821 0.124633 0.234698 0 0 0 0.00220099 -0.00124367
1295965822 0.124693 0.237091 0 0 0 0.000626335 -0.000355254
1295965822 0.150427 0.237986 0 0 0 -0.0779434 0.0398407
1295965823 0.163021 0.200064 0 0 0 -0.0136555 0.00611886
1295965823 0.183302 0.210226 0 0 0 -0.000179865 7.89637e-05
1295965824 0.178251 0.199402 0 0 0 0.00304177 -0.00134107
1295965824 0.190215 0.21421 0 0 0 0.00335877 -0.00149489
1295965825 0.168702 0.204019 0 0 0 0.00122831 -0.000550383
1295965825 0.177063 0.220882 0 0 0 0.0010241 -0.000460401
1295965826 0.158662 0.200531 0 0 0 0.00266148 -0.00120299
1295965826 0.174469 0.222674 0 0 0 -0.00210867 0.000953887
1295965827 0.186627 0.21175 0 0 0 -0.0579811 0.0239882
1295965827 0.187094 0.179141 0 0 0 -0.0118169 0.00437526
1295965828 0.220033 0.19307 0 0 0 -0.00165542 0.000599442
1295965828 0.191484 0.159712 0 0 0 -0.00268428 0.000965006
1295965829 0.219971 0.181501 0 0 0 0.00223041 -0.000801231
1295965829 0.193479 0.161796 0 0 0 0.00410894 -0.00149171
1295965830 0.228001 0.19189 0 0 0 -0.00136225 0.000496803
1295965830 0.199529 0.167212 0 0 0 0.000616622 -0.000224601
1295965831 0.209621 0.17731 0 0 0 0.00394309 -0.0014471
1295965831 0.200365 0.172271 0 0 0 0.00305908 -0.00113565
1295965832 0.21823 0.190127 0 0 0 0.00293921 -0.00110186
1295965832 0.195316 0.158932 0 0 0 -0.040829 0.0143781
1295965833 0.23892 0.163262 0 0 0 -0.0265012 0.00828685
1295965833 0.207867 0.136097 0 0 0 0.000150052 -4.46565e-05
1295965834 0.25553 0.154389 0 0 0 -0.0538736 0.0144152
1295965834 0.233593 0.0908426 0 0 0 -0.0992063 0.0183698
1295965835 0.280943 0.0436642 0 0 0 -0.118678 0.00868997
1295965835 0.253611 -0.0169051 0 0 0 -0.103131 -0.00392773
1295965836 0.269392 -0.0798846 0 0 0 -0.116263 -0.0173937
1295965836 0.235289 -0.135045 0 0 0 -0.111704 -0.0303415
1295965837 0.204689 -0.185907 0 0 0 -0.081357 -0.0312491
1295965837 0.173829 -0.185276 0 0 0 -0.00188158 -0.000820793
1295965838 0.200479 -0.215862 0 0 0 0.000666577 0.000291303
1295965838 0.176383 -0.189007 0 0 0 0.00162937 0.00070963
1295965839 0.20096 -0.214087 0 0 0 0.00142427 0.000617483
1295965839 0.168426 -0.178517 0 0 0 0.000679358 0.000293607
1295965840 0.199108 -0.211213 0 0 0 -0.00369063 -0.00160222
1295965841 0.155614 -0.205288 0 0 0 -0.0992765 -0.0500821
1295965841 0.119529 -0.249955 0 0 0 -0.0595797 -0.0371849
1295965842 0.0988266 -0.241902 0 0 0 0.000581669 0.000391771
1295965842 0.105207 -0.255839 0 0 0 0.00291021 0.00195123
1295965843 0.102848 -0.248587 0 0 0 -0.00539303 -0.00362762
1295965843 0.077951 -0.26983 0 0 0 -0.0864001 -0.0656357
1295965844 0.0104982 -0.256149 0 0 0 -0.0994094 -0.0970649
1295965844 -0.077754 -0.274547 0 0 0 -0.103334 -0.138402
1295965845 -0.135753 -0.202982 0 0 0 -0.0665017 -0.126732
1295965845 -0.215597 -0.173683 0 0 0 -0.0520603 -0.151211
1295965846 -0.226558 -0.0999102 0 0 0 -0.0177501 -0.0838205
1295965846 -0.275321 -0.0957182 0 0 0 -0.000867099 -0.00526722
1295965847 -0.22867 -0.0656699 0 0 0 -0.00663093 -0.0484414
1295965847 -0.299046 -0.037642 0 0 0 -0.00621869 -0.109842
1295965848 -0.267905 0.0236982 0 0 -0 0.00411791 -0.0921882
1295965848 -0.274031 0.0338173 0 0 0 -0.00389139 0.0693333
1295965849 -0.247229 0.00545302 0 0 0 -0.0002268 0.0226528
1295965849 -0.302437 -0.00153573 0 0 0 7.84923e-06 0.00285927
1295965850 -0.248457 -0.00270354 0 0 0 1.3787e-05 0.00253359
1295965850 -0.290676 -0.00454662 0 0 0 1.24981e-05 0.00165808
1295965851 -0.244794 -0.00416929 0 0 0 -2.12067e-06 -0.000257424
1295965851 -0.291077 -0.0114442 0 0 0 0.00117577 0.0410421
1295965852 -0.24138 -0.0353869 0 0 0 0.00283012 0.0406331
1295965852 -0.302906 -0.0559137 0 0 0 0.000262597 0.00286679
1295965853 -0.237045 -0.0450434 0 0 0 0.000191037 0.00203058
1295965853 -0.288216 -0.0568678 0 0 0 0.000524262 0.00535911
1295965854 -0.248438 -0.0525312 0 0 0 0.00101726 0.00964712
1295965854 -0.271593 -0.0761372 0 0 0 0.00531217 0.0405234
1295965855 -0.251904 -0.0854062 0 0 0 0.00516793 0.030773
1295965855 -0.270924 -0.105207 0 0 0 0.00152087 0.0080779
1295965856 -0.226536 -0.0945332 0 0 0 0.00398564 0.0196389
1295965856 -0.259802 -0.128183 0 0 0 0.0136349 0.0559487
1295965857 -0.125852 -0.0824347 0 0 0 0.0133285 0.0444915
1295965857 -0.0515004 -0.0375341 0 0 0 0.00111499 0.00340926
1295965858 -0.0748191 -0.0553185 0 0 0 0.000448766 0.0013606
1295965858 -0.115388 -0.0858874 0 0 0 0.000240707 0.000727106
1295965859 -0.178615 -0.13354 0 0 0 0.000603858 0.00181592
1295965859 -0.229776 -0.173619 0 0 0 0.000784519 0.00234205
1295965860 -0.211711 -0.160475 0 0 0 7.60207e-05 0.000225931
1295965860 -0.222822 -0.160507 0 0 0 -0.00921476 -0.0288089
1295965861 -0.223367 -0.127637 0 0 0 -0.0189032 -0.0718393
1295965861 -0.279962 -0.0948111 0 0 0 -0.0194084 -0.121263
1295965862 -0.25285 -0.0200093 0 0 -0 -0.00439823 -0.122731
1295965863 -0.491067 0.157526 0 0 0 0.0427666 -0.264781
1295965863 -0.213665 0.185482 0 0 0 0.0492424 -0.1293
1295965864 -0.147688 0.220292 0 0 0 0.0598029 -0.11052
1295965864 -0.0911308 0.255507 0 0 0 0.0690886 -0.0970876
1295965865 -0.0319106 0.258028 0 0 0 0.0682941 -0.0764122
1295965866 0.023487 0.287213 0 0 0 0.0728905 -0.0666584
1295965866 0.0504384 0.241677 0 0 0 0.0134406 -0.0109291
1295965867 0.0309332 0.291868 0 0 0 -0.100733 0.092431
1295965867 -0.0414843 0.238769 0 0 0 -0.0815094 0.0974898
1295965868 -0.0945122 0.274748 0 0 0 -0.0142281 0.0199069
1295965868 -0.0877888 0.236925 0 0 0 -0.000291368 0.000418617
1295965869 -0.101277 0.273058 0 0 0 0.000227692 -0.000327171
1295965869 -0.0715845 0.233799 0 0 0 0.0459203 -0.0608676
1295965870 -0.0137529 0.284614 0 0 0 0.102296 -0.107874
1295965870 0.0243348 0.244494 0 0 0 0.00718861 -0.00646822
1295965871 0.0487888 0.562263 0 0 0 -0.00573253 0.00514787
1295965872 0.0716987 0.252289 0 0 0 0.150793 -0.112585
1295965872 0.142459 0.196441 0 0 0 0.150378 -0.0750611
1295965873 0.245704 0.172165 0 0 0 0.126867 -0.0409373
1295965873 0.217208 0.11666 0 0 0 0.0048758 -0.00120826
1295965874 0.250367 0.103062 0 0 0 0.0998002 -0.0191491
1295965874 0.243848 0.052111 0 0 0 0.0585667 -0.00642546
1295965875 0.298973 0.0479837 0 0 0 2.59739e-05 -2.07709e-06
1295965875 0.252286 0.0387459 0 0 0 0.0141817 -0.00103248
1295965876 0.283969 -0.000709613 0 -0 0 0.141264 0.000724105
1295965876 0.231736 -0.0661143 0 0 0 0.135831 0.0197657
1295965877 0.244633 -0.156444 0 0 0 0.138928 0.0408002
1295965877 0.184165 -0.16251 0 0 0 0.0121025 0.00461888
1295965878 0.220013 -0.202019 0 0 0 -0.000727605 -0.000282774
1295965878 0.192808 -0.178864 0 0 0 -0.00919144 -0.00351606
1295965879 0.228293 -0.1662 0 0 0 -0.0925249 -0.0298236
1295965879 0.225253 -0.107407 0 0 0 -0.0840029 -0.0187968
1295965880 0.274134 -0.0784576 0 0 0 -0.0792993 -0.0109363
1295965880 0.263883 -0.0475794 0 0 0 -0.0151935 -0.00136169
1295965881 0.273302 -0.0446807 0 0 0 -0.00310519 -0.000249572
1295965881 0.252787 -0.0393431 0 0 0 -0.00404012 -0.000310147
1295965882 0.27481 -0.0537232 0 0 0 0.06361 0.0068055
1295965882 0.255284 -0.0963305 0 0 0 0.074814 0.0133498
1295965883 0.249945 -0.114 0 0 0 0.00225304 0.00049376
1295965883 0.23517 -0.108192 0 0 0 -0.00117596 -0.000258395
1295965884 0.258868 -0.137048 0 0 0 0.0583934 0.0146491
1295965884 0.210449 -0.12862 0 0 0 3.09132e-05 8.7528e-06
1295965885 0.240917 -0.147278 0 0 0 -0.00282506 -0.000795463
1295965885 0.220338 -0.134319 0 0 0 0.00152963 0.000429592
1295965886 0.249844 -0.152748 0 0 0 -0.00215726 -0.000605104
1295965886 0.211569 -0.127504 0 0 0 -0.00343709 -0.000953333
1295965887 0.249508 -0.165387 0 0 0 0.0511405 0.0155685
1295965887 0.197749 -0.153698 0 0 0 0.0181434 0.00625191
1295965888 0.226779 -0.183998 0 0 0 0.00160325 0.000571257
1295965888 0.193202 -0.157555 0 0 0 -0.00105396 -0.000375884
1295965889 0.222742 -0.181218 0 0 0 -0.000170893 -6.08221e-05
1295965889 0.190957 -0.154842 0 0 0 -0.00189349 -0.000671572
1295965890 0.22997 -0.184717 0 0 0 -0.00256806 -0.000903993
1295965890 0.195534 -0.160745 0 0 0 0.024374 0.00889944
1295965891 0.173765 -0.215388 0 0 0 0.158897 0.077043
1295965891 0.0843191 -0.233929 0 0 0 0.127133 0.090367
1295965892 0.0413748 -0.293748 0 0 0 0.025449 0.0219998
1295965893 0.0261407 -0.252606 0 0 0 0.012431 0.0113064
1295965893 -0.0165623 -0.288914 0 0 0 0.0957888 0.10193
1295965894 -0.0769192 -0.242774 0 0 0 0.0645548 0.0886319
1295965894 -0.120298 -0.263573 0 0 0 0.00723546 0.0113402
1295965895 -0.120168 -0.207006 0 0 0 0.0448442 0.0791068
1295965895 -0.200514 -0.209103 0 0 0 0.0549717 0.130199
1295965896 -0.205687 -0.134713 0 0 0 0.0226429 0.0761403
1295965896 -0.269747 -0.135935 0 0 0 0.00617021 0.0256421
1295965897 -0.221344 -0.106529 0 0 0 -0.000257667 -0.00113344
1295965897 -0.27326 -0.132074 0 0 0 -0.000279678 -0.00122342
1295965898 -0.219655 -0.11276 0 0 0 -0.00781162 -0.0316892
1295965898 -0.240487 -0.157628 0 0 0 -0.0156613 -0.0533003
1295965899 -0.198565 -0.145574 0 0 0 -0.00303452 -0.00920578
1295965899 -0.233063 -0.180814 0 0 0 0.00473347 0.0144952
1295965900 -0.216458 -0.113023 0 0 0 0.0331716 0.137068
1295965900 -0.295872 -0.0512959 0 0 0 0.0138441 0.175749
1295965901 -0.490614 0.150655 0 0 0 -0.0434675 0.282127
1295965902 -0.196257 0.164677 0 0 0 -0.0377078 0.102996
1295965902 -0.19686 0.207885 0 0 0 -0.00276418 0.00637212
1295965903 -0.17551 0.188611 0 0 0 0.000403495 -0.000922641
1295965903 -0.189567 0.212897 0 0 0 -0.0172715 0.0374252
1295965904 -0.125197 0.20795 0 0 0 -0.06142 0.108442
1295965904 -0.113281 0.269166 0 0 0 -0.0107286 0.016115
1295965905 -0.206956 0.517701 0 0 0 0.00239925 -0.00354556
1295965906 -0.0981264 0.240038 0 0 0 0.0015889 -0.00236618
1295965906 -0.10234 0.247579 0 0 0 0.000804523 -0.00120367
1295965907 -0.0958762 0.229118 0 0 0 0.00134244 -0.0020169
1295965907 -0.120554 0.2844 0 0 0 0.0013215 -0.00199585
1295965908 -0.0969564 0.227073 0 0 0 -0.000234377 0.000354734
1295965908 -0.11255 0.264642 0 0 0 -0.000304912 0.000461001
1295965909 -0.0987917 0.233131 0 0 0 -0.00265532 0.00399138
1295965909 -0.0835522 0.266955 0 0 0 -0.0535406 0.0727276
1295965910 -0.0555189 0.264573 0 0 0 -0.00503424 0.00617784
1295965912 -0.254468 0.828271 0 0 0 0.0843875 -0.119593
1295965912 -0.101247 0.171928 0 0 0 0.0222805 -0.0390253
1295965912 -0.161309 0.242927 0 0 0 0.0072743 -0.0136858
1295965913 -0.167247 0.185452 0 0 0 0.0520935 -0.117805
1295965913 -0.212203 0.167002 0 0 0 0.00900282 -0.0255859
1295965914 -0.267095 0.37749 0 0 0 0.00222402 -0.00668315
1295965915 -0.0826855 -0.0362923 0 0 0 -0.00149415 0.00450717
1295965916 -0.193796 0.141199 0 0 0 -0.00386722 0.0113468
1295965916 -0.199319 0.147894 0 0 0 -0.0071811 0.0199772
1295965917 -0.197365 0.22071 0 0 0 -0.0744408 0.157023
1295965917 -0.0995205 0.221565 0 0 0 -0.0479627 0.0741937
1295965918 -0.092811 0.266332 0 0 0 -0.00419968 0.00586191
1295965918 -0.0529078 0.250474 0 0 0 -0.0796522 0.0968962
1295965919 0.0281383 0.284595 0 0 0 -0.133046 0.119201
1295965919 0.108468 0.243313 0 0 0 -0.121563 0.0777338
1295965920 0.161568 0.216069 0 0 0 -0.0545992 0.0274706
1295965920 0.176323 0.160771 0 0 0 -0.100027 0.0401455
1295965921 0.25135 0.135952 0 0 0 -0.104201 0.0292438
1295965921 0.233505 0.109055 0 0 0 -0.00148418 0.000329881
1295965922 0.260564 0.118286 0 0 0 -0.000162635 3.60042e-05
1295965922 0.25034 0.107191 0 0 0 0.0022878 -0.000509088
1295965923 0.243929 0.110574 0 0 0 0.00134059 -0.000300928
1295965923 0.225986 0.104233 0 0 0 0.00136567 -0.000308548
1295965924 0.279778 0.133894 0 0 0 0.00172519 -0.00039265
1295965924 0.219369 0.106445 0 0 0 0.00147482 -0.000338213
1295965925 0.26317 0.126975 0 0 0 -0.00587284 0.00133286
1295965925 0.232228 0.0854146 0 0 0 -0.0918926 0.0161051
1295965926 0.279809 0.051027 0 0 0 -0.0607275 0.00586771
1295965926 0.24933 0.0333744 0 0 0 6.81044e-05 -4.49109e-06
1295965927 0.306652 0.0276169 0 0 0 -0.065075 0.0021692
1295965927 0.235215 -0.0214412 0 0 0 -0.0991588 -0.00485263
1295965928 0.186718 -0.053775 0 0 0 -0.140028 -0.0239867
1295965928 0.0604514 -0.0358212 0 0 0 -0.0637406 -0.0179056
1295965929 0.160207 -0.112577 0 0 0 -0.00632051 -0.00202662
1295965929 0.128696 -0.0944473 0 0 0 -0.00904742 -0.00298182
1295965930 0.162788 -0.133531 0 0 0 -0.0394479 -0.0141357
1295965930 0.139513 -0.124478 0 0 0 -0.00280924 -0.00107844
1295965931 0.121307 -0.121792 0 0 0 -0.0559475 -0.0235489
1295965931 0.110679 -0.156584 0 0 0 -0.0920289 -0.0479902
1295965932 0.0900441 -0.206416 0 0 0 -0.0880943 -0.0584074
1295965932 0.0381053 -0.187467 0 0 0 -0.0827635 -0.0686027
1295965933 0.00595637 -0.20067 0 0 0 -0.0356386 -0.0346083
1295965933 -0.00157288 -0.314004 0 0 0 0.000208864 0.000213095
1295965934 -0.00228961 -0.261483 0 0 0 0.00175129 0.00178178
1295965934 -0.00241805 -0.275793 0 0 0 0.00261237 0.00264138
1295965935 -7.06772e-05 -0.270322 0 0 0 -0.00206993 -0.0020913
1295965935 -0.0132184 -0.269531 0 0 0 -0.0219656 -0.0229771
1295965936 -0.0225189 -0.275345 0 0 0 -0.00888817 -0.00972606
1295965936 -0.0498842 -0.262688 0 0 0 -0.0477613 -0.0570972
1295965937 -0.0676517 -0.265911 0 0 0 -0.000255278 -0.000329492
1295965937 -0.0650267 -0.267436 0 0 0 0.00953364 0.0121164
1295965938 -0.0615302 -0.27505 0 0 0 0.00157711 0.00196778
1295965938 -0.0556156 -0.256616 0 0 0 0.00209128 0.00259374
1295965939 -0.0556033 -0.263654 0 0 0 0.00117341 0.00144763
1295965939 -0.0707075 -0.343836 0 0 0 0.00208764 0.00256194
1295965940 -0.0751953 -0.379384 0 0 0 0.00204725 0.00249568
1295965940 -0.0671008 -0.342629 0 0 0 -0.00417166 -0.0051029
1295965941 -0.10102 -0.396072 0 0 0 -0.0207796 -0.0264889
1295965942 -0.100009 -0.361158 0 0 0 0.00116227 0.00153104
1295965942 -0.125685 -0.394289 0 0 0 -0.0355517 -0.0498332
1295965943 -0.154912 -0.311302 0 0 0 -0.0313694 -0.0500901
1295965943 -0.179507 -0.321718 0 0 0 0.000779843 0.00132879
1295965944 -0.1861 -0.3378 0 0 0 0.00157372 0.00266731
1295965944 -0.175051 -0.322146 0 0 0 0.00190867 0.00320991
1295965945 -0.193167 -0.357264 0 0 0 0.00131945 0.00220314
1295965945 -0.132023 -0.227026 0 0 0 0.000886439 0.00147296
1295965946 -0.147597 -0.232094 0 0 0 -0.0453442 -0.084028
1295965946 -0.184962 -0.174119 0 0 0 -0.0543226 -0.13908
1295965947 -0.242405 -0.106549 0 0 0 -0.0341075 -0.153177
1295965947 -0.324302 -0.0418978 0 0 0 -0.0090376 -0.0995206
1295965948 -0.400312 -0.0223365 0 0 0 -0.00045717 -0.0135142
1295965948 -0.374454 0.0446909 0 0 -0 0.00144953 -0.0872822
1295965949 -0.367609 0.0922481 0 0 0 0.00213388 -0.0285568
1295965949 -0.347072 0.150579 0 0 0 2.23813e-05 -0.000250726
1295965950 -0.34233 0.169151 0 0 0 -0.000302661 0.00345322
1295965950 -0.349954 0.132582 0 0 0 0.00992002 -0.0787125
1295965951 -0.266432 0.170664 0 0 0 0.0470052 -0.17851
1295965951 -0.153385 0.200695 0 0 0 0.0717162 -0.154299
1295965952 -0.108992 0.306626 0 0 0 0.0581128 -0.0899075
1295965952 -0.096973 0.369331 0 0 0 0.00127332 -0.00175209
1295965953 -0.0868775 0.37962 0 0 0 0.0407394 -0.0522061
1295965953 -0.00414113 0.284832 0 0 0 0.095601 -0.0996124
1295965954 0.0606305 0.25725 0 0 0 0.107013 -0.0845402
1295965954 0.133129 0.242028 0 0 0 0.120148 -0.0705038
1295965955 0.217254 0.236688 0 0 0 0.0670294 -0.0302695
1295965956 0.522265 0.503008 0 0 0 0.000139109 -5.67452e-05
1295965956 0.285213 0.26714 0 0 0 0.00138997 -0.000565657
1295965957 0.285788 0.246712 0 0 0 0.012035 -0.00479661
1295965957 0.311055 0.249015 0 0 0 -0.00329661 0.00129594
1295965958 0.281207 0.224891 0 0 0 -0.00413028 0.00164274
1295965958 0.285667 0.243551 0 0 0 -0.00733197 0.00296873
1295965959 0.263764 0.258934 0 0 0 -0.00190073 0.000780658
1295965959 0.231451 0.192066 0 0 0 0.104052 -0.0362936
1295965960 0.233372 0.113417 0 0 0 0.11833 -0.0264383
1295965961 0.388481 0.056804 0 -0 0 0.181735 -0.0123685
1295965961 0.402256 -0.102078 0 0 0 0.20634 0.026442
1295965962 0.255395 -0.137278 0 0 0 0.0278253 0.00698654
1295965962 0.317651 -0.190723 0 0 0 0.0118062 0.00322257
1295965963 0.316838 -0.206365 0 0 0 0.0197305 0.00573467
1295965963 0.308946 -0.220016 0 0 0 -0.00327986 -0.000983823
1295965964 0.279061 -0.256834 0 0 0 -0.00062426 -0.000185866
1295965964 0.282136 -0.246035 0 0 0 -0.00612287 -0.0017996
1295965965 0.273672 -0.256051 0 0 0 -0.00267108 -0.000771792
1295965965 0.239952 -0.219125 0 0 0 -0.0279216 -0.00759018
1295965966 0.240461 -0.150775 0 0 0 -0.148241 -0.0263032
1295965967 0.287117 -0.0844336 0 0 -0 -0.116896 -0.00488043
1295965967 0.335395 -0.0512635 0 0 0 -0.0155552 0.000382523
1295965968 0.371373 -0.0140995 0 0 0 -0.102372 0.00859422
1295965968 0.26024 0.0739295 0 0 0 -0.142966 0.0302138
1295965969 0.29064 0.144527 0 0 0 -0.0174229 0.00520851
1295965969 0.348116 0.151319 0 0 0 0.045897 -0.012986
1295965970 0.358372 0.140576 0 0 0 -0.00213392 0.000551662
1295965970 0.322231 0.12228 0 0 0 -0.00782547 0.00206609
1295965971 0.241934 0.146309 0 0 0 -0.135951 0.0472048
1295965971 0.158398 0.216558 0 0 0 -0.176529 0.098135
1295965972 0.0621312 0.24827 0 0 0 -0.141333 0.11932
1295965972 -0.0251163 0.301008 0 0 0 -0.0770106 0.0880698
1295965973 -0.0713825 0.353507 0 0 0 -0.00879257 0.0115006
1295965973 -0.0679073 0.377444 0 0 0 -0.00490997 0.00657541
1295965974 -0.0821132 0.36136 0 0 0 -0.0325908 0.0467501
1295965974 -0.0932871 0.325238 0 0 0 -0.00743046 0.011505
1295965975 -0.108997 0.339362 0 0 0 -0.00313255 0.004956
1295965975 -0.113364 0.360444 0 0 0 -0.00204643 0.00327276
1295965976 -0.0947346 0.366005 0 0 0 -0.00558903 0.00908442
1295965976 -0.127986 0.353104 0 0 0 -0.01911 0.0328244
1295965977 -0.153912 0.357356 0 0 0 -0.00454874 0.00825732
1295965977 -0.15156 0.353819 0 0 0 -0.0024335 0.00449454
1295965978 -0.143513 0.340034 0 0 0 0.00835025 -0.0151996
1295965978 -0.089984 0.330995 0 0 0 0.0748376 -0.11437
1295965979 -0.00745564 0.289772 0 0 0 0.0332292 -0.0415632
1295965980 0.00623344 0.536344 0 0 0 -0.00643857 0.00770624
1295965980 -0.023511 0.296878 0 0 0 -0.00694053 0.00848661
1295965981 -0.0491293 0.230325 0 0 0 -0.00238761 0.00296388
1295965981 -0.0102772 0.0463934 0 0 0 -0.000402507 0.000501936
1295965982 -1.65621e-05 7.33787e-05 0 0 0 -1.02618e-05 1.28053e-05
1295965982 -3.91902e-07 1.76658e-06 0 0 0 4.00062e-07 -4.99232e-07
1295965983 0 0 0 0 0 0 0
1295965983 0 0 0 0 0 0 0
1295965984 0 0 0 0 0 0 0
1295965984 -0.000117293 -0.000238932 0 0 0 0.0180076 -0.021831
1295965985 -0.000773942 0.0117213 0 0 0 -0.00284178 0.0033625
1295965985 -0.0173704 0.129308 0 0 0 0.0273347 -0.0311541
1295965986 -0.00110693 0.148506 0 0 0 0.0482747 -0.0492496
1295965986 0.0081382 0.147899 0 0 0 0.0046336 -0.00438391
1295965987 0.013302 0.111728 0 0 0 0.0427136 -0.0379159
1295965987 0.0147278 0.0642832 0 0 0 0.0436492 -0.0345504
1295965988 0.0304237 0.1045 0 0 0 0.00568882 -0.00421957
1295965988 0.0422519 0.136911 0 0 0 -0.00098993 0.000729779
1295965989 0.0390668 0.141473 0 0 0 -0.0210978 0.0160093
1295965989 0.0310991 0.141811 0 0 0 -0.0262851 0.0212233
1295965990 0.0147856 0.139482 0 0 0 -0.0688708 0.0632548
1295965990 -0.00303496 0.0838415 0 0 0 -0.0270154 0.0283369
1295965991 -0.0134895 0.15587 0 0 0 -0.00210863 0.00230753
1295965992 -0.012498 0.134245 0 0 0 -0.000555197 0.000609983
1295965992 -0.014144 0.148485 0 0 0 -0.00102617 0.0011301
1295965993 -0.00725046 0.157908 0 0 0 0.0518457 -0.0530854
1295965993 0.0122966 0.127531 0 0 0 0.0743616 -0.0640469
1295965994 0.0282696 0.127082 0 0 0 0.00102687 -0.000799054
1295965994 0.0399613 0.165329 0 0 0 -0.000224811 0.000174752
1295965995 0.0444351 0.179021 0 0 0 0.000465484 -0.00036172
1295965995 0.0404861 0.168234 0 0 0 0.000371789 -0.000288595
1295965996 0.0389812 0.175517 0 0 0 -0.00123567 0.000960257
1295965996 0.0342867 0.184385 0 0 0 -0.00222127 0.001734
1295965997 0.0209762 0.0889228 0 0 0 -0.00052375 0.000410326
1295965997 0.016072 0.0643825 0 0 0 0.00116176 -0.000909411
1295965998 0.0193478 0.0570823 0 0 0 0.0565407 -0.0410917
1295965998 0.0383916 0.0956611 0 0 0 0.00760526 -0.00508042
1295965999 0.0641703 0.152395 0 0 0 -0.00223018 0.00147938
1295965999 0.0659255 0.158184 0 0 0 -0.00228713 0.00152611
1295966000 0.0774979 0.190476 0 0 0 -0.00497841 0.00335348
1295966000 0.0869878 0.221207 0 0 0 -0.00285357 0.00194184
1295966001 0.0750336 0.177599 0 0 0 0.019778 -0.013167
1295966001 0.082479 0.165583 0 0 0 0.0445929 -0.0272994
1295966002 0.0928409 0.159339 0 0 0 0.00957966 -0.00545545
1295966002 0.100944 0.135807 0 0 0 0.0875044 -0.0437076
1295966003 0.115972 0.111623 0 0 0 0.0702788 -0.0277869
1295966003 0.141805 0.0273413 0 0 0 0.0948065 -0.0282136
1295966004 0.152281 -0.0744836 0 0 0 -0.0544988 0.0149674
1295966004 0.114556 0.0510266 0 0 0 -0.0340103 0.0110511
1295966005 0.199875 0.16354 0 0 0 -0.00789605 0.00275973
1295966005 0.157688 0.188899 0 0 0 -0.129093 0.0562435
1295966006 0.0258734 0.0232661 0 0 0 -0.143681 0.091407
1295966006 -0.0386085 -0.174055 0 0 0 -0.0058111 0.00446838
1295966007 -0.024284 -0.0943742 0 0 0 0.00159757 -0.0012352
1295966007 0.000349374 0.00133459 0 0 0 -6.82387e-05 5.26551e-05
1295966008 3.13094e-07 1.195e-06 0 0 0 -1.25793e-09 9.70742e-10
1295966008 1.55299e-07 5.95288e-07 0 0 0 6.45643e-07 -4.98242e-07
1295966009 0 0 0 0 0 0 0
1295966009 0 0 0 0 0 0 0
1295966010 0 0 0 0 0 0 0
1295966010 7.8287e-07 2.98508e-06 0 0 0 -6.43927e-07 4.96917e-07
1295966011 0 0 0 0 0 0 0
1295966011 0 0 0 0 0 0 0
1295966012 0 0 0 0 0 0 0
1295966012 0 0 0 0 0 0 0
1295966013 0 0 0 0 0 0 0
1295966013 0 0 0 0 0 0 0
