1295965766 3.43662e-09 3.43662e-09 0 0.000146563 0.000217757 -1.99972e-06 -1.48234e-06
1295965767 -2.32425e-08 -2.32425e-08 0 7.88823e-06 0.000555761 -4.73388e-06 -9.10842e-07
1295965767 2.41943e-09 2.41943e-09 0 -0.000253437 -5.78709e-05 9.32233e-07 2.22847e-06
1295965768 -1.27774e-08 -1.27774e-08 0 -6.47865e-05 0.000290978 -2.26741e-06 -1.46426e-08
1295965768 -2.14307e-08 -2.14307e-08 0 -0.000213878 7.03914e-05 -1.2684e-07 1.58543e-06
1295965769 -1.34323e-08 -1.34323e-08 0 7.35887e-05 -0.000261832 1.95027e-06 -7.51771e-08
1295965769 -2.05054e-08 -2.05054e-08 0 -6.58823e-05 -2.64655e-05 3.32009e-07 5.76952e-07
1295965770 -1.62577e-08 -1.62577e-08 0 -0.000102217 5.54605e-05 -2.51551e-07 7.09791e-07
1295965771 -8.86441e-09 -8.86441e-09 0 -0.000106119 0.000172884 -1.14439e-06 4.94294e-07
1295965771 -8.00771e-09 -8.00771e-09 0 8.90979e-05 6.20355e-05 -6.68689e-07 -8.25872e-07
1295965772 7.1761e-09 7.1761e-09 0 0.000252072 0.000121644 -1.51519e-06 -2.27937e-06
1295965772 -2.85841e-08 -2.85841e-08 0 0.000204098 5.83958e-05 -9.3872e-07 -1.81081e-06
1295965773 -0.000288358 0.00101356 0 0.000175214 0.000357441 0.034662 -0.000514566
1295965773 -0.00135475 -0.00447192 0 -0.000981151 -0.00171052 0.247726 -0.0394254
1295965774 0.00201761 -0.00435837 0 0.000607385 0.000288874 0.166821 -0.0653492
1295965774 0.00691876 -0.00444103 0 -0.00110354 -0.00241005 0.236792 -0.164702
1295965775 -0.0127746 0.0400197 0 0.000678594 -0.0013635 0.150834 -0.178684
1295965776 -0.0516552 0.113676 0 -0.000912683 0.00139274 0.00414845 -0.00631301
1295965776 -0.0885744 0.156589 0 -0.0013237 1.32524e-05 0.0364428 -0.0606442
1295965777 -0.0710652 0.101711 0 0.00027972 -0.00073237 0.0204528 -0.0389486
1295965777 -0.122606 0.140756 0 -0.000570049 0.00100503 0.0157292 -0.0331185
1295965778 -0.0841296 0.0899372 0 0.000575276 0.000781322 0.000717127 -0.00159514
1295965778 -0.123802 0.130504 0 8.30117e-05 0.000355021 0.00224033 -0.00501196
1295965779 -0.0788831 0.0808779 0 -0.000554618 -0.000275225 0.00206193 -0.00467037
1295965779 -0.172457 0.165879 0 -0.000140195 0.00177306 0.00399563 -0.00925696
1295965780 -0.121461 0.114344 0 0.000174381 -0.000930317 0.00100131 -0.00235953
1295965780 -0.202439 0.165863 0 -0.000319503 0.00143823 0.0307322 -0.0826945
1295965781 -0.148842 0.0925895 0 -0.000410159 -5.54856e-05 0.00832253 -0.0271369
1295965781 -0.238391 0.0852482 0 -0.000154896 0.000345991 0.0283834 -0.128436
1295965782 -0.147561 0.028481 0 -0.00027185 0.000115116 0.00154057 -0.0104415
1295965782 -0.230881 0.0124382 0 -0.00347688 0.00051624 0.000925362 -0.00662329
1295965783 -0.0494236 -0.00117054 0 0.000234765 0.000279309 0.000101016 -0.000757314
1295965783 0.000668317 2.38551e-05 0 -0.000146795 -0.00014346 1.24481e-05 -8.80415e-05
1295965784 1.21004e-06 2.00592e-08 0 3.79576e-07 0.000173977 -8.1932e-07 1.66958e-06
1295965784 2.46935e-09 2.46935e-09 0 -0.000215362 0.000656434 -2.47578e-06 7.4608e-07
1295965785 -1.58019e-08 -1.58019e-08 0 0.000142252 0.000596393 -2.66691e-06 -6.52766e-07
1295965785 -2.0278e-08 -2.0278e-08 0 -0.000395917 0.000256732 -1.32242e-06 1.95375e-06
1295965786 -2.15649e-08 -2.15649e-08 0 -7.97746e-06 -6.80647e-05 3.40373e-07 1.44963e-08
1295965786 2.12879e-09 2.12879e-09 0 -0.000171988 0.00103463 -5.82864e-06 1.42789e-06
1295965787 -2.11756e-08 -2.11756e-08 0 -0.000152411 0.000139037 -9.70115e-07 9.81635e-07
1295965787 -2.25947e-08 -2.25947e-08 0 -0.000221727 -4.5343e-05 7.94869e-08 1.23156e-06
1295965788 -1.25626e-08 -1.25626e-08 0 -0.000102885 0.000172811 -1.20545e-06 7.77445e-07
1295965788 5.81906e-07 -4.52474e-09 0 -0.000106107 -0.000176975 1.12729e-06 -5.73299e-07
1295965789 1.23125e-08 1.23125e-08 0 0.000102481 -7.62187e-05 5.93149e-07 -6.60193e-07
1295965789 7.93294e-10 7.93293e-10 0 -0.000282482 0.000572203 -4.07033e-06 2.36678e-06
1295965790 -7.77106e-09 -7.77106e-09 0 0.000267114 0.000135247 -5.68167e-07 -1.45134e-06
1295965790 -5.98416e-09 -5.98416e-09 0 0.000443432 0.000227203 -1.13373e-06 -2.61666e-06
1295965791 -1.65863e-08 -1.65863e-08 0 0.000275161 3.49335e-05 -5.58653e-08 -1.81695e-06
1295965792 -2.75991e-08 -2.75991e-08 0 -5.0206e-05 -0.000353606 2.40924e-06 1.30114e-07
1295965792 -0.00289821 -4.23626e-05 0 0.00111041 0.000281275 -2.5731e-05 0.000170112
1295965793 -0.170331 0.0173321 0 0.00123477 -0.000711751 0.000620913 -0.00468174
1295965793 -0.211725 0.0247699 0 0.000644583 -0.00024169 0.000207241 -0.00161083
1295965794 -0.328132 0.0514191 0 -0.00167084 0.000787226 -0.00335668 0.0239022
1295965794 -0.183278 0.0340828 0 -0.00128566 0.00118172 0.000212239 -0.00144555
1295965795 -0.0900537 0.0221863 0 0.00117081 -0.000585728 0.000261245 -0.00171493
1295965795 -0.089406 0.0306713 0 -0.0010173 -4.32732e-05 -0.00558564 0.0334838
1295965796 -0.134399 0.0491869 0 0.000225435 -0.000722897 0.00421283 -0.0245341
1295965796 -0.0693659 0.0224733 0 -0.000767751 0.000590415 0.00308899 -0.0209102
1295965797 -0.129421 0.0391426 0 0.000799487 0.000318743 -0.0021226 0.0146534
1295965797 -0.0840929 0.025601 0 0.000382789 -0.000685879 0.000491559 -0.00323439
1295965798 -0.116774 0.03778 0 -0.00285427 0.000565388 -0.00448204 0.0274435
1295965798 -0.049348 0.0197372 0 0.00197867 -0.000302862 -0.00663143 0.0339649
1295965799 -0.104344 0.0454815 0 0.000299845 9.00699e-05 8.09997e-05 -0.000383577
1295965799 -0.0922706 0.0403557 0 -0.000137288 0.00107465 0.000594329 -0.0028501
1295965800 -0.146219 0.0487809 0 0.000465648 -0.00137885 0.0165711 -0.10788
1295965800 -0.088906 0.0175863 0 0.00200656 0.000814698 0.0015141 -0.0170438
1295965801 -0.239221 0.0362829 0 -0.00200007 -0.000348241 0.000529731 -0.00676441
1295965801 -0.128445 0.0180879 0 -0.000796686 -0.000104011 0.000149582 -0.0020354
1295965802 -0.275188 0.0331771 0 0.00158922 0.00101995 0.00040158 -0.00596206
1295965802 -0.166184 0.0149614 0 -0.000470723 -0.00104411 0.00022808 -0.00341824
1295965803 -0.230969 0.0176618 0 -0.00246247 0.00113655 0.000300171 -0.00516176
1295965803 -0.00169299 0.000115331 0 0.000619507 -1.70246e-05 -1.8801e-05 0.000340059
1295965804 0.000324585 -2.23592e-05 0 -0.00010448 4.10127e-05 -2.47252e-05 0.000420432
1295965804 0.000110071 -7.62432e-06 0 0.000275517 -3.67793e-05 -7.83587e-06 0.000143
1295965805 0.000102263 -7.13658e-06 0 6.69576e-05 -1.46021e-05 8.48839e-07 -1.20081e-05
1295965805 4.88104e-05 -3.39568e-06 0 -8.18804e-05 7.96045e-05 2.60147e-06 -5.67375e-05
1295965806 -0.00817778 -0.00311539 0 0.00370052 0.00076723 2.9146e-05 -0.000707843
1295965806 -0.122265 -0.021815 0 0.000499 9.01731e-05 0.000207027 -0.00377591
1295965807 -0.298327 -0.052624 0 -0.00196334 0.000849283 0.000194312 -0.00381313
1295965807 -0.236988 -0.0298199 0 -0.00276255 -0.000603313 -0.00386576 0.0512397
1295965808 -0.321726 0.0312685 0 0.00124388 -1.19569e-05 -0.0274893 0.152289
1295965808 -0.247497 0.0847254 0 -0.000513444 -0.000366564 -0.00471786 0.0173936
1295965809 -0.255769 0.111301 0 0.000210554 -0.000578718 0.00108875 -0.00388379
1295965809 -0.238908 0.100684 0 -0.000149066 0.000549259 0.00403678 -0.0150577
1295965810 -0.282311 0.101266 0 -0.000257743 0.00013797 0.00638158 -0.0259622
1295965810 -0.241726 0.0783294 0 -0.000167865 0.000579335 0.00431489 -0.0195316
1295965811 -0.274629 0.0697427 0 -0.00137816 -0.000479691 0.00689757 -0.0359693
1295965811 -0.263883 0.0540283 0 0.00116619 0.000169217 0.00285524 -0.017444
1295965812 -0.286338 0.0352982 0 0.000913386 -0.000577026 0.00597261 -0.0454778
1295965812 -0.266481 0.0229875 0 -0.000576912 0.000461588 0.000913517 -0.00887441
1295965813 -0.266206 0.0195027 0 -0.00113532 0.000379313 0.000319137 -0.00333227
1295965813 -0.278685 0.0156661 0 0.00304886 -0.00128191 0.00105268 -0.0116055
1295965814 -0.279002 0.0159333 0 0.00066499 0.000662005 0.000396391 -0.00496184
1295965814 -0.255931 0.0107993 0 -0.000680539 0.000747208 0.00043156 -0.00576554
1295965815 -0.283559 0.0068236 0 -0.00215787 -0.00117502 0.000658856 -0.00949373
1295965816 -0.273425 0.00329718 0 -1.4826e-05 -7.20486e-05 0.000201368 -0.00324992
1295965816 -0.266898 0.00400731 0 0.00247639 0.000578222 -0.000826372 0.0123595
1295965817 -0.283978 0.0205987 0 -0.0026418 4.74805e-05 -0.00338896 0.0371081
1295965817 -0.259205 0.0540263 0 0.000883511 -0.00106338 -0.0167509 0.1027
1295965818 -0.235274 0.113935 0 -0.00279556 0.000153766 -0.0386435 0.132837
1295965818 -0.198344 0.196226 0 0.000106341 -0.00142633 -0.0818873 0.170792
1295965819 -0.173025 0.491756 0 -6.05731e-06 -0.00099723 -0.0934435 0.130283
1295965820 -0.0583387 0.259218 0 -0.00123176 0.000689087 -0.00256093 0.00299999
1295965820 -0.0369432 0.264855 0 -5.47491e-05 0.000369339 -0.0514957 0.0558922
1295965821 -0.0115091 0.289802 0 0.00133011 -0.00119508 -0.011806 0.0116969
1295965821 -0.00983432 0.267712 0 0.000442953 0.000416215 0.00817615 -0.00804925
1295965822 -0.0156216 0.271133 0 0.000486378 0.000413207 0.0055655 -0.00558722
1295965822 0.00189804 0.276259 0 0.000221075 -0.000477434 -0.0600703 0.055968
1295965823 0.0328547 0.265087 0 6.28623e-05 -0.000790751 -0.00929499 0.00788066
1295965823 0.0380942 0.263993 0 0.000459518 0.000967011 0.00583271 -0.00492518
1295965824 0.0384095 0.274904 0 0.000475026 7.19555e-05 0.00965458 -0.00831144
1295965824 0.0327678 0.275913 0 0.000579961 0.00178116 0.00814349 -0.0071965
1295965825 0.0201524 0.278294 0 0.00209399 -0.00106349 0.00384483 -0.00343699
1295965825 0.0128591 0.262148 0 0.000612477 -0.000771448 0.00451975 -0.00409073
1295965826 0.00774875 0.265615 0 4.51118e-05 0.000777004 0.00768466 -0.00708753
1295965826 0.00342823 0.287645 0 -0.000730754 -0.000501421 0.00273245 -0.0025466
1295965827 0.0163139 0.282809 0 -0.000760601 0.00130885 -0.0441525 0.0390262
1295965827 0.033035 0.247804 0 -0.00074873 0.000261113 -0.00374624 0.00310319
1295965828 0.0479504 0.294229 0 0.000875666 -0.00192047 0.00285193 -0.00234421
1295965828 0.044786 0.246287 0 0.00103484 0.000491555 -0.000533369 0.000436232
1295965829 0.0503676 0.278538 0 7.3179e-05 0.000410527 0.00652712 -0.00546726
1295965829 0.0391183 0.247513 0 0.00124849 -0.000498645 0.00931141 -0.00796032
1295965830 0.0424786 0.296035 0 0.000203127 0.00103478 0.000970427 -0.000851771
1295965830 0.0358019 0.254045 0 0.00160436 -0.000284837 0.00242054 -0.00211451
1295965831 0.0347594 0.274507 0 -1.5459e-05 -0.000273668 0.00809792 -0.00714745
1295965831 0.0266137 0.255064 0 0.000275756 0.000286518 0.00876278 -0.00792025
1295965832 0.0228098 0.29949 0 0.00139794 -0.000420618 0.0111868 -0.0103918
1295965832 0.0231031 0.252282 0 -0.000607807 0.00106871 -0.0274714 0.0249407
1295965833 0.0469955 0.282344 0 0.00138196 0.000555892 -0.0174266 0.014876
1295965833 0.0430354 0.247926 0 -0.00125685 0.00160376 0.00408343 -0.0034362
1295965834 0.0584056 0.292254 0 -0.00130054 -0.00148024 -0.0371975 0.029939
1295965834 0.0840007 0.228889 0 0.00064369 0.000369196 -0.0752138 0.0522855
1295965835 0.147066 0.239732 0 -0.000992498 -0.000662581 -0.0972137 0.0538958
1295965835 0.183966 0.191698 0 -0.000564928 -0.000349903 -0.0961522 0.0404685
1295965836 0.234733 0.155578 0 -0.00171772 -0.000659078 -0.109982 0.0326802
1295965836 0.248178 0.0942629 0 -0.00150596 -0.000397346 -0.107307 0.0191783
1295965837 0.283391 0.0437011 0 -0.000278554 -0.00148152 -0.0861912 0.00683497
1295965837 0.246217 0.0198014 0 0.000213786 -4.03683e-05 0.0028525 -0.000106195
1295965838 0.299422 0.0251284 0 -0.00105645 0.000534197 0.00531809 -0.00022207
1295965838 0.240373 0.0225568 0 0.00089428 -0.00185414 0.00523061 -0.000234909
1295965839 0.296584 0.0317015 0 0.00129985 0.000206422 0.00732258 -0.000390522
1295965839 0.242589 0.029404 0 -0.000630156 0.000642229 0.00692728 -0.000417822
1295965840 0.300719 0.0410162 0 0.000494342 0.000478787 0.00571779 -0.000383311
1295965841 0.248542 0.0124436 0 -0.00103975 -0.00252034 -0.100035 0.00192805
1295965841 0.281603 -0.0402443 0 0.00113957 7.52446e-05 -0.0687757 -0.00450443
1295965842 0.239928 -0.0462694 0 -1.48354e-05 -0.000432531 0.00713715 0.000690353
1295965842 0.282896 -0.0491738 0 0.00105969 0.000906474 0.0124983 0.00107669
1295965843 0.264755 -0.0409365 0 8.96247e-05 -0.000145708 0.00325587 0.000256272
1295965843 0.273572 -0.0684618 0 -0.000195661 0.000512817 -0.101972 -0.0131553
1295965844 0.220457 -0.11271 0 -0.000856736 -0.000855309 -0.12537 -0.0312559
1295965844 0.209743 -0.206782 0 -0.00111913 -0.000198437 -0.158462 -0.0660551
1295965845 0.114198 -0.215928 0 -0.00016009 8.32064e-05 -0.116683 -0.071438
1295965845 0.0539718 -0.27232 0 -0.000128588 -0.000714839 -0.118114 -0.0984356
1295965846 -0.0137482 -0.240847 0 -0.00120082 -0.000558197 -0.0575289 -0.0608701
1295965846 -0.040735 -0.305123 0 0.000101459 0.000454594 -0.000274333 -0.000317176
1295965847 -0.0407272 -0.225861 0 -0.000137146 -0.000119817 -0.028208 -0.0339848
1295965847 -0.0937018 -0.282093 0 0.000212044 -0.00055072 -0.0599992 -0.0842267
1295965848 -0.129376 -0.225307 0 0.00018222 -0.00304281 1.73144 -0.997052
1295965848 -0.15736 -0.252969 0 0.00163254 0.00175771 -1.73821 0.986266
1295965849 -0.0997769 -0.212267 0 -0.000948169 -0.00152217 0.0140339 0.022014
1295965849 -0.116808 -0.273804 0 -0.000816732 -0.000171877 0.00414551 0.0062678
1295965850 -0.0940514 -0.23059 0 -0.000237662 0.000178063 0.00414943 0.00617318
1295965850 -0.10971 -0.282229 0 0.0013462 -0.000198865 0.00418819 0.00612989
1295965851 -0.0863753 -0.227969 0 0.000600928 -0.000349161 0.00130847 0.00189314
1295965851 -0.0939352 -0.271167 0 -0.000547031 -0.00054678 0.0268414 0.0369587
1295965852 -0.0520346 -0.242059 0 0.00113777 -0.000348704 0.0308511 0.0384892
1295965852 -0.0481981 -0.292947 0 -0.000445929 0.00117038 0.00484554 0.00571141
1295965853 -0.0370626 -0.247575 0 0.000112236 -0.000382554 0.00407259 0.0047281
1295965853 -0.0389286 -0.295424 0 0.000400675 0.000141609 0.00820926 0.00935433
1295965854 -0.0262099 -0.248835 0 0.00034411 -0.000126055 0.00904791 0.0100432
1295965854 -0.00860877 -0.286735 0 -0.00119892 -0.00070407 0.0333134 0.0347671
1295965855 0.00986062 -0.271664 0 0.00178628 -0.00117082 0.0277836 0.0265774
1295965855 0.0260587 -0.274372 0 0.000823277 -0.00163214 0.0108024 0.00978802
1295965856 0.032979 -0.252339 0 0.00017422 0.000756022 0.0195864 0.0170665
1295965856 0.0562137 -0.274073 0 0.00147456 -7.44895e-05 0.0463756 0.0370316
1295965857 0.0498311 -0.144638 0 0.00248439 0.00314823 0.0423427 0.0301118
1295965857 0.0229882 -0.0562894 0 -0.00201296 -0.00251145 0.00363272 0.00244167
1295965858 0.0373839 -0.0890733 0 0.000261687 -0.000224361 0.00246447 0.00163434
1295965858 0.0587579 -0.137626 0 -0.00122536 -0.00195597 0.00208125 0.0013707
1295965859 0.0847341 -0.194666 0 6.39607e-05 0.000575797 0.00450838 0.00295625
1295965859 0.125178 -0.276787 0 0.000212288 0.000314078 0.00659854 0.00425982
1295965860 0.105989 -0.227276 0 0.000900721 -0.000487799 0.00464279 0.00294326
1295965860 0.11512 -0.253224 0 -0.000570669 -0.000270321 -0.0178753 -0.0115665
1295965861 0.0842534 -0.239336 0 -0.000319169 -0.000220075 -0.053408 -0.0379517
1295965861 0.0487158 -0.296936 0 0.00183785 0.0016494 -0.0881577 -0.075574
1295965862 -0.0186725 -0.251959 0 -0.00122742 -7.6898e-05 -0.0803233 -0.087123
1295965863 -0.22746 -0.466527 0 -0.0128896 0.00761924 1.68623 -1.04285
1295965863 -0.207829 -0.185091 0 0.000668947 -0.000141667 0.045557 0.122097
1295965864 -0.238333 -0.122417 0 0.000444195 -0.00124555 0.0276237 0.117055
1295965864 -0.255246 -0.0626776 0 0.00174301 0.000215316 0.0129012 0.111009
1295965865 -0.268964 -0.00830314 0 -0.00075222 0.000907667 0.000979818 0.0996218
1295965866 -0.277374 0.0464326 0 0.000806316 -0.00250372 -0.0081647 0.0936928
1295965866 -0.239391 0.0704415 0 -0.000377927 0.000955861 -0.00232547 0.0162263
1295965867 -0.290737 0.053172 0 0.000455292 0.000648646 0.0112667 -0.142537
1295965867 -0.250234 -0.0298294 0 -0.000213729 0.00160645 -0.00875745 -0.13954
1295965868 -0.267919 -0.0817172 0 -0.000908713 -0.000605955 -0.00437383 -0.0294255
1295965868 -0.236703 -0.0806147 0 0.00178539 0.0015073 -0.000693708 -0.00419193
1295965869 -0.270046 -0.0955131 0 0.00193083 0.00182814 -0.00112148 -0.00650684
1295965869 -0.236467 -0.0738672 0 -0.0021333 -0.00245503 0.00885041 0.0618812
1295965870 -0.288973 -0.0199521 0 0.00124555 0.000644615 0.00539273 0.148611
1295965870 -0.249265 0.0185398 0 -0.000888867 0.000593721 -0.000134892 0.00326826
1295965871 -0.547306 0.0252317 0 0.00015583 0.00188247 0.000731724 -0.0261719
1295965872 -0.268217 0.0550554 0 -0.000207009 -0.00033501 -0.0201127 0.184882
1295965872 -0.205326 0.126471 0 -0.000382324 -0.00321853 -0.0462746 0.158497
1295965873 -0.188886 0.228195 0 0.00144064 -0.000234848 -0.056627 0.122139
1295965873 -0.138554 0.213464 0 -0.000512393 -0.000182675 0.00122898 -0.00224958
1295965874 -0.128385 0.24236 0 2.26337e-05 -0.000612134 -0.051049 0.0836445
1295965874 -0.0791124 0.244567 0 0.000838009 0.000375641 -0.0315893 0.0438747
1295965875 -0.0782284 0.276428 0 -0.000406512 0.000958471 0.00552734 -0.00732995
1295965875 -0.0746033 0.251466 0 0.000977035 0.000362825 -0.00309803 0.00412268
1295965876 -0.0418281 0.275489 0 -0.00139554 -0.000986336 -0.0866822 0.100174
1295965876 0.0270798 0.244338 0 0.00103594 -0.000593493 -0.0989518 0.0876768
1295965877 0.109871 0.270482 0 -0.000188101 -0.000519542 -0.113165 0.0758861
1295965877 0.125802 0.216104 0 0.00139868 -1.35859e-05 -0.00678762 0.00387517
1295965878 0.14479 0.2433 0 -0.000286966 -0.000669792 0.00484307 -0.002756
1295965878 0.136378 0.23044 0 0.000675053 0.00065596 0.0109938 -0.00639275
1295965879 0.113408 0.264177 0 0.00158611 0.00146208 0.089752 -0.0597001
1295965879 0.0489537 0.237712 0 -0.000751359 6.33025e-05 0.0710349 -0.0582439
1295965880 0.00630869 0.285485 0 0.000796661 0.00194978 0.0618659 -0.0607384
1295965880 -0.0244137 0.264838 0 0.000141213 -0.00259955 0.0147356 -0.0161107
1295965881 -0.0333382 0.280819 0 0.00050292 0.00104269 0.00668162 -0.00755631
1295965881 -0.0352086 0.247481 0 0.00172925 -0.000252319 0.00740501 -0.00855776
1295965882 -0.0341758 0.279588 0 -0.00120077 0.000755323 -0.0367695 0.0406374
1295965882 0.00920561 0.264204 0 -0.000418424 8.7868e-05 -0.0535643 0.0519982
1295965883 0.0269956 0.279773 0 -0.000979459 0.00199235 0.00363499 -0.003301
1295965883 0.023174 0.26522 0 0.00123273 5.11804e-06 0.00371518 -0.00340058
1295965884 0.0381765 0.285016 0 0.000140199 -0.00100821 -0.0423522 0.0367878
1295965884 0.0456251 0.240216 0 -0.00020434 0.000834641 0.00500786 -0.00414086
1295965885 0.0491367 0.28453 0 0.00171923 8.07521e-05 0.00865909 -0.0072908
1295965885 0.0425 0.262428 0 -7.0956e-05 -0.000141323 0.000850902 -0.000723131
1295965886 0.0437775 0.278937 0 0.00173902 -0.000780268 0.00483047 -0.00415176
1295965886 0.0342791 0.24784 0 0.000220904 0.00012668 0.00788949 -0.00688889
1295965887 0.0478056 0.294977 0 -0.000888432 -0.000521997 -0.0321839 0.0272154
1295965887 0.0532404 0.243309 0 0.00199493 0.000832088 -0.00821871 0.00656201
1295965888 0.0646828 0.28478 0 0.00126492 0.000643031 0.00378517 -0.00303282
1295965888 0.0528094 0.244516 0 -0.000163688 0.000604251 0.00615372 -0.00496895
1295965889 0.055672 0.276631 0 -0.00129165 0.00125033 0.00413971 -0.0033846
1295965889 0.0462972 0.245374 0 0.000548586 -0.00117049 0.0064115 -0.0053122
1295965890 0.0499621 0.298129 0 4.74206e-05 -0.000333394 0.00843612 -0.00713395
1295965890 0.0409428 0.246686 0 -0.000358364 0.00143478 -0.0145487 0.0121986
1295965891 0.0955638 0.259157 0 -0.00190495 0.0013497 -0.141314 0.0972569
1295965891 0.1531 0.189961 0 -0.00126968 -0.00126037 -0.137873 0.0650274
1295965892 0.227689 0.188424 0 0.00148935 -0.000805406 -0.0279858 0.010195
1295965893 0.202209 0.158891 0 -0.000192251 -0.000284024 -0.00842479 0.00288953
1295965893 0.256434 0.147211 0 0.000347229 4.52765e-05 -0.131813 0.0346955
1295965894 0.237168 0.0683868 0 -0.00196684 -5.75461e-05 -0.103827 0.0142991
1295965894 0.278271 0.0467058 0 -0.000611844 -0.000609214 -0.00903263 0.000728685
1295965895 0.259383 0.0197592 0 0.000180956 0.00275532 -0.0911791 0.00268175
1295965895 0.271346 -0.0414024 0 -0.00120404 -0.00236986 -0.126367 -0.010034
1295965896 0.243729 -0.0929302 0 -0.000974613 -0.00257897 -0.077508 -0.0142688
1295965896 0.260589 -0.131483 0 0.000565258 0.000548558 -0.017259 -0.00405435
1295965897 0.214328 -0.108699 0 0.000749614 -0.000371135 0.00823543 0.00197302
1295965897 0.273921 -0.132945 0 -0.000470563 -0.00200808 0.00848479 0.001964
1295965898 0.227974 -0.101574 0 0.000218759 -2.28253e-05 0.0339825 0.00706052
1295965898 0.269294 -0.0843979 0 -0.000390149 -0.00103464 0.0643758 0.010057
1295965899 0.242144 -0.0572497 0 0.0015996 0.00152638 0.0162391 0.00185437
1295965899 0.294591 -0.0555493 0 0.000884274 0.001066 -0.0020264 -0.00022493
1295965900 0.231676 -0.0833791 0 -0.00163085 -0.000747628 -0.134628 -0.0239985
1295965900 0.236899 -0.178688 0 -0.000480121 -0.000452931 -0.161215 -0.0552559
1295965901 0.234816 -0.460336 0 -0.00150029 -0.00020141 -0.233501 -0.144179
1295965902 0.0226172 -0.240017 0 -0.000433231 -0.000522992 -0.0754827 -0.0692049
1295965902 -0.00444673 -0.302594 0 -0.000326777 5.19743e-05 -0.00231597 -0.00236047
1295965903 -0.00339334 -0.249609 0 0.000606367 -0.000473927 0.00367795 0.00374208
1295965903 -0.0067836 -0.281888 0 0.000391314 0.00127319 -0.0205754 -0.0214542
1295965904 -0.0470446 -0.240883 0 0.000342923 -0.00116587 -0.0793702 -0.0967282
1295965904 -0.0989169 -0.281474 0 -0.000879889 -0.000218418 -0.00956066 -0.0134962
1295965905 -0.187127 -0.523984 0 0.000460494 -0.00192354 0.00927349 0.0131003
1295965906 -0.0759706 -0.232813 0 -0.000494451 -0.000905185 0.00450107 0.00620023
1295965906 -0.0846056 -0.273781 0 -0.000385883 -0.0018971 0.00502193 0.00679517
1295965907 -0.0682949 -0.233749 0 0.000491016 0.00223749 0.00402324 0.00537232
1295965907 -0.0807083 -0.292134 0 0.00133543 -0.000724097 0.00513519 0.00673455
1295965908 -0.0629817 -0.241975 0 -0.000721855 0.000192708 0.00337646 0.00437039
1295965908 -0.0684239 -0.273135 0 0.00137394 -0.000186133 0.00217918 0.00278741
1295965909 -0.0625962 -0.258116 0 0.000146321 -0.000651433 0.00100161 0.00127377
1295965909 -0.0892897 -0.267308 0 0.000348196 0.0011933 -0.0496046 -0.0689659
1295965910 -0.0982488 -0.229926 0 -0.000466425 -0.000416913 1.09959e-05 1.8177e-05
1295965911 -0.25215 -0.809764 0 0.00071294 -0.00342155 0.088857 0.115866
1295965912 -0.00995102 -0.223854 0 0.000765181 0.000346058 0.0470791 0.0493999
1295965912 0.0104271 -0.303187 0 0.0012814 -0.000255285 0.0147414 0.0141449
1295965913 0.046036 -0.241061 0 -0.000275896 -6.7448e-05 0.103486 0.0850441
1295965913 0.0993408 -0.256055 0 -0.000714834 0.00145618 0.0284523 0.019627
1295965914 0.042936 -0.455452 0 0.00777423 0.00265843 0.00986335 0.00639653
1295965915 0.0904663 -0.00863949 0 -0.00759857 -0.00285561 -0.00167404 -0.00101674
1295965916 0.105272 -0.226564 0 0.000426162 -0.000218185 -0.00640709 -0.00420427
1295965916 0.097594 -0.207124 0 -0.000509749 -0.000831924 -0.00767703 -0.00512804
1295965917 0.079152 -0.296313 0 3.55956e-06 0.000694769 -0.132002 -0.106359
1295965917 -0.00926618 -0.235306 0 -0.000139302 0.000428346 -0.0586915 -0.0610948
1295965918 -0.0338947 -0.284311 0 0.00117943 0.000326781 -8.9918e-05 -0.00010931
1295965918 -0.060529 -0.255899 0 0.000512191 0.000989304 -0.0753651 -0.0968255
1295965919 -0.141837 -0.241018 0 -0.0126383 0.00337197 1.73509 -0.979668
1295965919 -0.194433 -0.174416 0 0.00195556 5.64757e-05 0.048494 0.129234
1295965920 -0.238766 -0.134422 0 0.000436596 0.000689754 0.0150315 0.056349
1295965920 -0.233579 -0.0820633 0 1.66731e-05 7.17244e-05 0.0185299 0.102048
1295965921 -0.275849 -0.0287909 0 0.000215385 -0.000365426 0.00779833 0.100907
1295965921 -0.249412 -0.0136834 0 -4.80134e-05 0.00103603 -7.92564e-05 -0.002768
1295965922 -0.297368 -0.0161485 0 0.00112454 -0.000627789 -0.000171411 -0.00550641
1295965922 -0.261229 -0.0110777 0 -0.00137232 0.000419255 -0.000320686 -0.00811492
1295965923 -0.280968 -0.0224383 0 8.66835e-05 0.000916354 -0.000459842 -0.00959212
1295965923 -0.248537 -0.024964 0 0.000697377 -0.000348004 -0.000395483 -0.007111
1295965924 -0.300894 -0.0380195 0 0.00165978 5.61455e-05 -0.000499149 -0.00790224
1295965924 -0.240872 -0.0340864 0 -0.000389253 0.00112346 -0.000380539 -0.00534755
1295965925 -0.278014 -0.0417381 0 6.85593e-05 0.000144744 -0.000256108 -0.00342041
1295965925 -0.25254 -0.01917 0 -0.000360213 0.000874757 0.00286983 0.0848195
1295965926 -0.290032 0.0265969 0 -0.000270139 -0.00159858 -0.00232324 0.0601765
1295965926 -0.258822 0.034557 0 0.000503794 0.00161115 0.000286754 -0.00438097
1295965927 -0.293442 0.0479326 0 -0.000472665 -0.00083154 -0.00498009 0.0542211
1295965927 -0.217604 0.0728684 0 0.00155869 -0.000320843 -0.0152094 0.0912781
1295965928 -0.175959 0.0971612 0 -0.00294195 0.000533282 -0.0386626 0.133839
1295965928 -0.0520854 0.0490335 0 0.00260532 -0.00252225 -0.0255628 0.0631349
1295965929 -0.128072 0.141133 0 -0.0021077 0.00328258 -0.00138183 0.00304909
1295965929 -0.108729 0.122588 0 0.00246884 -0.00240793 -0.00152513 0.00341261
1295965930 -0.137431 0.170009 0 -0.000962696 0.000585584 -0.0171596 0.0358848
1295965930 -0.106245 0.140856 0 0.000730357 0.000221265 0.00133118 -0.00265669
1295965931 -0.101235 0.148498 0 4.3692e-05 -0.000518992 -0.0270912 0.0506008
1295965931 -0.077292 0.163805 0 0.000934196 -0.000615433 -0.0512022 0.0802558
1295965932 -0.0556739 0.220145 0 -0.000180418 1.44925e-05 -0.0632887 0.0804251
1295965932 -0.0088132 0.197569 0 8.74204e-05 0.000905724 -0.073316 0.0755207
1295965933 0.0242407 0.195411 0 -0.000350371 -0.00027539 -0.0358244 0.0316551
1295965933 0.0481946 0.316699 0 0.00114561 -0.000947969 0.00468259 -0.00396365
1295965934 0.0377787 0.264272 0 0.000672143 0.000416479 0.00757798 -0.00652742
1295965934 0.0332599 0.26501 0 0.000221688 -0.000658958 0.00894686 -0.00787513
1295965935 0.0278853 0.26942 0 -0.000556852 0.000813062 0.00223975 -0.00200324
1295965935 0.0373785 0.259804 0 0.00100456 0.000202734 -0.0223965 0.0194823
1295965936 0.047678 0.282871 0 -0.000805774 -5.281e-05 -0.00394327 0.00331345
1295965936 0.0692453 0.261327 0 0.0010843 -0.00050783 -0.0547892 0.0426338
1295965937 0.0803887 0.25416 0 -0.000125808 0.00162241 0.00663979 -0.0048538
1295965937 0.0748106 0.256554 0 0.00112841 0.00111734 0.0157454 -0.0118468
1295965938 0.0726049 0.278887 0 0.0010908 -0.000478982 0.00652667 -0.00505311
1295965938 0.0619496 0.258437 0 0.000635852 -0.000572389 0.00808958 -0.00638193
1295965939 0.0572427 0.261071 0 0.000156476 -7.67039e-05 0.0062282 -0.00500672
1295965939 0.0680191 0.338101 0 -0.000678696 0.000237612 0.00819813 -0.00671299
1295965940 0.0696797 0.398013 0 -0.000486464 0.000339008 0.0111315 -0.00935436
1295965940 0.0554779 0.355077 0 0.000758245 0.00117555 -0.00234706 0.00198365
1295965941 0.0762465 0.378883 0 -0.00119489 0.000948252 -0.0175783 0.0145567
1295965942 0.0755015 0.375384 0 0.00234233 -0.000372783 0.00622939 -0.0050927
1295965942 0.0859787 0.382714 0 0.000479515 0.000202448 -0.0359816 0.0282359
1295965943 0.126817 0.342131 0 -0.000989096 -0.000494758 -0.0466218 0.0328774
1295965943 0.140051 0.343147 0 0.000636919 0.000424271 0.0113781 -0.00766496
1295965944 0.131033 0.348398 0 0.00123519 0.000720584 0.00951794 -0.00659773
1295965944 0.123103 0.351656 0 0.0012481 0.00112453 0.0102055 -0.00726328
1295965945 0.124752 0.378863 0 -0.00166247 0.00216266 0.00746191 -0.00542657
1295965945 0.0878602 0.250864 0 -7.72812e-05 -0.00130008 0.00913178 -0.00675803
1295965946 0.0948368 0.260102 0 0.000976404 0.000257175 -0.068573 0.0471358
1295965946 0.144511 0.217112 0 -0.00231073 0.00156386 -0.131594 0.0695493
1295965947 0.224274 0.165489 0 -0.00200116 -0.00159183 -0.152642 0.0524651
1295965947 0.299966 0.112345 0 -0.00120543 -0.000308048 -0.0906991 0.0187497
1295965948 0.36361 0.110587 0 0.000529256 -0.00216015 -0.00405874 0.000651801
1295965948 0.377045 0.0558946 0 0.000817814 0.000446929 -0.0772425 0.00887463
1295965949 0.394267 0.0101097 0 -0.000187101 -0.00136524 -0.0234956 0.00151073
1295965949 0.377768 -0.0464928 0 -0.00160058 0.000380949 0.00903643 -0.000510023
1295965950 0.367991 -0.0554804 0 0.00156971 0.000114396 0.0138568 -0.000948636
1295965950 0.369755 -0.00791487 0 -0.000370686 -0.000107159 -0.0580295 0.00266852
1295965951 0.307952 -0.060751 0 -0.000958446 0.000462444 -0.171444 -0.0118773
1295965951 0.223195 -0.128581 0 -0.0015159 -0.000867383 -0.159844 -0.0386898
1295965952 0.225313 -0.244525 0 -0.000449518 -0.00203825 -0.0965157 -0.0376091
1295965952 0.230297 -0.288682 0 0.000374638 0.000396257 0.00606034 0.00270578
1295965953 0.245329 -0.313002 0 5.34667e-05 -0.000580869 -0.0455036 -0.0215319
1295965953 0.129427 -0.246711 0 0.00120675 0.000575181 -0.108506 -0.0635962
1295965954 0.067241 -0.257806 0 -0.000379811 -0.000773194 -0.103701 -0.0802554
1295965954 -0.00037917 -0.271966 0 -0.000886522 -0.000430003 -0.0913664 -0.092054
1295965955 -0.0788511 -0.327823 0 -0.0010965 -0.00192241 -0.0473693 -0.0586893
1295965956 -0.20851 -0.71078 0 0.00242796 -0.000402484 0.00830843 0.0109696
1295965956 -0.100492 -0.357688 0 -0.00205458 -0.000168973 0.00606182 0.0078126
1295965957 -0.107 -0.354336 0 0.000647911 -0.000506101 -0.00343296 -0.00440334
1295965957 -0.120999 -0.374147 0 0.000563214 5.6247e-05 0.00754144 0.00960757
1295965958 -0.109812 -0.355305 0 0.00081411 -0.000296053 0.00711707 0.00884901
1295965958 -0.090926 -0.351083 0 -0.000447406 -0.00193414 0.0100756 0.0121842
1295965959 -0.064174 -0.380136 0 0.00153058 0.00238104 0.00738986 0.00869386
1295965959 -0.0647306 -0.281511 0 0.00157867 -0.000127277 -0.0590826 -0.0758097
1295965960 -0.114055 -0.236563 0 -0.0068724 -0.00127492 1.69687 -1.05197
1295965961 -0.245587 -0.272645 0 0.0011332 0.000329387 0.0653064 0.148299
1295965961 -0.391383 -0.19517 0 -0.000322961 0.000477727 0.0477657 0.206154
1295965962 -0.278786 -0.0599489 0 0.00157942 -0.000108802 0.00302338 0.027973
1295965962 -0.378568 -0.0673406 0 -0.00110602 0.000602246 0.000293036 0.00318647
1295965963 -0.36575 -0.0561394 0 -0.00114499 0.000794122 0.00128493 0.0155652
1295965963 -0.370189 -0.0468192 0 -0.00111581 0.000644457 -0.00094488 -0.0116507
1295965964 -0.395545 -0.00731494 0 0.00258243 -0.000878627 -0.000714497 -0.00795853
1295965964 -0.370075 -0.0217361 0 -0.000129627 -0.000236804 -0.00160537 -0.0156434
1295965965 -0.370724 -0.0154044 0 -0.000331025 0.000833233 -0.00135636 -0.0116323
1295965965 -0.321628 -0.0218616 0 -0.00167213 0.00161457 -0.00421947 -0.0305006
1295965966 -0.277018 -0.0708894 0 -0.000119211 0.00124382 -0.0353745 -0.150916
1295965967 -0.260015 -0.155687 0 0.00107987 0.00278849 -0.0459958 -0.118126
1295965967 -0.260773 -0.21485 0 0.00137672 -0.0016174 -0.00838561 -0.0176379
1295965968 -0.258002 -0.269125 0 0.00585671 -0.00946861 -1.74613 0.969437
1295965968 -0.113891 -0.24111 0 -0.00100724 -0.000950452 0.0897225 0.121735
1295965969 -0.0781342 -0.31692 0 -0.0023893 -0.000301242 0.0187205 0.02114
1295965969 -0.0983122 -0.3542 0 0.00103214 -0.000383443 -0.0243544 -0.02774
1295965970 -0.111877 -0.3785 0 -0.00142189 -0.000729031 0.00691148 0.00807953
1295965970 -0.0979274 -0.336109 0 0.00351832 0.00174104 0.0105453 0.0120034
1295965971 -0.0246091 -0.286871 0 -0.00113249 -0.00097394 0.110859 0.106448
1295965971 0.0798853 -0.242688 0 0.000966246 -0.000796612 0.165139 0.110256
1295965972 0.165932 -0.194006 0 -0.000235421 -0.00168196 0.177194 0.0734914
1295965972 0.250138 -0.143238 0 -0.0012145 0.000121612 0.126362 0.0298831
1295965973 0.358343 -0.140883 0 0.000237021 0.00187135 0.0243914 0.00382061
1295965973 0.34645 -0.138218 0 -0.00106803 -0.000155537 0.0141052 0.00192365
1295965974 0.348796 -0.118577 0 0.00142521 -0.00241063 0.0609754 0.00594986
1295965974 0.333649 -0.0878611 0 0.00238627 0.00327083 0.0217751 0.00123457
1295965975 0.359546 -0.0762515 0 -0.0012631 0.00125389 0.0143244 0.000558076
1295965975 0.359366 -0.0726312 0 4.38899e-05 -0.00143889 0.0109509 0.000270516
1295965976 0.368736 -0.0897364 0 -0.000822868 2.15856e-05 0.0151846 0.000190726
1295965976 0.366128 -0.0503505 0 0.000729717 0.00190376 0.0441689 -0.0007617
1295965977 0.400285 -0.023766 0 -0.00062447 -0.00114763 0.0194373 -0.00095925
1295965977 0.385107 -0.0173928 0 0.000691146 0.00153965 0.0115051 -0.000741991
1295965978 0.356262 -0.0121064 0 0.00161334 0.00135667 -0.00522725 0.00034968
1295965978 0.340125 -0.0468588 0 -0.000626773 0.0022897 -0.121293 0.000555715
1295965979 0.282325 -0.10812 0 0.000664842 -0.00132501 -0.0522729 -0.00432087
1295965980 0.498302 -0.202324 0 -0.00133443 0.000584328 0.0227484 0.00222609
1295965980 0.271523 -0.0768543 0 0.00151316 -9.0512e-06 0.0181585 0.00138548
1295965981 0.23774 -0.0314238 0 0.000716571 0.00283387 0.00866831 0.000540974
1295965981 0.0503906 -0.00594763 0 0.000699436 0.000862875 0.00103155 5.24341e-05
1295965982 3.62384e-05 -4.01765e-06 0 0.000130172 0.000315523 -0.000206686 -1.41044e-05
1295965982 1.76929e-06 -2.39644e-07 0 0.000167557 -0.000247622 1.67506e-05 4.03281e-07
1295965983 -1.64253e-08 -1.64253e-08 0 8.1425e-06 0.000181388 -1.44393e-06 -7.55871e-07
1295965983 -1.44751e-08 -1.4475e-08 0 0.000189714 -0.000139681 3.79702e-07 -1.13272e-06
1295965984 1.14464e-08 1.14465e-08 0 0.000316992 -0.000220144 6.44091e-07 -2.05656e-06
1295965984 -0.000181408 0.000209514 0 0.000538661 0.000227542 -0.0297845 -0.00218227
1295965985 0.0103404 -0.00298778 0 -0.00126931 -0.00391228 0.00617259 0.000541056
1295965985 0.12792 -0.0253116 0 0.000309141 0.00227837 -0.0347637 -0.00346206
1295965986 0.141813 -0.0462458 0 -0.000114335 -8.71503e-05 -0.0690663 -0.0105478
1295965986 0.134081 -0.0528013 0 0.00014438 -0.000285775 -0.000829695 -0.000157762
1295965987 0.106897 -0.0488703 0 0.00111765 0.00164107 -0.0538936 -0.0117796
1295965987 0.0570156 -0.0334941 0 5.1623e-05 0.000917578 -0.0521921 -0.0144262
1295965988 0.0871849 -0.0581771 0 -0.00112666 -0.00155579 -0.00549418 -0.00168112
1295965988 0.121078 -0.0827981 0 -0.000553254 -0.00144012 0.0040178 0.00125146
1295965989 0.127322 -0.0805891 0 0.00148697 -0.000377078 0.0284929 0.00828447
1295965989 0.125052 -0.0692765 0 -0.000307105 0.00047419 0.0354624 0.00906693
1295965990 0.126524 -0.0526438 0 0.00038438 -0.000646097 0.0904165 0.0170036
1295965990 0.0826755 -0.020555 0 0.000315753 -0.000933737 0.046199 0.00541008
1295965991 0.139176 -0.0260209 0 -0.000814335 0.000778101 0.00655193 0.000599869
1295965992 0.14425 -0.0248441 0 -0.000105313 -0.000166595 0.00499837 0.000423301
1295965992 0.148454 -0.0238404 0 -0.000173593 0.000324933 0.00602955 0.000477396
1295965993 0.157638 -0.0308328 0 0.00102601 0.00220114 -0.0619232 -0.00665664
1295965993 0.123959 -0.0414749 0 -0.00104086 -0.00148677 -0.095546 -0.018033
1295965994 0.117297 -0.0549482 0 -0.001126 -0.00189289 0.00432562 0.00103655
1295965994 0.151335 -0.0719392 0 0.000627131 0.001653 0.00540735 0.00125012
1295965995 0.168454 -0.0793633 0 0.000850529 0.000112352 0.00431058 0.000970241
1295965995 0.161759 -0.0730546 0 -0.00092189 -0.000525619 0.00298676 0.00067444
1295965996 0.153133 -0.0650216 0 0.00131037 0.000501076 0.00343103 0.000740855
1295965996 0.17761 -0.0673295 0 0.000857016 0.00149842 0.00470955 0.001002
1295965997 0.0869131 -0.0372463 0 -0.00133156 -0.00112914 0.00238558 0.000519511
1295965997 0.0615282 -0.0271534 0 0.00119133 0.000988196 0.00115477 0.000228362
1295965998 0.0542828 -0.0289719 0 0.000292653 -0.000539381 -0.0645345 -0.0157334
1295965998 0.0889395 -0.0538686 0 -0.000875424 -0.00271909 -0.010078 -0.00286131
1295965999 0.140978 -0.0886794 0 0.00048178 0.000921686 0.00322816 0.000927777
1295965999 0.143798 -0.0888821 0 -0.000532875 -0.000558903 0.00674583 0.00191539
1295966000 0.178963 -0.105723 0 0.0005643 0.000686748 0.0124482 0.00338573
1295966000 0.207223 -0.115086 0 0.000508951 0.000245254 0.0107738 0.00279099
1295966001 0.169661 -0.0979872 0 0.000214694 0.000793906 -0.022925 -0.00610787
1295966001 0.153458 -0.101565 0 -0.000129075 0.00152515 -0.0493162 -0.0151446
1295966002 0.144081 -0.108813 0 -0.000647429 -0.0001774 -0.0049464 -0.00166639
1295966002 0.125418 -0.11552 0 -5.41311e-05 0.000564531 -0.0863286 -0.0340178
1295966003 0.0987466 -0.125086 0 -0.000447503 0.000409809 -0.0623575 -0.0306212
1295966003 0.0126209 -0.147349 0 -0.00426264 0.00176325 -0.087038 -0.0523904
1295966004 -0.0876225 -0.143853 0 0.00314586 -0.00227028 0.0506476 0.0319467
1295966004 0.0469453 -0.124718 0 0.000987574 -0.00306089 0.0308181 0.0174476
1295966005 0.138833 -0.20035 0 -0.00124205 -0.000484723 0.0130213 0.00696107
1295966005 0.180746 -0.175923 0 0.00212034 0.00127198 0.130723 0.0570197
1295966006 0.0224607 -0.0267792 0 0.000612581 0.00320097 0.161822 0.0423987
1295966006 -0.172364 0.0524788 0 -0.0010123 -0.00350731 0.00441147 0.000776822
1295966007 -0.0926875 0.0326299 0 0.000143029 -0.000999535 -0.00491089 -0.00084769
1295966007 0.00103628 -0.000373332 0 3.99378e-05 -0.000381609 -0.000211403 -3.7752e-05
1295966008 2.69138e-06 -1.02765e-06 0 9.55176e-05 0.000104693 -1.11375e-06 -1.07484e-06
1295966008 5.47402e-07 -2.39853e-07 0 0.00014681 0.000253435 -7.58329e-05 -1.45956e-05
1295966009 -1.17083e-08 -1.17083e-08 0 -0.000424893 -0.000115586 1.52698e-06 4.5782e-06
1295966009 -1.23347e-08 -1.23346e-08 0 5.69241e-05 -0.000224541 2.15655e-06 -4.24878e-07
1295966010 6.20671e-09 6.20679e-09 0 -0.000448321 -0.000143021 1.61985e-06 4.59065e-06
1295966010 2.91475e-06 -1.03668e-06 0 -0.000117918 -0.000178738 2.5407e-06 1.34822e-06
1295966011 -1.7479e-08 -1.7479e-08 0 -0.000223466 2.50454e-05 -1.851e-07 2.1311e-06
1295966011 -7.56483e-09 -7.56484e-09 0 -0.000201692 -5.24702e-05 5.19089e-07 1.89268e-06
1295966012 -8.32872e-09 -8.32873e-09 0 -6.07697e-05 0.000197558 -1.77444e-06 5.15621e-07
1295966012 -2.98355e-08 -2.98355e-08 0 0.000175965 -7.23545e-05 6.05189e-07 -1.61237e-06
1295966013 -3.52998e-08 -3.52998e-08 0 -1.22765e-05 -0.000371831 3.44468e-06 1.51262e-07
1295966013 -8.53409e-09 -8.53409e-09 0 1.0719e-05 -5.71666e-05 5.36665e-07 -1.05376e-07
