1295965766 -0.963835 0.190251 0.18662 1.93156e-05 -0.000567386 -0.000582221 1
1295965767 -0.387577 -0.38715 0.76501 0.578249 -0.576359 0.577441 -2.07168e-06
1295965767 -0.282233 0.475525 0.270344 0.577432 -0.576185 0.57843 -0.00101606
1295965768 -0.751476 1.35801 0.302498 0.577099 -0.576099 0.578847 -0.00163407
1295965768 -0.100185 1.08162 -0.404206 0.577068 -0.5761 0.578877 -0.00164879
1295965769 0.550637 1.43047 0.270132 0.577215 -0.574401 0.580419 -0.0002473
1295965769 -0.0623535 2.19559 0.467195 0.577983 -0.574309 0.579745 -0.000175885
1295965770 -0.618342 2.87109 0.951533 0.578507 -0.573538 0.579986 -0.000463815
1295965770 -1.2794 3.1608 1.64368 0.577897 -0.574139 0.579998 0.00102457
1295965771 -0.889013 3.32874 2.54888 0.577899 -0.575816 0.578332 0.000688471
1295965772 -0.643675 2.42923 2.91041 0.577814 -0.576112 0.578123 0.000915566
1295965772 -0.654474 1.85304 3.72765 0.135648 0.478019 0.339773 0.798531
1295965773 0.114801 2.45157 3.95119 0.135458 0.47796 0.340779 0.79817
1295965773 0.229191 2.26553 4.92705 0.14787 0.499894 0.336728 0.784127
1295965774 0.830651 1.91455 5.64472 0.10845 0.555906 0.24885 0.785672
1295965774 1.66872 2.01968 6.18006 0.333464 0.239338 -0.213988 0.886413
1295965775 1.7901 2.42474 5.27386 0.351494 0.208178 -0.155401 0.899425
1295965776 2.67239 2.43075 5.74452 0.869919 -0.145647 0.167867 0.440282
1295965776 2.4575 3.25675 6.26562 0.871736 -0.144047 0.160426 0.439989
1295965777 2.40009 3.97436 6.9597 0.881609 -0.11286 0.101761 0.446848
1295965777 2.33609 4.7914 7.53272 0.883471 -0.0976173 0.06733 0.453229
1295965778 2.30433 5.64036 8.06022 0.885665 -0.0799376 0.0353516 0.456024
1295965778 2.23684 6.47157 8.61207 0.885534 -0.0795747 0.0319008 0.456597
1295965779 2.17946 7.31997 9.1383 0.884878 -0.0774695 0.0250326 0.458654
1295965779 2.14746 8.1374 9.71343 0.885496 -0.0735575 0.0192886 0.458383
1295965780 2.19848 8.94984 10.2943 0.886481 -0.0692385 0.0104592 0.457437
1295965780 2.38957 9.77188 10.8307 0.885687 -0.0673837 0.0141374 0.45915
1295965781 2.42045 10.6068 11.3801 0.882989 -0.0284029 -0.0599464 0.464682
1295965781 2.57306 11.4206 11.941 0.88203 -0.0154169 -0.0820143 0.463744
1295965782 2.20332 12.3168 12.186 0.850969 0.0527086 -0.214138 0.476674
1295965782 2.40384 12.9588 12.9261 0.851814 0.0626253 -0.231264 0.465841
1295965783 2.91496 13.7318 13.3018 0.852937 0.0673027 -0.236339 0.460557
1295965783 3.04793 14.6876 13.564 0.850936 0.068006 -0.240938 0.461771
1295965784 2.54989 14.2806 12.7983 0.851069 0.0686778 -0.240946 0.461421
1295965784 2.73819 13.5123 13.41 0.851011 0.0686627 -0.240876 0.461567
1295965785 2.10244 12.7766 13.1761 0.852033 0.071345 -0.238553 0.46048
1295965785 1.48805 12.087 12.7928 0.852009 0.0712867 -0.238636 0.460492
1295965786 1.59308 12.9735 13.2435 0.852058 0.0714581 -0.238479 0.460454
1295965786 0.607969 13.1439 13.266 0.850984 0.0725052 -0.240676 0.461134
1295965787 0.244688 12.2488 13.0076 0.851201 0.0734387 -0.240482 0.460686
1295965787 0.457015 11.3539 12.6151 0.851551 0.0731217 -0.240421 0.460122
1295965788 1.34353 11.0149 12.3002 0.854282 0.0690029 -0.235614 0.458178
1295965788 0.586248 10.5188 11.8755 0.854077 0.0676527 -0.236988 0.458053
1295965789 0.505622 11.3239 12.4631 0.854121 0.0681101 -0.23646 0.458176
1295965789 -0.206485 10.7555 12.051 0.854552 0.072486 -0.234971 0.457466
1295965790 -0.737863 9.95404 11.7765 0.85449 0.0722291 -0.23522 0.457495
1295965790 -1.13871 9.10026 11.4443 0.854638 0.0727609 -0.234754 0.457373
1295965791 -1.92861 8.48716 11.4574 0.85468 0.0736613 -0.235164 0.45694
1295965792 -2.12097 9.41845 11.7668 0.8547 0.0738091 -0.234948 0.456989
1295965792 -2.31266 10.1847 12.3801 0.85465 0.0740307 -0.235064 0.456987
1295965792 -2.37609 10.7616 13.1944 0.854471 0.0734447 -0.235234 0.457329
1295965793 -1.87466 11.5483 13.5546 0.851619 0.0750526 -0.23726 0.461323
1295965794 -1.4238 12.3624 13.9205 0.85207 0.0739341 -0.237954 0.460313
1295965794 -1.04063 13.1757 14.3584 0.858416 0.0628844 -0.219678 0.459249
1295965795 -0.597754 13.947 14.8156 0.858806 0.0631764 -0.219768 0.458435
1295965795 -0.604053 14.7194 15.4507 0.85572 0.0667385 -0.221453 0.46287
1295965796 -0.310905 15.524 15.9671 0.862959 0.0544879 -0.194376 0.463196
1295965796 -0.184917 16.3539 16.5105 0.857903 0.06562 -0.214604 0.462215
1295965797 0.0504748 17.216 16.9593 0.854957 0.074888 -0.231322 0.458182
1295965797 0.300848 18.0597 17.4342 0.857619 0.0685167 -0.219374 0.460076
1295965798 0.471845 18.9228 17.9094 0.856394 0.0687295 -0.224098 0.46005
1295965798 0.755497 19.7804 18.3384 0.861696 0.060242 -0.206563 0.459546
1295965799 0.732909 20.6424 18.8449 0.867345 0.0434482 -0.175476 0.463716
1295965799 0.803192 21.471 19.4002 0.867115 0.0451152 -0.178668 0.462768
1295965800 0.94197 22.4139 19.7031 0.86623 0.0461911 -0.181368 0.463269
1295965800 0.0294965 22.0082 19.65 0.842984 0.0894981 -0.270143 0.456498
1295965801 0.336439 22.8455 20.1024 0.837083 0.0962936 -0.284545 0.457224
1295965801 0.761946 23.648 20.5207 0.837462 0.100708 -0.287227 0.453891
1295965802 1.022 24.5438 20.8812 0.837408 0.102645 -0.287189 0.453579
1295965802 1.4062 25.3809 21.2706 0.834272 0.104055 -0.292692 0.455516
1295965803 1.77305 26.2262 21.6591 0.833088 0.10683 -0.29519 0.455429
1295965803 2.05555 27.0815 22.0935 0.833864 0.110564 -0.301658 0.448831
1295965804 1.35754 26.4058 21.8562 0.832157 0.109665 -0.302632 0.451555
1295965804 1.2739 25.4153 21.7471 0.831844 0.109801 -0.302764 0.45201
1295965805 1.13341 26.36 21.4509 0.831764 0.109856 -0.302529 0.452302
1295965805 1.55352 27.1985 21.798 0.831777 0.110088 -0.302396 0.45231
1295965806 1.2293 26.2568 21.7083 -0.254743 0.891696 0.142122 0.3461
1295965806 1.25845 26.0785 20.7247 -0.360978 -0.350602 0.808574 0.304929
1295965807 1.82154 26.7038 20.1844 -0.360515 -0.341223 0.813776 0.302265
1295965807 2.44941 27.2226 19.6042 -0.35695 -0.342622 0.813755 0.304959
1295965808 3.00277 27.8245 19.0284 -0.396553 -0.359827 0.794865 0.285411
1295965808 3.6363 28.4238 18.539 -0.509209 -0.39728 0.728388 0.228749
1295965809 4.45577 28.9269 18.2645 -0.522704 -0.402463 0.717967 0.222099
1295965809 5.35416 29.3545 18.1642 -0.519026 -0.400351 0.721246 0.223908
1295965810 6.26125 29.7486 18.0166 -0.508616 -0.396081 0.728516 0.231719
1295965810 7.16707 30.1323 17.8368 -0.489162 -0.38851 0.741794 0.24397
1295965811 8.03633 30.5365 17.5523 -0.47686 -0.385349 0.748704 0.252099
1295965811 8.95795 30.8683 17.3509 -0.445738 -0.375272 0.766908 0.268963
1295965812 9.81071 31.2322 16.9762 -0.435884 -0.371305 0.771751 0.276655
1295965812 10.6795 31.6166 16.6641 -0.397383 -0.356639 0.792621 0.294359
1295965813 11.6332 31.8809 16.5204 -0.385327 -0.347643 0.801051 0.298302
1295965813 12.4179 32.2739 16.041 -0.382214 -0.347841 0.80178 0.300114
1295965814 13.1878 32.7166 15.5814 -0.374571 -0.340834 0.807676 0.301974
1295965814 14.0501 33.0452 15.1961 -0.368609 -0.335343 0.811615 0.304884
1295965815 14.8722 33.4313 14.7777 -0.362918 -0.331338 0.814343 0.308788
1295965816 15.6138 33.8258 14.235 -0.354699 -0.329137 0.817791 0.311568
1295965816 16.3226 34.2481 13.67 -0.353173 -0.329196 0.818538 0.311279
1295965817 17.0465 34.637 13.1002 -0.363715 -0.330446 0.81447 0.308474
1295965817 17.8262 35.0559 12.6348 -0.389694 -0.341748 0.802594 0.29528
1295965818 18.5115 35.5044 12.061 -0.468028 -0.370937 0.758509 0.260807
1295965818 19.1492 36.2621 11.9225 -0.586674 -0.385762 0.686144 0.190285
1295965819 18.3087 36.0107 11.4426 -0.592458 0.752941 -0.230538 0.170078
1295965820 18.6446 35.4524 10.6839 -0.606295 0.745301 -0.217128 0.172596
1295965820 18.0031 34.6975 10.5474 -0.478565 0.722173 -0.267089 0.422025
1295965821 17.2303 34.2636 11.0105 -0.459254 0.683471 -0.306149 0.477731
1295965821 16.3172 34.2892 11.4176 -0.455857 0.677715 -0.313629 0.484288
1295965822 15.4734 34.6094 11.8483 -0.460391 0.687557 -0.306129 0.470735
1295965822 14.5829 34.951 12.1489 -0.457705 0.699458 -0.302144 0.458229
1295965823 13.6711 34.8988 12.5561 -0.43826 0.66218 -0.331915 0.509194
1295965823 12.7067 34.8516 12.8162 -0.434513 0.655054 -0.336703 0.518395
1295965824 11.7639 34.9234 13.1419 -0.437107 0.660758 -0.335359 0.509776
1295965824 10.8063 34.9307 13.4299 -0.440701 0.667264 -0.330035 0.501616
1295965825 9.85357 34.9599 13.7323 -0.441519 0.675188 -0.325488 0.493193
1295965825 8.90779 35.0274 14.05 -0.444848 0.678165 -0.323746 0.487228
1295965826 7.9791 34.9834 14.4182 -0.444698 0.683546 -0.326036 0.478236
1295965826 7.09068 35.0123 14.8764 -0.448625 0.689469 -0.32315 0.467913
1295965827 6.40392 35.673 14.5734 -0.445773 0.704163 -0.297465 0.465784
1295965827 5.61487 36.2312 14.8299 -0.434637 0.68619 -0.302569 0.498685
1295965828 4.81413 36.7894 15.0473 -0.432524 0.691253 -0.293736 0.49881
1295965828 4.02242 37.3588 15.2685 -0.433598 0.701211 -0.2815 0.490972
1295965829 3.23508 37.9211 15.5212 -0.430745 0.711623 -0.272565 0.483488
1295965829 2.30465 37.8058 15.8691 -0.431017 0.715264 -0.271435 0.478482
1295965830 1.40415 37.8515 16.3015 -0.43427 0.721589 -0.266886 0.468499
1295965830 0.474999 37.7363 16.6528 -0.433823 0.719358 -0.266653 0.472459
1295965831 -0.412038 37.7202 17.1143 -0.434361 0.721128 -0.266204 0.469512
1295965831 -1.30074 37.7332 17.5725 -0.437079 0.72674 -0.260355 0.461547
1295965832 -2.18709 37.6763 18.0321 -0.439573 0.730768 -0.257962 0.454102
1295965832 -3.04255 37.6491 18.5492 -0.442057 0.737873 -0.255015 0.441697
1295965833 -3.85977 37.4249 19.0802 -0.4368 0.719047 -0.270852 0.467778
1295965833 -4.76859 37.3338 19.4873 -0.430834 0.705232 -0.281963 0.487367
1295965834 -5.68143 37.3497 19.8953 -0.430813 0.709133 -0.277906 0.484044
1295965834 -6.39677 37.4345 20.5889 -0.427617 0.694298 -0.298729 0.495837
1295965835 -7.38508 37.2981 20.5206 -0.391231 0.642399 -0.327934 0.571595
1295965835 -8.38169 37.3328 20.5952 -0.361387 0.57598 -0.356205 0.640909
1295965836 -9.3467 37.2389 20.8401 -0.343179 0.50972 -0.386718 0.68765
1295965836 -10.306 37.1007 20.5939 -0.302549 0.430446 -0.419759 0.739583
1295965837 -10.0546 36.5351 19.8085 -0.217394 0.3327 -0.444488 0.802796
1295965837 -10.0445 35.7971 19.1338 -0.153089 0.228231 -0.475641 0.835607
1295965838 -10.6112 35.7508 18.3111 -0.154974 0.231302 -0.473972 0.835364
1295965838 -11.1385 35.791 17.4624 -0.15642 0.236544 -0.470355 0.835671
1295965839 -11.5392 35.562 16.5753 -0.156895 0.236056 -0.472008 0.834787
1295965839 -12.1094 35.3557 15.7801 -0.160289 0.237698 -0.471073 0.834204
1295965840 -12.4476 34.9452 14.9333 -0.158625 0.234894 -0.472404 0.834564
1295965841 -13.0024 34.9665 14.1016 -0.161973 0.241898 -0.470199 0.833165
1295965841 -13.5181 35.2673 13.2993 -0.123352 0.17255 -0.470284 0.856647
1295965842 -13.922 35.1535 12.3916 -0.0898459 0.113616 -0.478143 0.866256
1295965842 -14.2747 35.0607 11.4605 -0.0946981 0.119365 -0.477136 0.865521
1295965843 -14.728 34.9833 10.5725 -0.101916 0.130204 -0.475327 0.864132
1295965843 -15.1056 34.971 9.64661 -0.104771 0.134572 -0.474356 0.863655
1295965844 -15.7055 34.9994 8.84708 -0.0694618 0.0594602 -0.485226 0.869595
1295965844 -16.3476 35.1899 8.1045 -0.0439699 -0.0268841 -0.48725 0.871741
1295965845 -15.7471 34.3971 8.20797 0.0162709 -0.142959 -0.491473 0.858925
1295965845 -15.6575 34.0418 9.13846 0.0631997 -0.22523 -0.484279 0.843061
1295965846 -15.1701 33.1948 9.35063 0.177198 -0.413066 -0.457854 0.767038
1295965846 -15.3995 34.0527 8.89083 0.185145 -0.429549 -0.454976 0.757764
1295965847 -14.5657 34.0287 8.33937 0.184724 -0.42647 -0.45621 0.758863
1295965847 -13.8405 33.7342 7.71699 0.201775 -0.459661 -0.444839 0.741699
1295965848 -13.7176 34.4843 7.06714 0.22207 -0.49045 -0.434403 0.722106
1295965848 -12.7858 34.379 6.71989 0.259371 -0.546105 -0.414501 0.68021
1295965849 -11.9364 34.6568 6.27108 0.226205 -0.496326 -0.436836 0.715309
1295965849 -11.0891 34.8187 5.76521 0.210775 -0.475308 -0.444004 0.729737
1295965850 -10.2621 34.9898 5.22966 0.204917 -0.466316 -0.446238 0.73582
1295965850 -9.4829 35.1082 4.61422 0.200762 -0.457643 -0.447434 0.741661
1295965851 -8.53606 34.9953 4.31298 0.200687 -0.452785 -0.451832 0.741996
1295965851 -7.66182 34.9311 3.83175 0.200041 -0.4506 -0.45298 0.7428
1295965852 -6.80185 34.8675 3.32539 0.179853 -0.418736 -0.462281 0.760664
1295965852 -6.00304 34.8434 2.72429 0.158329 -0.382452 -0.472067 0.778341
1295965853 -5.23796 34.6968 2.09725 0.156745 -0.377543 -0.472249 0.780943
1295965853 -4.41356 34.5249 1.55799 0.156215 -0.374069 -0.47411 0.781594
1295965854 -3.66537 34.4344 0.900707 0.150917 -0.364662 -0.477645 0.784921
1295965854 -2.91925 34.2714 0.255142 0.146752 -0.355838 -0.479743 0.788473
1295965855 -2.24185 34.2167 -0.478436 0.122631 -0.319763 -0.487358 0.803241
1295965855 -2.25378 34.5399 -1.42469 0.0945827 -0.28359 -0.491384 0.81803
1295965856 -1.78576 34.3298 -2.28305 0.085532 -0.274994 -0.492546 0.821255
1295965856 -1.31099 34.1823 -3.15072 0.0745263 -0.256307 -0.495345 0.826672
1295965857 -0.749546 34.158 -3.97788 0.0486013 -0.210114 -0.503387 0.836715
1295965857 -0.244973 34.1522 -4.84123 0.029168 -0.16148 -0.508347 0.845373
1295965858 -0.28058 34.2615 -5.8346 0.0162585 -0.162045 -0.506423 0.846766
1295965858 0.171424 34.1094 -6.71355 0.0159335 -0.159969 -0.507185 0.846711
1295965859 0.453829 34.0265 -7.66925 0.0140995 -0.158432 -0.505909 0.847795
1295965859 0.692423 33.9429 -8.63676 0.0130435 -0.152977 -0.504382 0.849722
1295965860 0.913002 33.7662 -9.596 0.00948795 -0.147677 -0.50346 0.851252
1295965860 1.18323 33.6151 -10.5469 0.00850508 -0.14382 -0.50401 0.851597
1295965861 1.46088 33.4864 -11.4989 0.019763 -0.160458 -0.502455 0.849354
1295965861 1.59375 33.2791 -12.4681 0.0403846 -0.214721 -0.500498 0.837715
1295965862 1.0788 33.4246 -11.6233 0.101159 -0.294288 -0.489007 0.814883
1295965863 1.84617 33.2161 -12.2297 0.165641 -0.380754 -0.472099 0.777632
1295965863 1.10215 32.9495 -11.617 0.223633 -0.380467 -0.414276 0.795996
1295965864 2.04591 32.6552 -11.4664 0.313259 -0.495311 -0.379132 0.716097
1295965865 2.74274 31.9382 -11.446 0.363493 -0.608297 -0.311993 0.632857
1295965865 3.72649 31.9833 -11.6198 0.390042 -0.673638 -0.265777 0.568719
1295965866 4.713 32.147 -11.6182 0.410111 -0.716348 -0.232598 0.514346
1295965866 5.66355 32.2303 -11.319 -0.427548 0.757366 0.195235 -0.453302
1295965867 6.56301 32.3185 -10.891 -0.429486 0.763802 0.18884 -0.443269
1295965867 5.82258 32.2819 -11.5622 -0.437842 0.752345 0.204196 -0.447856
1295965868 5.03825 32.1084 -12.1577 0.409411 -0.685642 -0.258885 0.543375
1295965868 6.03801 32.1079 -12.136 0.396967 -0.668492 -0.2696 0.5682
1295965869 7.0075 32.1417 -11.8932 0.396926 -0.667042 -0.269353 0.570047
1295965869 7.98552 32.2657 -11.7256 0.393805 -0.663542 -0.27207 0.574985
1295965870 8.96802 32.2929 -11.5414 0.412116 -0.693131 -0.248409 0.536677
1295965870 9.92496 32.2398 -11.256 -0.432331 0.76484 0.189395 -0.438451
1295965871 10.7588 32.2729 -10.7049 -0.434198 0.766353 0.188227 -0.434449
1295965872 11.6171 32.375 -10.202 -0.427341 0.753873 0.200274 -0.457105
1295965872 12.2658 32.7094 -9.51844 -0.281962 0.793798 0.38947 -0.372417
1295965873 12.7677 31.943 -9.1176 -0.286149 0.871046 0.33822 -0.212142
1295965873 13.3677 31.3429 -8.58857 -0.319253 0.896335 0.289307 -0.104705
1295965874 13.8585 30.797 -7.90956 -0.305711 0.903237 0.282138 -0.105361
1295965874 13.9326 30.5328 -6.94792 -0.337115 0.896472 0.287512 -0.00534926
1295965875 13.5727 29.5998 -6.93952 -0.395495 0.890808 0.177899 0.135635
1295965875 13.6759 29.8314 -5.97218 -0.384872 0.895969 0.184614 0.122598
1295965876 13.6615 29.3802 -5.07989 -0.385364 0.895905 0.184102 0.122295
1295965876 13.5973 29.2821 -4.08677 -0.405146 0.873595 0.148633 0.224936
1295965877 13.2379 29.0218 -3.19062 -0.415122 0.842128 0.103706 0.328238
1295965877 12.8583 28.4268 -2.4822 -0.430236 0.793103 0.0469231 0.428582
1295965878 12.2092 28.0028 -1.85063 -0.430198 0.788876 0.0426144 0.436793
1295965878 11.5782 27.5213 -1.24231 -0.431075 0.79068 0.0446 0.432448
1295965879 10.9447 27.0986 -0.594294 -0.429313 0.795617 0.0479572 0.424717
1295965879 10.4077 26.6767 0.136251 -0.418723 0.835976 0.0884668 0.343495
1295965880 9.81426 25.8827 0.00435372 -0.409907 0.858762 0.116532 0.284471
1295965880 9.17164 25.3111 0.514502 -0.391997 0.881084 0.146076 0.220662
1295965881 8.85698 24.9214 1.38004 -0.390579 0.884694 0.15455 0.202185
1295965881 8.51731 24.4166 2.17359 -0.392435 0.884045 0.158335 0.19847
1295965882 8.26263 24.0332 3.06138 -0.390316 0.886013 0.163079 0.189839
1295965882 8.04748 23.6097 3.94134 -0.39812 0.87538 0.143073 0.233966
1295965883 7.78776 23.2583 4.84084 -0.410405 0.855928 0.120216 0.290694
1295965883 7.51188 22.7115 5.63132 -0.411034 0.857775 0.119587 0.284556
1295965884 7.22605 22.9809 6.55094 -0.405058 0.862122 0.131003 0.274794
1295965884 6.9543 23.1853 7.49135 -0.408503 0.849336 0.12679 0.309317
1295965885 6.72933 23.5299 8.40274 -0.405152 0.852891 0.143994 0.296133
1295965885 6.37865 23.0616 9.21373 -0.402615 0.856876 0.147793 0.286045
1295965886 6.02644 22.5285 9.98302 -0.401275 0.858062 0.145937 0.285326
1295965886 5.6779 22.0693 10.8001 -0.400408 0.859911 0.147712 0.280016
1295965887 5.25469 21.6049 11.5781 -0.402299 0.859628 0.153994 0.274739
1295965887 4.89117 21.1492 12.3906 -0.41218 0.845114 0.141311 0.309712
1295965888 4.50442 20.6658 13.1759 -0.411526 0.844054 0.137187 0.315277
1295965888 4.1081 20.16 13.9422 -0.410266 0.845982 0.137523 0.311582
1295965889 3.68348 19.5332 14.5955 -0.410977 0.845974 0.137674 0.310597
1295965889 3.32417 19.0527 15.3955 -0.409796 0.84728 0.142066 0.306596
1295965890 3.19049 18.8669 16.3689 -0.405393 0.854913 0.149223 0.28725
1295965890 2.90218 18.4179 17.2146 -0.404401 0.858124 0.153981 0.276355
1295965891 2.24302 17.9539 17.8065 -0.403566 0.84932 0.154798 0.30303
1295965892 1.42844 17.5193 18.1907 -0.429059 0.764574 0.105538 0.469251
1295965892 0.781875 17.069 18.8064 -0.436363 0.692533 0.0553889 0.571767
1295965893 0.153579 16.37 19.148 -0.440052 0.675525 0.0383279 0.590382
1295965893 -0.601182 15.8213 19.5075 -0.442142 0.670538 0.0407007 0.594334
1295965894 -1.49669 15.4077 19.6718 -0.43516 0.593428 0.00118654 0.677109
1295965894 -0.625957 15.8265 19.414 -0.438248 0.515943 -0.0256497 0.735584
1295965895 -1.4553 15.268 19.4297 -0.439115 0.510678 -0.0254818 0.73874
1295965895 -2.2567 14.6746 19.3541 -0.436064 0.448464 -0.0516174 0.778501
1295965896 -1.30991 14.9828 19.4472 -0.429828 0.354037 -0.0884181 0.825886
1295965896 -1.16548 14.544 18.5602 -0.4071 0.2772 -0.128563 0.860757
1295965897 -1.748 13.8712 18.1041 -0.404383 0.261782 -0.134364 0.865962
1295965897 -2.35789 13.2415 17.623 -0.406577 0.26749 -0.130698 0.863749
1295965898 -2.95335 12.5912 17.1513 -0.409891 0.273924 -0.127114 0.860696
1295965898 -3.67622 12.0033 16.7881 -0.413864 0.302891 -0.113971 0.850872
1295965899 -4.41101 11.329 16.8616 -0.428552 0.359182 -0.0862732 0.824553
1295965899 -5.12202 10.7026 16.542 -0.427812 0.372651 -0.0803867 0.81954
1295965900 -5.74058 10.0206 16.1519 -0.426823 0.374026 -0.0804262 0.819425
1295965900 -6.56635 9.60205 15.7739 -0.407848 0.275349 -0.127524 0.861151
1295965901 -5.57227 9.56853 15.6704 -0.404287 0.202946 -0.136999 0.881247
1295965902 -4.60541 9.50218 15.4239 -0.337369 -0.039686 -0.2373 0.910108
1295965902 -3.80488 8.91941 15.2841 -0.296304 -0.169312 -0.28196 0.896681
1295965903 -3.66829 8.25812 14.5466 -0.295305 -0.17166 -0.282253 0.896471
1295965903 -3.52973 7.60247 13.8043 -0.297499 -0.166225 -0.280694 0.89726
1295965904 -3.22908 6.95097 13.1078 -0.28689 -0.192183 -0.287791 0.893273
1295965904 -3.44658 7.54319 13.8836 -0.249738 -0.296367 -0.31759 0.86541
1295965905 -3.08522 6.84193 13.2691 -0.246076 -0.309652 -0.319857 0.860961
1295965906 -3.02141 6.50778 12.3288 -0.254627 -0.285815 -0.312977 0.869207
1295965906 -2.78077 5.93411 11.5458 -0.258155 -0.278382 -0.310229 0.87156
1295965907 -2.55356 5.36818 10.7533 -0.262136 -0.270669 -0.307601 0.87373
1295965907 -2.24813 4.78273 10.0023 -0.261585 -0.263855 -0.304522 0.877052
1295965908 -2.09021 4.22369 9.18835 -0.264653 -0.254365 -0.302743 0.879548
1295965908 -1.97407 3.57908 8.43271 -0.268369 -0.24947 -0.299504 0.880931
1295965909 -1.70702 2.92341 7.72647 -0.268445 -0.247082 -0.299214 0.88168
1295965909 -1.41247 2.2686 7.03044 -0.269578 -0.244498 -0.298882 0.882166
1295965910 -1.1537 1.57215 6.36111 -0.244127 -0.315961 -0.315882 0.860691
1295965911 -0.721007 1.00834 5.65762 -0.243502 -0.315567 -0.315749 0.861062
1295965912 -1.25954 1.37503 4.89899 -0.281466 -0.140973 -0.251641 0.915194
1295965912 -1.07766 0.842743 4.07219 -0.298543 -0.0722928 -0.234923 0.922202
1295965913 -1.07863 0.355719 3.19881 -0.299346 -0.056727 -0.232794 0.92357
1295965913 -1.58905 -0.00361403 3.98006 -0.786926 -0.138462 -0.269287 0.537644
1295965914 -1.86951 -0.898954 4.32605 -0.796912 -0.117793 -0.237619 0.542765
1295965915 -2.37583 -1.73805 4.52494 -0.792336 -0.110382 -0.241884 0.549101
1295965916 -3.02064 -2.49466 4.41651 -0.804182 -0.108013 -0.225642 0.539175
1295965916 -3.5288 -3.2809 4.76807 -0.804619 -0.111919 -0.230841 0.535513
1295965917 -3.79806 -4.18067 5.11146 -0.803794 -0.116832 -0.236043 0.533432
1295965917 -4.34272 -5.01918 5.12725 -0.824331 -0.00785784 -0.233289 0.515745
1295965918 -4.82725 -5.76429 5.58555 -0.806107 -0.0513836 -0.299173 0.507983
1295965918 -5.29847 -6.57671 5.92895 -0.80717 -0.0497066 -0.297294 0.507565
1295965919 -4.96401 -7.35407 6.46173 -0.750833 -0.123691 -0.412348 0.500918
1295965919 -4.16245 -7.28727 7.05589 -0.714621 -0.184023 -0.442129 0.509876
1295965920 -4.73622 -8.10458 7.10874 0.661749 0.241201 0.521026 -0.482123
1295965920 -5.23448 -8.97117 7.08136 0.627626 0.27361 0.559322 -0.467314
1295965921 -5.90324 -9.68519 6.87414 0.578299 0.318305 0.607038 -0.442445
1295965921 -6.41266 -10.5376 6.7564 0.521354 0.360072 0.658408 -0.406248
1295965922 -6.83298 -11.4338 6.61462 0.523324 0.358902 0.657815 -0.40571
1295965922 -7.22318 -12.35 6.52312 0.525846 0.357103 0.655927 -0.407091
1295965923 -7.65969 -13.2278 6.32576 0.529324 0.354058 0.653006 -0.409929
1295965923 -8.08787 -14.0776 6.01826 0.535872 0.349843 0.647177 -0.414262
1295965924 -8.53747 -14.9571 5.86235 0.539727 0.348489 0.643192 -0.416598
1295965924 -8.98363 -15.8499 5.79987 0.541978 0.349209 0.63952 -0.418722
1295965925 -9.40144 -16.7317 5.58141 0.546643 0.345245 0.636362 -0.42075
1295965925 -9.84301 -17.6126 5.41093 0.548051 0.344276 0.633715 -0.423696
1295965926 -10.2886 -18.5035 5.32213 0.498688 0.375949 0.674861 -0.393111
1295965926 -10.7198 -19.3839 5.12501 0.458541 0.397979 0.702198 -0.371849
1295965927 -11.0774 -20.2559 4.79085 0.462417 0.395427 0.700787 -0.372433
1295965927 -11.5015 -21.1214 4.52426 0.43187 0.412992 0.718645 -0.355634
1295965928 -11.8663 -22.0226 4.29024 0.362825 0.444936 0.755884 -0.31469
1295965928 -12.1576 -22.9555 4.07832 0.470384 -0.486536 0.38863 0.625291
1295965929 -11.8907 -22.052 4.41369 0.439122 -0.532174 0.426945 0.584535
1295965929 -11.6733 -21.0768 4.3712 0.438338 -0.538207 0.424984 0.581018
1295965930 -11.3341 -20.1362 4.38549 0.431852 -0.538594 0.431939 0.580386
1295965930 -11.0717 -19.7356 5.26337 -0.360818 0.61124 -0.517203 -0.478223
1295965931 -10.6839 -19.307 6.07937 -0.304957 0.615086 -0.568703 -0.453041
1295965931 -10.0303 -18.9634 6.75368 0.231462 -0.609979 0.629771 0.421592
1295965932 -10.2341 -18.0376 6.43516 -0.155122 0.707859 -0.583462 -0.366668
1295965932 -10.4622 -17.0645 6.40446 -0.0182079 0.799704 -0.512367 -0.312445
1295965933 -9.8732 -16.2732 6.24015 0.0159648 0.828621 -0.508024 -0.234613
1295965933 -9.36022 -15.4251 6.37286 0.032753 0.841529 -0.501298 -0.198635
1295965934 -8.95077 -14.6002 6.7625 0.0305282 0.839508 -0.502837 -0.203592
1295965934 -8.38167 -13.843 7.08317 0.0220996 0.837852 -0.50198 -0.213383
1295965935 -7.89087 -13.041 7.42343 0.0143521 0.835086 -0.502351 -0.223762
1295965935 -7.72291 -12.3173 8.09284 0.0150542 0.833365 -0.506326 -0.221156
1295965936 -7.35534 -11.4514 8.43202 0.0305808 0.840001 -0.504131 -0.198278
1295965936 -6.97486 -10.6198 8.83663 0.0324783 0.839744 -0.504125 -0.199084
1295965937 -6.52519 -9.76136 9.08344 0.0657427 0.851589 -0.498771 -0.147316
1295965937 -6.18221 -8.9551 9.56541 0.0617567 0.851044 -0.497709 -0.155552
1295965938 -5.7468 -8.21231 10.074 0.054296 0.845809 -0.500989 -0.175126
1295965938 -5.40613 -7.39295 10.5351 0.052213 0.844505 -0.501952 -0.179246
1295965939 -4.97494 -6.59713 10.9602 0.0468492 0.841331 -0.503755 -0.190258
1295965939 -4.52724 -5.86612 11.4752 0.0414843 0.838165 -0.5072 -0.196234
1295965940 -3.94348 -5.38401 12.1285 0.0350431 0.823659 -0.524813 -0.211966
1295965940 -3.10646 -4.89896 11.8753 0.0147359 0.82263 -0.515721 -0.238944
1295965941 -2.79782 -4.09241 12.3795 0.0202286 0.821307 -0.519802 -0.234203
1295965942 -2.93904 -3.3944 13.0815 0.0468574 0.827315 -0.526829 -0.189224
1295965942 -2.57749 -2.56114 13.4998 0.0492711 0.823208 -0.529029 -0.200073
1295965943 -2.18428 -1.70652 13.839 0.0672461 0.829624 -0.527067 -0.17147
1295965943 -1.21423 -1.93719 13.7629 0.0153066 0.817725 -0.537717 -0.204819
1295965944 -0.902349 -1.16337 14.3142 0.015145 0.812387 -0.5419 -0.214808
1295965944 -0.430718 -0.342049 14.6352 0.00935242 0.808791 -0.541563 -0.229084
1295965945 0.130231 0.462547 14.83 -0.000317512 0.805073 -0.539673 -0.24619
1295965945 0.410177 1.4039 15.0184 -0.0160236 0.811189 -0.529758 -0.247126
1295965946 0.5912 2.23977 15.5366 -0.0149804 0.807565 -0.535817 -0.245997
1295965946 1.00121 2.89156 16.1746 0.036793 0.807621 -0.557724 -0.187987
1295965947 1.33798 3.82877 16.2653 0.0953096 0.835405 -0.537313 -0.0656425
1295965947 1.27309 4.78915 16.5363 0.178046 0.837876 -0.511813 0.0656543
1295965948 0.548138 5.45865 16.3744 0.258813 0.822269 -0.46585 0.199681
1295965948 0.436058 6.28923 16.9199 0.259794 0.820263 -0.468927 0.199458
1295965949 0.340984 7.16019 17.402 0.295423 0.802623 -0.450664 0.25578
1295965949 0.281792 7.99519 17.949 0.303927 0.79689 -0.444719 0.273531
1295965950 0.205907 8.79409 18.5457 0.297549 0.800695 -0.446697 0.266108
1295965950 0.21235 9.56643 19.1808 0.294106 0.802997 -0.449669 0.257867
1295965951 0.0973946 10.4101 19.7053 0.313749 0.789599 -0.435952 0.296717
1295965951 -0.083872 11.3122 20.097 0.729147 -0.347079 -0.408867 -0.425099
1295965952 0.236289 11.1716 19.1601 -0.802657 0.213447 0.182147 0.526313
1295965952 0.937899 11.3803 18.4788 -0.814043 0.173823 0.145376 0.534775
1295965953 0.744741 10.4815 18.8723 -0.810325 0.175485 0.158518 0.536144
1295965953 0.591246 9.56757 19.2479 -0.814454 0.15132 0.133671 0.543966
1295965954 1.15059 8.74476 19.1473 -0.821696 0.0774996 0.0118607 0.564507
1295965954 0.395148 8.14681 19.4152 -0.822018 0.0936311 0.0258617 0.561116
1295965955 1.1231 7.46997 19.5246 -0.817144 0.00902701 -0.0936791 0.568698
1295965956 1.87136 6.85868 19.7823 -0.801909 -0.0535358 -0.181833 0.56658
1295965956 1.82286 5.90222 20.0701 -0.799724 -0.0491804 -0.179116 0.570912
1295965957 1.63145 4.97459 20.3909 -0.80234 -0.0473089 -0.172478 0.569442
1295965957 1.59401 4.02979 20.7164 -0.800212 -0.0524211 -0.1809 0.569376
1295965958 1.24077 3.12602 20.9581 -0.801875 -0.0454186 -0.170843 0.570742
1295965958 0.897696 2.21269 21.1775 -0.802788 -0.0382206 -0.161898 0.57259
1295965959 0.514312 1.3361 21.4683 -0.808495 -0.0268736 -0.149504 0.568562
1295965959 0.307628 0.402165 21.7599 -0.807361 -0.0207231 -0.14105 0.572577
1295965960 0.577816 -0.509612 22.0692 -0.786309 -0.0801555 -0.21942 0.571969
1295965960 0.336821 -1.42765 22.3841 -0.758695 -0.144221 -0.303491 0.5581
1295965961 0.0701185 -2.38678 22.4786 -0.720356 -0.20336 -0.379625 0.543706
1295965962 0.575047 -1.56387 22.2181 0.629135 0.317285 0.529786 -0.472066
1295965962 0.130942 -2.39099 22.5626 0.610496 0.340389 0.547702 -0.45984
1295965963 -0.307634 -3.28967 22.5579 0.611476 0.340535 0.547883 -0.458212
1295965963 -0.656267 -4.21253 22.3942 0.602798 0.343684 0.557324 -0.455967
1295965964 -0.958242 -5.16485 22.3507 0.607444 0.330957 0.558338 -0.457972
1295965964 -1.42107 -6.03676 22.1908 0.612476 0.331795 0.552581 -0.457646
1295965965 -1.8259 -6.93422 22.0156 0.620682 0.323486 0.544121 -0.462648
1295965965 -2.18885 -7.86427 21.9584 0.620207 0.316608 0.549043 -0.462229
1295965966 -2.66321 -8.63606 21.535 0.64347 0.293106 0.523017 -0.475908
1295965967 -2.81117 -7.81612 20.982 -0.693925 -0.241933 -0.445497 0.511341
1295965967 -3.43804 -8.01929 20.2298 -0.75797 -0.167217 -0.329852 0.537325
1295965968 -3.95686 -8.86577 20.3494 -0.765331 -0.161615 -0.313375 0.538466
1295965968 -4.43607 -9.74087 20.4168 -0.787483 -0.112815 -0.245276 0.55406
1295965969 -5.30005 -9.69362 19.9155 -0.8163 -0.0185177 -0.105396 0.56763
1295965969 -5.66266 -10.5463 20.2916 -0.822151 -0.000196695 -0.0798844 0.563637
1295965970 -5.90956 -11.4538 20.6314 -0.818543 -0.0170521 -0.107722 0.563997
1295965970 -6.21027 -12.3316 21.0042 -0.822243 -0.015156 -0.0979424 0.560441
1295965971 -6.67497 -13.1269 21.3937 -0.823739 -0.00521838 -0.0776138 0.561607
1295965971 -6.23072 -14.0108 21.5397 -0.821857 0.0770877 -0.0150199 0.564254
1295965972 -5.78187 -14.8807 21.7441 -0.819835 0.168757 0.0462434 0.545209
1295965972 -6.33925 -14.0532 21.8119 -0.531575 0.459583 0.711165 0.0213524
1295965973 -5.49672 -14.5839 21.9042 -0.439558 0.457405 0.772307 -0.0333299
1295965973 -4.73254 -15.2097 21.7481 -0.423611 0.454916 0.782176 -0.042501
1295965974 -3.94855 -15.7913 21.5311 -0.41384 0.455716 0.786467 -0.0502959
1295965974 -3.13859 -16.3765 21.4921 -0.367103 0.454848 0.808105 -0.0729003
1295965975 -2.3824 -16.9957 21.2804 -0.351253 0.450755 0.816926 -0.0779363
1295965975 -1.55732 -17.5055 21.0368 -0.33897 0.447843 0.822994 -0.0849541
1295965976 -0.820011 -18.1322 20.7846 -0.329429 0.447633 0.826416 -0.0902062
1295965976 -0.0704402 -18.7476 20.5407 -0.318716 0.445854 0.830885 -0.0962566
1295965977 0.699642 -19.2863 20.1991 -0.285275 0.439678 0.844098 -0.11314
1295965977 1.3947 -19.8779 19.7906 -0.272686 0.437845 0.848042 -0.121488
1295965978 2.16668 -20.4005 19.4287 -0.259724 0.43705 0.851786 -0.126459
1295965978 2.81996 -21.0029 18.9701 -0.266044 0.436423 0.850783 -0.12216
1295965979 3.6929 -21.4904 18.9894 -0.268182 0.41099 0.859987 -0.139954
1295965980 4.4966 -21.9286 18.5868 -0.299149 0.417349 0.848864 -0.125533
1295965980 5.27189 -22.4236 18.1946 -0.278997 0.414188 0.85556 -0.136477
1295965981 5.95752 -22.998 17.7473 -0.268374 0.410797 0.859709 -0.14185
1295965981 6.67873 -23.5517 17.3312 -0.250154 0.403315 0.86795 -0.146364
1295965982 7.29144 -24.2791 17.022 -0.250025 0.398662 0.870197 -0.145991
1295965982 8.12358 -24.8211 16.9049 -0.247296 0.397742 0.871378 -0.146104
1295965983 7.79953 -25.3239 16.1035 -0.510875 0.405967 0.734344 -0.186913
1295965983 6.83196 -25.3322 15.8511 -0.510782 0.405969 0.734389 -0.186984
1295965984 7.80923 -25.5401 15.8925 -0.510812 0.405998 0.734299 -0.187196
1295965984 6.87736 -25.2756 16.1408 0.286223 0.570561 0.0790043 0.765699
1295965985 7.79472 -25.2248 15.746 0.101107 0.174054 0.943274 -0.26404
1295965985 7.73127 -25.4117 14.7656 0.110845 0.179265 0.940887 -0.265157
1295965986 7.39657 -25.759 13.8896 0.0792606 0.186377 0.943398 -0.262643
1295965986 7.1981 -26.0612 12.9573 0.0111121 0.20677 0.945414 -0.251624
1295965987 7.35817 -26.4483 12.0492 0.0116525 0.206722 0.945515 -0.251259
1295965987 7.48581 -26.6172 11.0719 -0.0322809 0.218493 0.945163 -0.240593
1295965988 6.70952 -26.702 10.4473 -0.0954953 0.245481 0.937006 -0.229433
1295965988 6.95443 -27.0305 9.53508 -0.0998143 0.248703 0.935972 -0.228342
1295965989 7.18122 -27.3822 8.62686 -0.0963854 0.250338 0.935367 -0.230498
1295965989 7.36074 -27.8733 7.77441 -0.0714784 0.243882 0.937964 -0.235873
1295965990 7.64616 -28.2573 6.89634 -0.0400397 0.235173 0.940004 -0.243892
1295965990 7.99489 -28.4602 5.98132 0.0416629 0.213975 0.940591 -0.260321
1295965991 7.8296 -28.02 6.86388 0.0828879 0.203458 0.937926 -0.268382
1295965991 7.86437 -28.4286 5.95182 0.0876615 0.200603 0.937669 -0.269911
1295965992 7.81189 -28.7965 5.02345 0.0919367 0.20024 0.937304 -0.270025
1295965993 7.71947 -29.2016 4.11385 0.0970278 0.198654 0.936811 -0.271123
1295965993 7.57827 -29.5704 3.19514 0.0422797 0.213116 0.941216 -0.258662
1295965994 7.62215 -29.8791 2.24498 -0.0383493 0.23933 0.940587 -0.237794
1295965994 7.74543 -30.2954 1.34419 -0.0339342 0.241131 0.939909 -0.239325
1295965995 7.98797 -30.6178 0.429178 -0.0268493 0.237397 0.940689 -0.240886
1295965995 8.30058 -31.0124 -0.434888 -0.0213379 0.235578 0.941366 -0.240577
1295965996 8.49274 -31.5007 -1.28615 -0.0188025 0.23342 0.94165 -0.241777
1295965996 8.72451 -31.8217 -2.20441 -0.0146764 0.231578 0.942148 -0.241897
1295965997 8.88026 -32.2471 -3.09594 -0.0101505 0.228828 0.942817 -0.24214
1295965997 8.99461 -32.7097 -3.97507 -0.00748131 0.230389 0.941996 -0.243945
1295965998 8.75531 -32.2457 -4.82796 -0.00426971 0.236441 0.939686 -0.247121
1295965998 9.03248 -32.4389 -5.76916 -0.0589533 0.253738 0.936961 -0.232906
1295965999 8.9912 -32.7641 -6.71391 -0.0671321 0.262886 0.934238 -0.231482
1295965999 9.3319 -33.1536 -7.56959 -0.063642 0.259578 0.934984 -0.233183
1295966000 9.59967 -33.7183 -8.35023 -0.0585223 0.256887 0.935859 -0.233993
1295966000 9.73301 -34.1023 -9.26387 -0.0479578 0.25471 0.936351 -0.236789
1295966001 9.94744 -34.5506 -10.1317 -0.0384858 0.251508 0.937322 -0.238097
1295966001 10.0271 -35.0214 -11.0103 -0.0641379 0.257757 0.935788 -0.231839
1295966002 10.3009 -35.3246 -11.9231 -0.105534 0.269045 0.931397 -0.221308
1295966002 10.5486 -35.766 -12.7855 -0.108784 0.270013 0.93092 -0.22056
1295966003 10.943 -35.9933 -13.6759 -0.179442 0.291355 0.918424 -0.198521
1295966003 11.5058 -36.244 -14.4636 -0.232556 0.305212 0.905633 -0.180533
1295966004 10.7172 -36.2058 -13.8498 -0.312595 0.323509 0.879787 -0.153629
1295966004 11.6593 -35.8938 -13.7268 -0.267795 0.319254 0.893343 -0.16823
1295966005 12.3118 -36.4186 -14.2733 -0.229028 0.317106 0.902948 -0.177973
1295966005 12.8245 -36.9012 -14.9835 -0.221124 0.313324 0.905471 -0.181811
1295966006 13.4907 -36.2494 -14.6213 -0.167774 0.292784 0.917251 -0.211612
1295966006 13.9174 -35.7464 -13.8696 0.0279945 0.226763 0.938879 -0.257492
1295966007 13.9081 -35.2712 -12.9898 0.0327164 0.233966 0.937243 -0.256448
1295966007 13.718 -34.7936 -12.132 0.0286176 0.24257 0.935786 -0.254253
1295966008 13.8247 -34.5331 -11.1724 0.0286774 0.242788 0.935726 -0.254262
1295966008 13.0052 -35.0257 -10.8795 0.0265274 0.242946 0.935816 -0.254011
1295966009 12.3582 -35.1283 -11.635 -0.495771 -0.321178 0.300778 0.748725
1295966009 11.4377 -34.7624 -11.4972 0.149018 -0.314518 0.856944 -0.380155
1295966010 10.7541 -34.6203 -10.7814 0.14879 -0.316706 0.856059 -0.380422
1295966010 10.9402 -35.4573 -10.2669 0.148881 -0.317113 0.856422 -0.379231
1295966011 10.2875 -34.8775 -10.7545 0.148532 -0.316692 0.856865 -0.378717
1295966011 10.0036 -34.236 -11.4671 0.148464 -0.316604 0.856925 -0.378681
1295966012 10.0341 -35.0827 -10.9359 0.148878 -0.316354 0.856825 -0.378954
1295966012 10.6231 -35.1072 -10.1282 0.148955 -0.316875 0.856299 -0.379678
1295966013 11.2348 -35.5579 -9.47807 0.14868 -0.316882 0.856423 -0.3795
1295966013 11.706 -36.1237 -8.80141 0.148579 -0.316666 0.85647 -0.379614
