1295965766 0 0 0 0 0 0 0
1295965769 0 0 0 0 0 0 0
1295965770 0 0 0 0 0 0 0
1295965771 0 0 0 0 0 0 0
1295965772 0 0 0 0 0 0 0
1295965773 -0.00162337 -0.00338568 0 0 0 0.28288 -0.0406316
1295965774 0.00880195 -0.00869143 0 0 0 0.395372 -0.223873
1295965774 0.000571028 -0.000212528 0 0 0 0.0210154 -0.0199294
1295965775 -0.0103236 0.0330765 0 0 0 0.137196 -0.166442
1295965776 -0.131013 0.253934 0 0 0 0.0379798 -0.062696
1295965777 -0.191945 0.249713 0 0 0 0.0348565 -0.0687109
1295965780 -0.546825 0.578968 0 0 0 0.00452241 -0.0099804
1295965781 -0.601906 0.406067 0 0 0 0.0683656 -0.216095
1295965783 -0.428244 0.0785542 0 0 0 0.00231121 -0.0122414
1295965784 0.00195309 -0.000109732 0 0 0 6.8246e-05 -0.000374644
1295965785 0 0 0 0 0 0 0
1295965787 0 0 0 0 0 0 0
1295965788 6.09435e-07 -3.31711e-08 0 0 0 1.74951e-07 -9.61454e-07
1295965789 0 0 0 0 0 0 0
1295965790 0 0 0 0 0 0 0
1295965790 0 0 0 0 0 0 0
1295965791 0 0 0 0 0 0 0
1295965793 -0.547179 0.122348 0 0 0 -0.00268018 0.0141499
1295965795 -0.418876 0.13387 0 0 0 -0.00321869 0.0156847
1295965796 -0.263019 0.133842 0 0 0 0.000259162 -0.00121719
1295965797 -0.220714 0.106822 0 0 0 -0.0043651 0.0195937
1295965799 -0.2417 0.143892 0 0 0 -0.0176912 0.0656465
1295965800 -0.239505 0.138463 0 0 0 0.0273648 -0.112047
1295965801 -0.361415 0.130794 0 0 0 0.00181296 -0.0101544
1295965801 -0.0407951 0.014358 0 0 0 -1.01414e-05 5.85353e-05
1295965803 -0.656651 0.208825 0 0 0 0.000622779 -0.00363377
1295965804 0.00040181 -0.00011942 0 0 0 -4.97905e-07 2.93765e-06
1295965805 0.000168637 -5.01137e-05 0 0 0 -5.64014e-07 3.32763e-06
1295965806 -0.132903 0.00430944 0 0 0 0.000405069 -0.00240769
1295965807 -0.550328 0.0465405 0 0 0 -0.0133706 0.0662172
1295965808 -0.500741 0.249828 0 0 0 -0.0548148 0.165294
1295965809 -0.40583 0.329591 0 0 0 0.00266021 -0.00622234
1295965810 -0.459106 0.330174 0 0 0 0.0154274 -0.0386458
1295965811 -0.45866 0.272823 0 0 0 0.0141286 -0.0402371
1295965812 -0.498717 0.235064 0 0 0 0.0127371 -0.0420057
1295965813 -0.478 0.213226 0 0 0 0.00187533 -0.00680426
1295965814 -0.53359 0.239217 0 0 0 0.000121284 -0.000446603
1295965816 -0.515865 0.224903 0 0 0 0.00136161 -0.00507108
1295965816 -0.430962 0.206388 0 0 0 -0.0143585 0.0489708
1295965817 -0.422374 0.363285 0 0 0 -0.0995796 0.216923
1295965819 -0.111095 0.53781 0 0 0 -0.244999 0.271619
1295965819 0.115216 0.477772 0 0 0 -0.0197148 0.0146986
1295965820 0.203244 0.489539 0 0 0 -0.0962813 0.0618635
1295965822 0.291678 0.551844 0 0 0 0.00213713 -0.00120972
1295965823 0.277047 0.395712 0 0 0 -0.0912724 0.0458161
1295965824 0.371373 0.422283 0 0 0 0.00202039 -0.000890744
1295965825 0.357416 0.412886 0 0 0 0.00516992 -0.00230364
1295965826 0.538277 0.679113 0 0 0 0.00150904 -0.000679031
1295965827 0.37372 0.390891 0 0 0 -0.0697981 0.0283635
1295965828 0.416014 0.3565 0 0 0 -0.00436722 0.0015743
1295965830 0.636954 0.531468 0 0 0 0.00500463 -0.00180599
1295965831 0.609514 0.516793 0 0 0 0.0076188 -0.00280735
1295965832 0.467774 0.387821 0 0 0 -0.0537776 0.0183413
1295965834 0.64809 0.414985 0 0 0 -0.064337 0.0175924
1295965835 0.768147 0.117602 0 0 0 -0.321016 0.023132
1295965836 0.472087 -0.191758 0 0 0 -0.211672 -0.0424332
1295965837 0.387369 -0.368819 0 0 0 -0.0995873 -0.0373952
1295965838 0.338788 -0.364315 0 0 0 0.00185385 0.000808857
1295965839 0.399635 -0.425269 0 0 0 0.00231856 0.00100534
1295965841 0.38629 -0.449926 0 0 0 -0.102687 -0.0515633
1295965841 0.207755 -0.465856 0 0 0 -0.0592236 -0.036945
1295965842 0.204053 -0.493774 0 0 0 0.00238339 0.00160004
1295965844 0.103633 -0.556897 0 0 0 -0.188105 -0.163202
1295965845 -0.18453 -0.44856 0 0 0 -0.161218 -0.243529
1295965846 -0.487603 -0.314072 0 0 0 -0.0808747 -0.259866
1295965847 -0.787146 -0.193255 0 0 0 -0.0136154 -0.162944
1295965848 -0.581302 0.0594949 0 0 -0 6.51344e-05 -0.0130315
1295965850 -0.747756 -0.00061599 0 0 0 -4.49276e-05 0.0180496
1295965851 -0.636321 -0.0103613 0 0 0 1.42901e-05 0.00190791
1295965852 -0.745514 -0.101249 0 0 0 0.00426571 0.0842074
1295965854 -0.778888 -0.155667 0 0 0 0.00183058 0.0179214
1295965855 -0.783818 -0.263365 0 0 0 0.0118892 0.0784182
1295965857 -0.617604 -0.307311 0 0 0 0.0309628 0.120151
1295965858 -0.157752 -0.116212 0 0 0 0.00167606 0.00510931
1295965859 -0.497005 -0.373219 0 0 0 0.00152214 0.00456153
1295965860 -0.429874 -0.317449 0 0 0 -0.00914409 -0.0285989
1295965862 -0.761944 -0.242182 0 0 -0 -0.0426316 -0.318722
1295965863 -0.698966 0.342734 0 0 0 0.0919308 -0.391192
1295965865 -0.26123 0.601075 0 0 0 0.16093 -0.245423
1295965866 0.0644263 0.661643 0 0 0 0.122587 -0.116184
1295965867 -0.0168027 0.551667 0 0 0 -0.186314 0.195513
1295965868 -0.174047 0.485245 0 0 0 -0.0104414 0.0147241
1295965869 -0.159839 0.448205 0 0 0 0.0224245 -0.0309554
1295965870 -0.00755082 0.565437 0 0 0 0.133173 -0.144547
1295965871 0.0518967 0.589983 0 0 0 -0.0057035 0.005122
1295965872 0.217864 0.452351 0 0 0 0.304429 -0.188936
1295965873 0.459206 0.285204 0 0 0 0.128485 -0.0408552
1295965875 0.793188 0.203157 0 0 0 0.158393 -0.0255766
1295965876 0.475473 0.0447588 0 -0 0 0.122182 -0.00227845
1295965876 0.432299 -0.149958 0 0 0 0.255701 0.0445881
1295965878 0.500572 -0.435789 0 0 0 0.0636797 0.0222772
1295965878 0.0283807 -0.0271636 0 0 0 -1.87462e-05 -7.27642e-06
1295965880 0.851384 -0.501222 0 0 0 -0.252192 -0.0617309
1295965881 0.828138 -0.140542 0 0 0 -0.0348903 -0.00323135
1295965883 0.719787 -0.232917 0 0 0 0.140451 0.0206341
1295965884 0.486279 -0.232251 0 0 0 0.0420771 0.0102329
1295965884 0.0590269 -0.0340025 0 0 0 0.0132164 0.00361603
1295965886 0.907763 -0.554217 0 0 0 -0.000839613 -0.00023552
1295965887 0.69261 -0.467127 0 0 0 0.0651752 0.0206793
1295965889 0.638028 -0.518952 0 0 0 0.000380081 0.00013515
1295965890 0.438779 -0.353896 0 0 0 -0.00451886 -0.00159566
1295965891 0.35614 -0.365613 0 0 0 0.183326 0.0859619
1295965892 0.110615 -0.399495 0 0 0 0.152022 0.111866
1295965893 0.0246575 -0.669701 0 0 0 0.10878 0.113737
1295965894 -0.184447 -0.479663 0 0 0 0.0708302 0.0984479
1295965894 -0.0127696 -0.0266838 0 0 0 0.000960029 0.00152417
1295965896 -0.746948 -0.663007 0 0 0 0.12858 0.310873
1295965897 -0.48248 -0.232671 0 0 0 -0.000468207 -0.002053
1295965898 -0.46761 -0.262193 0 0 0 -0.0223479 -0.0815234
1295965899 -0.430634 -0.324259 0 0 0 -0.00722754 -0.0217168
1295965899 -0.0686659 -0.0493917 0 0 0 0.010253 0.0313336
1295965900 -0.459673 -0.154228 0 0 0 0.0445064 0.282323
1295965902 -0.852897 0.447663 0 0 0 -0.0839536 0.414225
1295965903 -0.434718 0.476358 0 0 0 -0.0168166 0.036385
1295965904 -0.242868 0.488119 0 0 0 -0.072188 0.124615
1295965905 -0.219744 0.549044 0 0 0 0.00283354 -0.00419023
1295965907 -0.279165 0.674389 0 0 0 0.00334092 -0.00499996
1295965908 -0.265952 0.625356 0 0 0 0.000646293 -0.000974792
1295965909 -0.216737 0.53734 0 0 0 -0.0338152 0.0479498
1295965911 -0.171406 0.721664 0 0 0 0.000106203 -0.000141613
1295965912 -0.269544 0.656615 0 0 0 0.0792828 -0.123736
1295965913 -0.412314 0.492575 0 0 0 0.0690841 -0.159204
1295965914 -0.39554 0.480295 0 0 0 0.00151052 -0.00455615
1295965916 -0.348366 0.159784 0 0 0 -0.00528139 0.0156238
1295965917 -0.388002 0.442568 0 0 0 -0.119651 0.237076
1295965918 -0.177633 0.566366 0 0 0 -0.0757288 0.0971354
1295965919 0.0983307 0.513014 0 0 0 -0.242114 0.199598
1295965920 0.504712 0.513802 0 0 0 -0.259722 0.107056
1295965922 0.612471 0.28439 0 0 0 -0.0313837 0.00747803
1295965923 0.720255 0.321998 0 0 0 0.00499406 -0.00111856
1295965924 0.524546 0.25269 0 0 0 0.00302893 -0.000691509
1295965925 0.422796 0.186427 0 0 0 -0.0765349 0.0144853
1295965926 0.560067 0.0958556 0 0 0 -0.0818467 0.00878494
1295965927 0.484612 0.0200628 0 0 0 -0.132055 -4.23505e-05
1295965928 0.31273 -0.0963342 0 0 0 -0.233257 -0.0437332
1295965929 0.271815 -0.192932 0 0 0 -0.0116176 -0.00372628
1295965930 0.288582 -0.242104 0 0 0 -0.0479894 -0.017081
1295965931 0.272911 -0.317146 0 0 0 -0.150354 -0.0728242
1295965932 0.12038 -0.341 0 0 0 -0.145491 -0.104852
1295965933 0.0107929 -0.408531 0 0 0 -0.0594915 -0.0559934
1295965934 -0.00556677 -0.710038 0 0 0 0.00495243 0.00502278
1295965936 -0.0182578 -0.590962 0 0 0 -0.0244099 -0.0254656
1295965937 -0.132357 -0.724976 0 0 0 -0.0567034 -0.0669512
1295965938 -0.184831 -0.809442 0 0 0 0.0132774 0.0167752
1295965940 -0.201506 -0.986874 0 0 0 0.00530831 0.00650525
1295965941 -0.168121 -0.738701 0 0 0 -0.0249512 -0.0315918
1295965942 -0.225694 -0.755447 0 0 0 -0.0343894 -0.0483021
1295965944 -0.531717 -0.991268 0 0 0 -0.0289569 -0.0459946
1295965945 -0.483686 -0.876077 0 0 0 0.00430452 0.00719904
1295965947 -0.597233 -0.526692 0 0 0 -0.13528 -0.385889
1295965948 -1.08216 -0.0155254 0 0 -0 -0.00678818 -0.191125
1295965948 -0.0235424 0.00516031 0 0 0 0.000325874 -0.00517724
1295965949 -0.663164 0.222439 0 0 0 0.00182703 -0.0235927
1295965951 -1.14505 0.698076 0 0 0 0.131903 -0.414271
1295965952 -0.228012 0.766844 0 0 0 0.0577248 -0.0880943
1295965954 -0.00720884 0.81077 0 0 0 0.236899 -0.230623
1295965955 0.456888 0.589944 0 0 0 0.193995 -0.10483
1295965956 0.704821 0.669209 0 0 0 -0.000734168 0.000297794
1295965958 0.878049 0.720618 0 0 0 0.00460807 -0.00185794
1295965959 0.785323 0.697382 0 0 0 0.0974316 -0.0332929
1295965961 0.767697 0.149347 0 -0 0 0.374028 -0.0333337
1295965962 0.825017 -0.412035 0 0 0 0.169397 0.0319266
1295965964 0.904846 -0.683215 0 0 0 0.0158263 0.00456498
1295965965 0.485785 -0.436363 0 0 0 -0.00787575 -0.00230699
1295965966 0.475025 -0.397932 0 0 0 -0.130551 -0.0283723
1295965967 0.705912 -0.174338 0 0 -0 -0.179561 -0.0102644
1295965968 0.51993 0.0213204 0 0 0 -0.192299 0.025154
1295965969 0.74245 0.335305 0 0 0 -0.0239844 0.00585756
1295965970 0.680603 0.262856 0 0 0 -0.00995939 0.00261775
1295965971 0.417065 0.402771 0 0 0 -0.338679 0.164229
1295965973 -0.0511007 0.86288 0 0 0 -0.200937 0.200001
1295965974 -0.238731 1.04916 0 0 0 -0.0447656 0.0645703
1295965976 -0.326129 1.09537 0 0 0 -0.0118411 0.0190692
1295965977 -0.431901 1.05631 0 0 0 -0.0252035 0.0441154
1295965979 -0.238052 0.954086 0 0 0 0.116436 -0.171168
1295965980 -0.01391 0.816081 0 0 0 -0.0130153 0.0157432
1295965981 -0.062756 0.293777 0 0 0 -0.00315655 0.00391868
1295965982 -3.50946e-05 0.00015715 0 0 0 -7.26147e-06 9.06138e-06
1295965984 0 0 0 0 0 0 0
1295965985 -0.0180229 0.137698 0 0 0 0.0412096 -0.0482088
1295965987 0.0200945 0.411225 0 0 0 0.0969128 -0.0929633
1295965988 0.0883178 0.308699 0 0 0 0.0481983 -0.0379297
1295965989 0.065015 0.259649 0 0 0 -0.0447946 0.0350907
1295965990 0.0169796 0.229726 0 0 0 -0.0975753 0.0928064
1295965990 -0.000992311 0.0142266 0 0 0 -0.000749416 0.000816629
1295965993 -0.0464361 0.625072 0 0 0 0.0763284 -0.0748141
1295965994 0.0396203 0.226047 0 0 0 0.0472159 -0.0390697
1295965995 0.124882 0.512584 0 0 0 0.000612462 -0.000475563
1295965996 0.0738402 0.362643 0 0 0 -0.00345134 0.00268987
1295965997 0.0379215 0.155612 0 0 0 0.00328291 -0.00255916
1295965998 0.0467801 0.125021 0 0 0 0.0615523 -0.0441453
1295965999 0.0915722 0.217746 0 0 0 -0.00283788 0.00188371
1295966000 0.212523 0.527192 0 0 0 -0.00956826 0.0064547
1295966001 0.157513 0.343182 0 0 0 0.0643709 -0.0404664
1295966002 0.207864 0.310456 0 0 0 0.109229 -0.0544084
1295966004 0.39294 0.0500077 0 0 0 0.100876 -0.0365274
1295966004 0.0112097 -0.0026632 0 0 0 -0.00886227 0.00272574
1295966006 0.490777 0.449429 0 0 0 -0.288409 0.144717
1295966007 -0.0639641 -0.289748 0 0 0 -0.0239961 0.0179446
1295966008 0.0004666 0.00178174 0 0 0 -0.00012854 9.91777e-05
1295966009 1.55299e-07 5.95288e-07 0 0 0 6.45643e-07 -4.98242e-07
1295966009 0 0 0 0 0 0 0
1295966010 0 0 0 0 0 0 0
1295966011 7.8287e-07 2.98508e-06 0 0 0 -6.43927e-07 4.96917e-07
1295966012 0 0 0 0 0 0 0
1295966013 0 0 0 0 0 0 0
1295966013 0 0 0 0 0 0 0
