1295965766 3.43662e-09 3.43662e-09 0 0.000146563 0.000217757 -1.99972e-06 -1.48234e-06
1295965769 -5.96716e-08 -5.96716e-08 0 -0.000524298 0.000722301 -5.10497e-06 3.16707e-06
1295965770 -2.74299e-08 -2.74299e-08 0 1.0208e-05 -0.000218555 1.7231e-06 3.23191e-07
1295965771 -3.49972e-08 -3.49972e-08 0 -0.000121655 0.000357595 -2.59638e-06 2.78143e-07
1295965772 -2.1408e-08 -2.1408e-08 0 0.00045617 0.000180039 -2.45391e-06 -4.09019e-06
1295965773 -0.00164311 -0.00345836 0 -0.000805938 -0.00135308 0.282388 -0.03994
1295965774 0.00866844 -0.00869311 0 -0.000449502 -0.00201973 0.393754 -0.220944
1295965774 0.0005236 -0.000205868 0 -7.34446e-05 -4.28258e-05 0.01958 -0.018331
1295965775 -0.00969122 0.0325055 0 0.000749986 -0.0014402 0.139819 -0.167506
1295965776 -0.122435 0.243717 0 -0.00218624 0.0012711 0.0401677 -0.0658213
1295965777 -0.188047 0.247728 0 -0.00114778 0.000352656 0.0373637 -0.073964
1295965779 -0.546832 0.553529 0 0.00136523 0.00190449 0.0105036 -0.0239767
1295965781 -0.650328 0.400616 0 -0.00134922 0.00160108 0.0674879 -0.238378
1295965783 -0.428527 0.0397192 0 -0.00497895 0.000394368 0.00251642 -0.0174326
1295965784 0.00133161 5.33141e-05 0 0.00139677 0.000752408 6.13991e-05 -0.000476215
1295965785 -2.48872e-08 -2.48872e-08 0 -0.000491346 0.00124476 -5.39057e-06 2.11213e-06
1295965787 -3.93182e-08 -3.93182e-08 0 -0.000345728 0.00117649 -6.81441e-06 2.47682e-06
1295965788 -5.21624e-08 -5.21624e-08 0 -0.00054973 -0.000103485 7.84435e-08 3.01433e-06
1295965789 6.09835e-07 2.34041e-08 0 -0.000103528 0.000538272 -3.51501e-06 3.66296e-07
1295965790 -1.83153e-08 -1.83153e-08 0 0.000544226 0.000238388 -9.80115e-07 -3.09332e-06
1295965790 4.56009e-09 4.56009e-09 0 0.00016632 0.000124062 -7.21781e-07 -9.74673e-07
1295965791 -4.44762e-08 -4.44762e-08 0 0.000203695 -0.000319049 2.34361e-06 -1.55099e-06
1295965793 -0.541279 0.063456 0 0.00235741 0.000637454 -0.000170512 0.00120457
1295965795 -0.445138 0.0862917 0 -0.00113207 7.39752e-05 -0.00191026 0.0134145
1295965796 -0.273791 0.0962593 0 -0.000784015 -0.000243593 0.00165131 -0.0114866
1295965797 -0.232894 0.0708157 0 0.000406676 -0.000299298 -0.00156618 0.0109451
1295965799 -0.270466 0.102999 0 -0.000575755 0.000352595 -0.0110325 0.0610248
1295965800 -0.253736 0.0926456 0 0.000120518 1.82782e-05 0.0179043 -0.11861
1295965801 -0.356866 0.0565658 0 0.000488436 0.000253879 0.00131207 -0.0160399
1295965801 -0.0711835 0.0100151 0 -0.00200164 -0.000174704 0.00014023 -0.00190229
1295965803 -0.687315 0.0677831 0 0.00026208 0.000883122 0.000915131 -0.0142314
1295965804 0.00042506 -2.93053e-05 0 9.75452e-05 0.000106264 -3.37639e-05 0.000569158
1295965805 0.000170047 -1.18533e-05 0 -7.41935e-05 6.88713e-05 3.23744e-06 -6.61085e-05
1295965806 -0.130447 -0.0249301 0 0.00427659 0.000924536 0.000235707 -0.00448462
1295965807 -0.535314 -0.0824439 0 -0.00472589 0.000245971 -0.00367145 0.0474265
1295965808 -0.529481 0.0990164 0 0.000445504 -0.000386043 -0.0321099 0.169336
1295965809 -0.514535 0.221101 0 0.000642837 -0.000202601 0.00400087 -0.0146709
1295965810 -0.512618 0.178118 0 -0.000733496 0.000767442 0.0104096 -0.0432711
1295965811 -0.537614 0.127451 0 -0.000600611 -0.000149603 0.00993859 -0.052436
1295965812 -0.547796 0.0610458 0 0.00108433 -0.000831835 0.00793891 -0.0606504
1295965813 -0.499136 0.0336262 0 0.00122575 0.000905013 0.00130287 -0.0141678
1295965814 -0.617911 0.0311755 0 0.000324484 0.000287658 0.000972642 -0.0123232
1295965815 -0.514549 0.00971063 0 -0.00167404 -0.000876893 0.00079083 -0.0116492
1295965816 -0.52395 0.0179707 0 0.00019312 0.000327812 -0.00320161 0.0394298
1295965817 -0.537745 0.157958 0 -0.00267406 -0.00126604 -0.050021 0.22679
1295965819 -0.322707 0.41193 0 -0.000345634 -0.00172303 -0.167237 0.301339
1295965819 -0.122127 0.500566 0 0.000294585 0.000111093 -0.0115352 0.0140065
1295965820 -0.0563515 0.499303 0 -8.41567e-05 -0.00031944 -0.0693915 0.0746384
1295965822 -0.0285248 0.645953 0 0.00111324 0.000484726 0.0143938 -0.0142669
1295965823 0.0246086 0.472297 0 0.000397998 -0.000990442 -0.0702614 0.0645958
1295965824 0.0760712 0.529118 0 0.00174185 -0.000149476 0.0135844 -0.011545
1295965825 0.0612344 0.590514 0 0.00112245 0.00110942 0.0147283 -0.013013
1295965826 0.0262987 0.857929 0 0.000556976 2.30903e-05 0.0149958 -0.0137842
1295965827 0.049349 0.530613 0 -0.00150933 0.00156996 -0.0478987 0.0421293
1295965828 0.0927364 0.540516 0 0.00191051 -0.00142891 0.00231856 -0.00190798
1295965830 0.131965 0.822086 0 0.0015248 0.000946665 0.0168089 -0.0142793
1295965831 0.0971751 0.783616 0 0.00186466 -0.000271987 0.0192812 -0.0171822
1295965832 0.0511555 0.588696 0 0.00151807 0.00142736 -0.023605 0.020875
1295965834 0.143194 0.785599 0 -0.00190337 -9.98473e-05 -0.0432202 0.0350527
1295965835 0.415032 0.66032 0 -0.000913736 -0.000643289 -0.26858 0.14665
1295965836 0.415795 0.230222 0 -0.00289219 -0.000296861 -0.188825 0.0479387
1295965837 0.542668 0.0788011 0 -0.000389587 -0.00178525 -0.112422 0.0106694
1295965838 0.524649 0.0452375 0 -8.02253e-06 -0.00122687 0.00930283 -0.000390605
1295965839 0.5401 0.0592735 0 0.0010171 -0.00102492 0.0136764 -0.000739044
1295965841 0.617538 0.0620597 0 -0.00105363 -0.000757258 -0.0918784 0.00138818
1295965841 0.489935 -0.0805966 0 0.00127894 0.000939995 -0.062634 -0.00391169
1295965842 0.54189 -0.0900822 0 0.00069779 -0.000513829 0.0200402 0.00167942
1295965844 0.531386 -0.187117 0 -0.000755085 -0.000365179 -0.230633 -0.04466
1295965844 0.303182 -0.370874 0 -0.000843804 9.14008e-05 -0.249397 -0.119796
1295965846 0.0583861 -0.586007 0 -0.00167153 -0.00148746 -0.201665 -0.177318
1295965847 -0.172568 -0.792074 0 8.30569e-05 -0.000208147 -0.0882079 -0.118214
1295965848 -0.286736 -0.478276 0 0.00181476 -0.0012851 -0.00677442 -0.0107858
1295965850 -0.310636 -0.716662 0 -0.00200256 -0.00151599 0.0223288 0.0344549
1295965851 -0.22782 -0.59489 0 0.00243544 -0.000463913 0.00669024 0.00974283
1295965852 -0.162433 -0.721481 0 -0.000343498 0.000190786 0.0613444 0.0794395
1295965854 -0.102201 -0.791834 0 0.00085702 -0.000367 0.0213298 0.0241256
1295965855 0.0273106 -0.832772 0 0.00141063 -0.00350703 0.0718993 0.0711326
1295965857 0.139024 -0.67105 0 0.00413317 0.00382976 0.108305 0.0842098
1295965858 0.0707686 -0.169866 0 -0.00172007 -0.00345039 0.00643491 0.00429523
1295965859 0.258273 -0.584575 0 -0.000980313 -0.000351517 0.0128505 0.00836756
1295965860 0.221109 -0.4805 0 0.000330052 -0.00075812 -0.0132325 -0.00862324
1295965862 0.114297 -0.788231 0 0.000291256 0.00135242 -0.221889 -0.200649
1295965863 -0.435288 -0.651618 0 -0.0122207 0.00747758 1.73179 -0.920756
1295965865 -0.604715 -0.195172 0 0.00409432 -0.0016794 0.0421242 0.268273
1295965866 -0.674593 0.118648 0 -0.00223094 8.97779e-06 -0.0111096 0.169332
1295965867 -0.540971 0.0233426 0 0.000241562 0.00225509 0.00250925 -0.282077
1295965868 -0.444757 -0.141719 0 7.09115e-05 0.000448358 -0.00485765 -0.0323581
1295965869 -0.515715 -0.177617 0 0.00215639 0.000151539 0.00393967 0.0256196
1295965870 -0.551471 -0.01681 0 -0.00133138 0.00119345 0.00880136 0.181189
1295965871 -0.584735 0.028253 0 0.0002908 0.00160191 0.00076756 -0.0269862
1295965872 -0.473543 0.181527 0 -0.000589333 -0.00355354 -0.0663873 0.34338
1295965873 -0.32744 0.441659 0 0.00092825 -0.000417523 -0.055398 0.119889
1295965875 -0.285725 0.763355 0 0.000454131 0.000721978 -0.077111 0.120189
1295965876 -0.11439 0.480092 0 -0.000344651 -0.000613682 -0.0728005 0.0866936
1295965876 0.0668955 0.420708 0 0.00164098 -0.00087606 -0.174087 0.147069
1295965878 0.338606 0.600379 0 0.00024472 -0.000930183 -0.0569538 0.035216
1295965878 0.0111507 0.0180566 0 0.000115134 -7.59959e-05 0.000187557 -0.000107365
1295965880 0.296438 0.947411 0 0.0028313 0.00282337 0.223879 -0.174848
1295965881 -0.0955004 0.845482 0 0.00173341 -0.000425416 0.0384018 -0.0423447
1295965883 -0.00596001 0.738938 0 -0.003758 0.00258396 -0.0880747 0.0905876
1295965884 0.0565404 0.561167 0 0.00253136 0.000204058 -0.0281833 0.0245898
1295965884 0.0089708 0.0524346 0 -0.000270911 -0.000353442 -0.00782882 0.00651485
1295965886 0.179381 1.05088 0 0.00356522 -0.00114233 0.0168181 -0.01417
1295965887 0.140808 0.82262 0 0.00121696 0.000970771 -0.031232 0.0257815
1295965889 0.173164 0.805928 0 -0.000190419 0.00249761 0.0140786 -0.0113864
1295965890 0.0962593 0.543503 0 0.000596007 -0.00150389 0.0148476 -0.0124461
1295965891 0.116798 0.469428 0 -0.0021864 0.00246561 -0.131263 0.0950065
1295965892 0.268306 0.309314 0 -0.00139798 -0.00222245 -0.191983 0.0902115
1295965893 0.590834 0.411587 0 0.00169571 0.000236794 -0.138714 0.0370449
1295965894 0.483545 0.110177 0 -0.00278487 -0.000662495 -0.111835 0.0149507
1295965894 0.0318946 0.00491524 0 0.000206183 -4.2651e-06 -0.00102486 7.71387e-05
1295965896 0.997688 -0.226742 0 -0.00240894 -0.00327549 -0.313489 -0.0259551
1295965897 0.477322 -0.237886 0 0.00214272 -0.000471798 0.0167038 0.0039434
1295965898 0.493796 -0.195232 0 -0.000687217 6.98771e-05 0.0944876 0.0167517
1295965899 0.519971 -0.112394 0 0.00117318 -0.000816602 0.0413428 0.00442439
1295965899 0.0685215 -0.0142178 0 0.000939349 0.00200476 -0.0220674 -0.00215576
1295965900 0.442889 -0.235804 0 -0.00193152 -0.00116642 -0.276758 -0.0710699
1295965902 0.280978 -0.92239 0 -0.0012229 -0.00113708 -0.332048 -0.225635
1295965903 -0.0124815 -0.638316 0 -0.000219169 0.00122978 -0.0152337 -0.0160061
1295965904 -0.145961 -0.522357 0 -0.000536966 -0.00138428 -0.0889309 -0.110224
1295965905 -0.197346 -0.554564 0 -7.52532e-05 -0.00281249 0.00989737 0.0139651
1295965907 -0.218652 -0.709763 0 0.000146429 0.000324144 0.0129224 0.017503
1295965908 -0.173602 -0.652511 0 0.0020612 -0.00126657 0.00918541 0.011963
1295965909 -0.146206 -0.564469 0 -0.000101762 0.000335311 -0.0270842 -0.0364326
1295965910 -0.260574 -0.658981 0 0.000229422 -0.000753642 0.00759555 0.0105667
1295965912 -0.143967 -0.720251 0 0.00130486 -0.00198316 0.108338 0.125388
1295965913 0.0849534 -0.618931 0 0.00254461 -0.00154161 0.141702 0.115457
1295965914 0.113786 -0.636824 0 0.0055203 0.00533347 0.0148405 0.00975566
1295965916 0.230619 -0.312783 0 -0.00660305 -0.00369725 -0.0064326 -0.00414052
1295965917 0.140162 -0.576718 0 -0.000718336 0.000960964 -0.191132 -0.163727
1295965918 -0.0790048 -0.555439 0 0.001069 0.00137401 -0.0586805 -0.0710778
1295965919 -0.312341 -0.450909 0 -0.0109999 0.00356893 1.74912 -0.914227
1295965920 -0.674826 -0.271914 0 0.0024579 0.000627748 0.0491748 0.262004
1295965922 -0.667057 -0.0369363 0 -0.000269476 -6.81761e-05 0.000736952 0.0170263
1295965923 -0.790735 -0.0584801 0 -0.000588257 0.000987605 -0.00117601 -0.024818
1295965924 -0.541766 -0.0721059 0 0.00127052 0.00117961 -0.000879688 -0.0132498
1295965925 -0.493564 -0.0607756 0 -0.000520862 0.000663119 0.00262627 0.0657142
1295965926 -0.548981 0.0562248 0 0.00035873 -0.000360929 -0.00209046 0.072167
1295965927 -0.481815 0.0987016 0 0.00046379 -0.000168222 -0.0142813 0.115316
1295965928 -0.289344 0.168301 0 -0.000504213 -0.00195318 -0.069196 0.224447
1295965929 -0.224179 0.248359 0 0.000421986 0.00134593 -0.00159396 0.00357445
1295965930 -0.22488 0.282837 0 0.000461271 0.000409574 -0.018832 0.0397238
1295965931 -0.219181 0.372754 0 0.00157148 -0.0016387 -0.0810834 0.134308
1295965932 -0.061645 0.318171 0 -0.00172227 0.00206806 -0.0940538 0.11275
1295965933 0.0487968 0.430605 0 0.00116396 -0.00148994 -0.0734661 0.0686989
1295965934 0.0962749 0.69806 0 0.0017003 -0.000983537 0.0198828 -0.01725
1295965936 0.077317 0.602269 0 -0.000219129 0.000875146 -0.0193043 0.0167604
1295965937 0.185259 0.725312 0 0.000819557 0.00120242 -0.0529451 0.0418121
1295965938 0.209365 0.793878 0 0.00285506 6.59654e-05 0.0303617 -0.0232818
1295965940 0.194941 0.997184 0 -0.00100868 0.000499916 0.0255578 -0.0210741
1295965941 0.133237 0.741145 0 -0.000677152 0.00219219 -0.019698 0.0163568
1295965942 0.159968 0.750912 0 0.00306235 -0.000238722 -0.0299797 0.0233269
1295965944 0.405565 1.05477 0 0.00114238 0.000473584 -0.0251718 0.0182258
1295965945 0.32805 0.960285 0 -0.000751026 0.00216362 0.0262451 -0.0190589
1295965947 0.463622 0.642703 0 -0.00333549 0.000229197 -0.35281 0.16915
1295965948 1.04062 0.278826 0 0.000141644 -0.00202127 -0.172 0.0282761
1295965948 0.0290516 0.00156092 0 -0.000267828 0.000219897 -0.00604835 0.000438815
1295965949 0.721155 -0.0332891 0 -0.00169208 -0.0011062 -0.00881532 0.000586202
1295965951 1.27469 -0.244491 0 -0.000972282 -0.000747767 -0.362677 -0.0448592
1295965952 0.533737 -0.621236 0 -0.000257127 -0.00255834 -0.101967 -0.0385277
1295965954 0.379904 -0.742381 0 0.000931849 0.000389537 -0.258577 -0.165771
1295965955 -0.105331 -0.688953 0 0.000943359 -0.000996571 -0.139747 -0.152107
1295965956 -0.282901 -0.979305 0 -0.002553 -0.0019273 0.0153814 0.020146
1295965958 -0.337812 -1.08379 0 0.00202523 -0.000745907 0.0112256 0.0140532
1295965959 -0.219831 -1.01273 0 0.00266184 0.000319628 -0.0416172 -0.0549316
1295965961 -0.508181 -0.607476 0 -0.00562582 -0.000117627 1.78689 -0.821034
1295965962 -0.900198 -0.224191 0 3.70666e-05 0.00014326 0.0263722 0.154677
1295965964 -1.13148 -0.110274 0 0.000321632 0.000559952 -0.000374444 -0.00404403
1295965965 -0.644187 -0.0326009 0 -0.00173502 0.000854679 -0.0025776 -0.0240705
1295965966 -0.626068 -0.0716159 0 -0.000151415 0.00404449 -0.0280426 -0.144114
1295965967 -0.589975 -0.396212 0 0.00209102 -0.000273255 -0.0663168 -0.176271
1295965968 -0.329668 -0.397168 0 0.00390355 -0.0105622 -1.69663 1.04131
1295965969 -0.22513 -0.805728 0 -0.000291527 -0.00051143 0.0350821 0.0438401
1295965970 -0.194166 -0.657306 0 0.00298174 0.00142322 0.0148195 0.017086
1295965971 0.0620094 -0.591924 0 -0.00153284 -0.00250422 0.299681 0.230253
1295965973 0.758499 -0.451521 0 -0.000851322 0.000603389 0.306409 0.0960597
1295965974 1.02889 -0.344656 0 0.00274345 0.000704659 0.0968557 0.00910808
1295965976 1.10921 -0.242817 0 -0.00148464 0.000352035 0.0427848 0.00102796
1295965977 1.12996 -0.0873111 0 0.000238948 0.00178034 0.0727864 -0.00247158
1295965979 0.978712 -0.167085 0 0.00165141 0.00232137 -0.178793 -0.00341548
1295965980 0.769826 -0.279178 0 0.000178731 0.000575277 0.040907 0.00361158
1295965981 0.287984 -0.0373542 0 0.00122951 0.00346964 0.0097063 0.000595977
1295965982 0.000183838 -2.14634e-05 0 0.000484225 0.000295007 -0.000196378 -1.62697e-05
1295965984 -1.94539e-08 -1.94539e-08 0 0.000514849 -0.000178437 -4.20135e-07 -3.94515e-06
1295965985 0.138079 -0.0280899 0 -0.000421505 -0.00140637 -0.0583756 -0.00510328
1295965987 0.382792 -0.147917 0 0.00114769 0.00126815 -0.12379 -0.0224852
1295965988 0.265278 -0.174469 0 -0.00162829 -0.00207834 -0.0536685 -0.0148559
1295965989 0.227233 -0.136447 0 0.00151191 0.000472678 0.058347 0.016006
1295965990 0.218248 -0.083265 0 -0.000536255 -0.00227141 0.140391 0.0235941
1295965990 0.0160919 -0.0033522 0 0.000904342 0.000316006 0.00183265 0.000164988
1295965993 0.615378 -0.112246 0 -0.000510926 0.00240539 -0.0796102 -0.0106926
1295965994 0.215397 -0.0897153 0 -0.00172316 -0.00264747 -0.0559535 -0.0114599
1295965995 0.481549 -0.224357 0 0.00055577 0.00123974 0.0127047 0.0028948
1295965996 0.330743 -0.132351 0 0.00216738 0.0019995 0.00814058 0.00174286
1295965997 0.148441 -0.0643998 0 -0.000140229 -0.000140949 0.00354035 0.000747872
1295965998 0.112513 -0.0636005 0 -0.00028018 -0.00164616 -0.0743277 -0.0185147
1295965999 0.191764 -0.120484 0 -3.49616e-05 -0.000669359 0.00351949 0.00101513
1295966000 0.509908 -0.297126 0 0.000754527 0.000351836 0.0293916 0.00792472
1295966001 0.32312 -0.199552 0 8.56185e-05 0.00231905 -0.0722412 -0.0212524
1295966002 0.276059 -0.231624 0 -0.000673536 0.000383903 -0.0972866 -0.0384057
1295966004 0.0213654 -0.398258 0 -0.00157169 5.07589e-05 -0.101556 -0.0536085
1295966004 -0.00418025 -0.0107397 0 -2.06164e-05 -0.000144748 0.00881963 0.00526515
1295966006 0.408185 -0.52955 0 0.00295716 -8.36258e-05 0.293123 0.115297
1295966007 -0.284844 0.0871006 0 -0.00118943 -0.00356813 0.0426305 0.00843466
1295966008 0.00163095 -0.000587837 0 4.74258e-05 -0.000261188 -7.98835e-05 -1.47246e-05
1295966009 5.38906e-07 -2.48348e-07 0 -0.000280186 7.72855e-05 -7.37345e-05 -9.92652e-06
1295966009 -1.24025e-08 -1.24024e-08 0 4.43439e-05 -4.19399e-05 3.8207e-07 -4.30133e-07
1295966010 5.23563e-10 5.23637e-10 0 -0.000479021 -0.000195534 2.16911e-06 4.95886e-06
1295966011 2.90038e-06 -1.05105e-06 0 -0.000417981 -7.55037e-05 1.66065e-06 4.19401e-06
1295966012 -1.57213e-08 -1.57214e-08 0 -0.000211003 5.39025e-05 -4.25802e-07 1.94656e-06
1295966013 -5.28344e-08 -5.28344e-08 0 0.000228232 -0.000333178 3.01297e-06 -2.06185e-06
1295966013 -1.51522e-08 -1.51522e-08 0 -0.000272824 -8.42404e-05 7.7294e-07 2.51676e-06
