1295965766 -0.538248 0.0896487 -0.838005 5.45328e-05 -0.000186504 -0.000263715 1
1295965769 -1.11508 0.667366 -1.41551 0.57761 -0.577166 0.577274 1.30932e-05
1295965769 -1.05679 1.59226 -1.79123 0.57719 -0.577299 0.577561 -0.000468838
1295965771 -1.02526 2.43655 -2.32619 0.578219 -0.577376 0.576455 0.000454702
1295965772 -0.591353 2.96289 -3.05742 0.578401 -0.577387 0.576261 0.000726172
1295965773 -0.634408 2.11847 -2.52347 0.578503 -0.577679 0.575865 0.000954587
1295965774 0.105491 1.94611 -3.17374 0.720615 -0.554174 0.374112 0.183427
1295965775 -0.379888 2.8146 -3.07309 -0.573188 -0.563556 -0.229437 0.548834
1295965776 -0.768996 3.044 -3.96527 -0.612552 -0.433119 -0.109517 0.652069
1295965777 -0.350268 2.15055 -3.80269 -0.619277 -0.388309 -0.0697036 0.678862
1295965778 -0.816888 1.48115 -3.22462 -0.647917 -0.306209 0.0130381 0.697331
1295965779 -0.162078 0.725361 -3.22586 -0.643112 -0.284483 0.0321474 0.710241
1295965781 0.162161 -0.141381 -2.84688 -0.662299 -0.270201 0.0486042 0.697129
1295965783 0.595138 -0.918521 -3.30359 -0.59593 -0.11299 0.183033 0.773692
1295965784 0.597289 -1.13597 -4.27966 -0.502203 -0.0727028 0.176309 0.843458
1295965785 0.463225 -1.86909 -4.94641 -0.501579 -0.0723122 0.175434 0.844045
1295965787 0.361261 -1.58909 -5.90097 -0.501705 -0.0728083 0.175981 0.843814
1295965788 0.598862 -2.04576 -5.04366 -0.503787 -0.0720648 0.17617 0.842597
1295965789 0.517651 -1.74187 -5.99289 -0.503698 -0.071082 0.174542 0.843072
1295965790 0.676062 -2.07323 -5.06278 -0.503157 -0.0715498 0.174296 0.843406
1295965791 0.576529 -1.77091 -6.01078 -0.502694 -0.0714256 0.173505 0.843856
1295965792 0.447562 -1.55012 -6.97754 -0.502735 -0.0710883 0.173044 0.843955
1295965793 0.365469 -1.19807 -7.90991 -0.503352 -0.0706435 0.172259 0.843785
1295965795 0.926008 -1.90712 -8.33776 -0.507131 -0.0707665 0.180568 0.839765
1295965796 1.42428 -2.68371 -8.7233 -0.514731 -0.0871508 0.16887 0.836026
1295965797 1.61187 -3.54739 -9.19113 -0.507907 -0.0757991 0.173872 0.84027
1295965799 1.90164 -4.32269 -9.75232 -0.50911 -0.0860243 0.168532 0.839645
1295965800 2.46306 -4.96115 -10.2788 -0.515784 -0.14167 0.137064 0.833733
1295965801 1.60223 -5.45405 -10.4054 -0.496657 -0.0408944 0.195448 0.844666
1295965801 1.88247 -6.29175 -10.8741 -0.49259 -0.0206776 0.20695 0.845044
1295965803 2.18081 -7.08933 -11.3984 -0.491025 -0.0209177 0.207619 0.845784
1295965804 2.44046 -7.88971 -11.9387 -0.48371 -0.00906002 0.212746 0.84893
1295965805 3.03896 -8.68892 -11.994 -0.484073 -0.00946199 0.213265 0.848588
1295965806 2.12593 -9.0403 -11.7869 -0.484061 -0.00951763 0.213099 0.848636
1295965807 2.60677 -9.70097 -12.3633 -0.490369 -0.00435169 0.214392 0.844722
1295965808 2.98274 -10.4316 -12.9333 -0.493211 -0.0437783 0.196091 0.846389
1295965809 3.68235 -11.0618 -13.27 -0.525735 -0.175364 0.122643 0.823291
1295965810 4.31421 -11.7942 -13.5236 -0.530284 -0.180019 0.116991 0.820186
1295965811 4.77512 -12.6327 -13.8142 -0.525175 -0.143511 0.141752 0.826742
1295965812 5.16608 -13.5032 -14.1131 -0.518809 -0.109831 0.160968 0.832384
1295965813 5.54113 -14.4278 -14.1797 -0.526047 -0.0426034 0.200116 0.825477
1295965814 5.85764 -15.3092 -14.5305 -0.525262 -0.0384344 0.203221 0.825423
1295965816 6.19136 -16.2044 -14.826 -0.53212 -0.0106084 0.216331 0.818496
1295965816 6.50508 -17.1376 -15.0008 -0.543651 0.00753969 0.229732 0.807223
1295965818 6.89431 -17.9884 -15.354 -0.550896 -0.00232195 0.22313 0.80419
1295965818 7.68679 -18.4907 -15.7 -0.610179 -0.238727 0.0632829 0.752786
1295965820 8.48275 -18.4422 -15.0966 -0.64436 -0.452822 -0.0901893 0.609605
1295965820 8.9375 -19.2791 -14.792 -0.621551 -0.542999 -0.188463 0.532267
1295965822 9.19423 -20.1775 -14.4358 0.609527 0.576917 0.230723 -0.492353
1295965823 9.3559 -21.0834 -14.0443 0.610364 0.579705 0.21908 -0.493359
1295965823 9.56534 -21.9102 -13.5222 0.589832 0.626107 0.263576 -0.436596
1295965825 9.81943 -22.7454 -13.0345 0.592913 0.620411 0.261809 -0.441589
1295965826 10.0172 -23.5802 -12.5208 0.600971 0.609585 0.246787 -0.454242
1295965827 10.2867 -24.4177 -12.0454 0.613805 0.589068 0.236786 -0.469228
1295965828 10.4071 -25.1486 -11.3736 0.599235 0.621208 0.274246 -0.424037
1295965830 10.6407 -25.8482 -10.6983 0.589695 0.629858 0.282621 -0.419122
1295965831 10.9612 -26.7954 -10.6999 0.593405 0.608346 0.258319 -0.459408
1295965832 11.206 -27.5797 -10.1298 0.600583 0.603017 0.256174 -0.458306
1295965834 11.6097 -28.333 -9.61059 0.581834 0.61735 0.277747 -0.450783
1295965835 11.4874 -29.3253 -9.62927 0.612013 0.610137 0.276055 -0.420673
1295965836 11.4885 -30.2768 -9.93694 0.528066 0.688508 0.291121 -0.402929
1295965837 11.8226 -31.0665 -9.42249 0.453052 0.755106 0.389259 -0.270253
1295965838 11.4663 -31.4038 -8.55109 0.407975 0.783031 0.433961 -0.179158
1295965839 11.6461 -32.2216 -8.00443 0.411666 0.774269 0.435868 -0.202626
1295965841 12.1784 -32.9637 -7.59703 0.415755 0.765991 0.438358 -0.219654
1295965842 12.0649 -33.7806 -7.03164 0.379449 0.783176 0.465331 -0.16162
1295965842 11.9057 -34.6735 -6.6104 0.350783 0.79395 0.483346 -0.11389
1295965844 11.6356 -35.5889 -6.312 0.359205 0.79356 0.475503 -0.123011
1295965844 10.873 -35.7795 -5.69386 0.202111 0.809222 0.541453 0.105544
1295965846 10.0173 -35.5846 -5.21447 0.0821507 0.752378 0.593835 0.273017
1295965847 9.39214 -36.3374 -5.00816 -0.139087 0.611504 0.601082 0.495397
1295965848 8.5375 -36.3294 -5.52733 -0.233209 0.49357 0.580174 0.604483
1295965850 8.06005 -37.2064 -5.58122 -0.235197 0.482526 0.585593 0.607398
1295965851 7.5722 -38.0778 -5.52956 -0.196028 0.51105 0.602494 0.580863
1295965852 6.85277 -38.5471 -6.04155 -0.191523 0.50181 0.609836 0.582757
1295965854 6.08717 -39.0883 -6.38937 -0.126776 0.541441 0.631886 0.539897
1295965855 5.67643 -39.9423 -6.70882 -0.104912 0.55656 0.636461 0.523595
1295965857 5.48324 -40.8904 -6.96116 -0.044303 0.612736 0.640427 0.460918
1295965858 5.06108 -41.716 -7.33574 0.0378563 0.663173 0.641098 0.384398
1295965859 4.47501 -42.5185 -7.44691 0.0396183 0.672083 0.633922 0.380627
1295965860 3.9205 -43.3467 -7.52814 0.0512252 0.676517 0.63325 0.372418
1295965862 3.38304 -44.1726 -7.69885 0.0391746 0.672878 0.632497 0.38164
1295965863 2.49991 -44.613 -7.86041 -0.1402 0.521742 0.631715 0.555936
1295965865 2.03333 -43.9764 -8.47445 -0.457225 0.0476193 0.44746 0.76711
1295965866 2.40312 -44.7054 -9.05053 -0.536916 -0.113807 0.349049 0.759562
1295965867 3.08434 -45.285 -9.49767 -0.590456 -0.261519 0.237667 0.725592
1295965868 2.57309 -44.7085 -8.86031 -0.515814 -0.0591117 0.386004 0.762524
1295965869 3.07249 -45.4544 -9.30113 -0.503399 -0.0330025 0.404311 0.762911
1295965870 3.4703 -46.0727 -9.97889 -0.497428 -0.0347915 0.409425 0.764019
1295965871 3.93087 -46.7271 -10.5786 -0.554759 -0.191518 0.317396 0.744864
1295965872 4.58217 -47.4223 -10.8827 -0.547291 -0.167266 0.329893 0.750776
1295965873 3.8318 -46.7674 -10.7934 -0.637552 -0.397574 0.179134 0.635117
1295965875 3.43204 -45.8545 -10.8766 -0.664871 -0.40721 0.125528 0.613489
1295965876 3.74831 -46.8004 -10.804 -0.706624 -0.431875 0.0334727 0.559505
1295965876 4.23352 -47.5957 -10.4405 -0.704388 -0.494477 -0.0434895 0.507385
1295965878 4.69493 -48.2255 -9.81563 0.691536 0.557098 0.128263 -0.441553
1295965878 4.67687 -48.8719 -9.05288 0.69253 0.603547 0.199678 -0.340974
1295965879 4.78019 -49.6416 -8.42283 0.693825 0.60058 0.192566 -0.347603
1295965881 4.79354 -48.8599 -9.04637 0.718593 0.520898 0.0602396 -0.456793
1295965882 4.43144 -49.4057 -8.29076 0.746812 0.45318 -0.0582602 -0.483224
1295965884 4.94834 -50.008 -7.68242 0.749232 0.508528 0.028077 -0.423393
1295965884 5.35331 -50.5909 -6.978 0.74399 0.531197 0.0607652 -0.40077
1295965885 5.67095 -51.3018 -6.3505 0.744133 0.527693 0.0559638 -0.405801
1295965887 5.97712 -52.0344 -5.74266 0.746339 0.518383 0.0449758 -0.41501
1295965889 6.01221 -52.2641 -4.77003 0.76658 0.558818 0.0655788 -0.309479
1295965890 6.13852 -52.3519 -3.78193 0.769471 0.571964 0.0759165 -0.273876
1295965891 6.16653 -53.334 -3.59594 0.759494 0.559466 0.0236435 -0.331072
1295965892 6.68566 -54.0157 -3.08041 0.738248 0.597497 0.149696 -0.274915
1295965893 7.03032 -54.6005 -2.34603 0.696641 0.640543 0.250119 -0.204539
1295965894 6.92321 -55.072 -1.47074 0.654156 0.66526 0.34554 -0.100555
1295965895 6.61312 -55.6748 -0.735535 0.611409 0.673874 0.413687 -0.030594
1295965896 6.3382 -55.4174 0.190826 0.565679 0.662527 0.489096 0.0430148
1295965897 5.91319 -55.1838 1.06536 0.437965 0.623053 0.618735 0.192765
1295965898 5.26459 -55.9434 1.11328 0.446033 0.6253 0.612047 0.188289
1295965899 4.70948 -56.7751 1.12456 0.467875 0.63195 0.595397 0.165027
1295965900 3.9862 -57.4148 1.3847 0.516966 0.639924 0.557337 0.112335
1295965901 3.4758 -58.2718 1.31392 0.450634 0.631861 0.604191 0.180649
1295965902 2.72984 -58.0752 1.95022 0.232955 0.513628 0.738544 0.369419
1295965903 2.04956 -58.6779 1.53316 0.0617494 0.421919 0.772799 0.470057
1295965904 1.48317 -59.0425 0.79405 0.0341966 0.40746 0.774957 0.481921
1295965905 0.69379 -58.946 0.187783 -0.0927253 0.314944 0.77287 0.543032
1295965907 0.83876 -59.6707 -0.485907 -0.0791772 0.331116 0.772538 0.535983
1295965908 0.719888 -60.2579 -1.28655 -0.0636947 0.346116 0.77235 0.528793
1295965909 0.458904 -60.7688 -2.1056 -0.0584081 0.351972 0.772356 0.525519
1295965910 0.140386 -61.2671 -2.91198 -0.115229 0.310739 0.767567 0.548639
1295965912 0.0462136 -61.8724 -3.70238 -0.084502 0.335496 0.771456 0.534001
1295965913 0.327245 -62.5422 -4.38969 0.0314829 0.428582 0.770255 0.471205
1295965914 0.493291 -63.0114 -5.25707 0.13556 0.49931 0.750597 0.410996
1295965916 0.0290873 -63.7385 -5.76288 0.168001 0.508988 0.746571 0.39413
1295965917 -0.706851 -64.1975 -6.26056 0.158857 0.521004 0.7398 0.394989
1295965918 -1.09157 -65.0416 -6.63401 0.0184026 0.442729 0.755036 0.483294
1295965919 -1.4099 -65.5577 -7.42923 0.0129873 0.447262 0.752286 0.483584
1295965920 -1.96443 -64.8927 -7.92963 -0.420677 0.102713 0.632739 0.641967
1295965922 -1.52745 -65.6036 -8.48075 -0.506512 0.0117184 0.565337 0.650924
1295965923 -0.980442 -66.2806 -8.97319 -0.552083 -0.0481105 0.519046 0.650755
1295965924 -0.268869 -66.9175 -9.26987 -0.546606 -0.0339281 0.531566 0.646149
1295965925 0.608033 -67.3663 -9.09792 -0.561913 -0.0058423 0.53966 0.626887
1295965926 1.23388 -68.11 -9.33292 -0.597029 -0.0427638 0.502758 0.623668
1295965927 1.89493 -68.8177 -9.58233 -0.623297 -0.0770545 0.469421 0.62065
1295965928 2.69339 -69.3721 -9.81706 -0.685563 -0.156521 0.381902 0.599712
1295965929 3.60456 -69.7742 -9.72707 -0.7356 -0.234404 0.281168 0.569993
1295965930 4.53501 -69.9794 -9.42349 -0.782474 -0.299114 0.190239 0.511932
1295965931 5.39152 -69.8891 -8.91531 0.804976 0.345974 -0.121157 -0.466515
1295965932 5.57317 -70.6993 -8.35799 0.845604 0.345972 -0.017384 -0.406146
1295965933 5.70512 -71.3012 -7.57042 0.834644 0.42217 0.127337 -0.330041
1295965934 5.89443 -71.8954 -6.78873 0.827604 0.435737 0.167595 -0.311637
1295965935 5.68265 -72.5464 -6.05977 0.83403 0.43321 0.135581 -0.313593
1295965937 5.58902 -73.1607 -5.27625 0.831754 0.440864 0.151619 -0.301391
1295965938 5.10376 -74.0273 -5.16004 0.835535 0.437122 0.146288 -0.299007
1295965940 5.16241 -74.5732 -4.32426 0.835756 0.434564 0.123272 -0.312204
1295965941 5.06504 -75.0138 -3.43183 0.846004 0.429798 0.100358 -0.299131
1295965942 4.92094 -75.2905 -2.48174 0.85278 0.440014 0.117458 -0.255651
1295965944 4.83174 -75.8096 -1.63172 0.85329 0.44493 0.132965 -0.237178
1295965945 3.95044 -75.6092 -1.20374 0.880008 0.466599 0.0504025 -0.0730192
1295965947 3.93183 -75.1811 -0.300196 0.871098 0.485543 0.0717085 -0.0171853
1295965948 4.44868 -75.0597 0.547223 0.527994 0.731619 0.429381 0.0398522
1295965949 3.53173 -75.0014 0.941951 0.414906 0.725494 0.503099 0.220004
1295965950 2.70014 -74.7678 1.44582 0.393864 0.700756 0.528335 0.273264
1295965951 2.1315 -75.5872 1.51806 0.402528 0.71538 0.511901 0.2533
1295965952 1.56078 -75.6693 2.33509 0.201667 0.539168 0.677803 0.457396
1295965954 0.629815 -75.3641 2.13475 0.0958756 0.444256 0.713071 0.53383
1295965955 0.0705805 -75.8219 1.44365 -0.0960336 0.293807 0.705455 0.6378
1295965956 -0.250266 -75.1542 0.771994 -0.279805 0.101347 0.65087 0.698432
1295965958 0.070595 -75.7299 0.0199678 -0.266707 0.123214 0.652187 0.698812
1295965959 0.263151 -76.3702 -0.723642 -0.253721 0.136679 0.656329 0.697264
1295965961 0.239903 -76.9825 -1.51396 -0.276486 0.0932833 0.649839 0.701828
1295965962 0.841506 -77.3074 -2.24369 -0.503529 -0.110852 0.53172 0.671896
1295965964 1.65109 -77.6431 -2.7252 -0.586075 -0.225696 0.450536 0.634504
1295965965 2.63257 -77.8231 -2.65946 -0.623308 -0.249981 0.449753 0.588828
1295965965 2.81547 -78.7228 -2.26318 -0.575812 -0.141541 0.548095 0.589914
1295965967 3.54198 -78.2981 -2.80338 -0.591792 -0.170237 0.538137 0.575509
1295965968 4.09075 -77.7473 -3.43225 -0.545834 -0.170333 0.603999 0.555191
1295965969 4.78325 -78.3548 -3.82125 -0.487457 -0.124739 0.646156 0.573854
1295965970 5.56882 -78.9733 -3.84008 -0.385327 -0.0176547 0.724642 0.571057
1295965971 6.2296 -79.4243 -4.44006 -0.376454 -0.00538361 0.732464 0.56723
1295965973 5.87489 -79.7865 -3.57806 0.274028 0.302729 0.831752 0.376102
1295965974 6.18604 -80.7319 -3.67468 0.603413 0.403695 0.647921 0.23048
1295965976 5.4012 -81.3452 -3.76358 0.669167 0.416459 0.586828 0.185502
1295965977 4.47435 -81.7196 -3.79075 0.69052 0.431763 0.554298 0.171803
1295965979 3.52052 -81.9814 -3.64344 0.717724 0.449747 0.509612 0.15131
1295965980 2.64268 -82.3884 -3.39102 0.656077 0.417696 0.591964 0.211357
1295965981 1.71813 -82.6503 -3.11423 0.662514 0.408409 0.594168 0.203081
1295965982 0.942894 -83.067 -2.63946 0.673105 0.390927 0.603893 0.17152
1295965984 1.59789 -83.6723 -2.18723 0.67196 0.393678 0.603075 0.172591
1295965985 0.891186 -84.1406 -1.65688 0.671158 0.394764 0.603552 0.171562
1295965987 -0.0692768 -84.4098 -1.72807 0.64314 0.389515 0.629573 0.195674
1295965988 -1.02715 -84.6493 -1.56964 0.565245 0.360459 0.70256 0.238701
1295965989 -2.01204 -84.8171 -1.61256 0.524021 0.348408 0.733263 0.257564
1295965990 -2.93649 -85.0922 -1.87663 0.544471 0.355764 0.717667 0.248871
1295965991 -3.20234 -85.9165 -2.37646 0.664724 0.386729 0.610414 0.189677
1295965993 -4.17198 -86.1091 -2.22582 0.668002 0.387983 0.607006 0.186509
1295965994 -5.13863 -86.302 -2.0574 0.639771 0.379065 0.637048 0.20291
1295965995 -6.12174 -86.4732 -1.99284 0.581331 0.365418 0.686712 0.238643
1295965996 -7.11578 -86.5761 -1.95663 0.586148 0.365222 0.684197 0.234346
1295965997 -8.1031 -86.6893 -2.0679 0.590405 0.366431 0.680449 0.23268
1295965998 -9.07806 -86.8577 -2.21309 0.593076 0.368157 0.67748 0.231823
1295965999 -10.0051 -87.205 -2.35437 0.54498 0.357585 0.713204 0.257818
1295966000 -10.8427 -87.5761 -2.75527 0.550984 0.358584 0.708914 0.25549
1295966001 -11.7991 -87.8143 -2.92399 0.571809 0.365379 0.693105 0.243181
1295966002 -12.7785 -87.9417 -3.08072 0.520847 0.350797 0.730253 0.269056
1295966004 -13.6942 -88.2264 -3.36437 0.46283 0.330391 0.76779 0.295175
1295966004 -14.3855 -88.7446 -3.86804 0.376131 0.293855 0.816163 0.325656
1295966005 -15.0797 -89.1307 -4.47549 0.410231 0.309253 0.79745 0.31646
1295966007 -15.7138 -89.5869 -5.09983 0.525661 0.345699 0.728195 0.271854
1295966008 -14.7577 -89.8782 -5.13318 0.664432 0.388408 0.606309 0.200148
1295966009 -14.692 -90.6025 -5.81948 0.664231 0.388954 0.606201 0.20008
1295966009 -15.5531 -91.0972 -5.70272 0.66406 0.389157 0.606384 0.199698
1295966010 -16.365 -91.6811 -5.70502 0.664 0.388799 0.606323 0.20078
1295966011 -16.124 -90.8788 -5.15896 0.663238 0.388805 0.607111 0.200904
1295966012 -15.6942 -91.3934 -5.90085 0.662798 0.388201 0.607811 0.201404
1295966012 -16.5034 -91.979 -5.94795 0.662535 0.387951 0.608064 0.201989
1295966013 -17.3428 -92.4962 -6.11528 0.662686 0.388026 0.607898 0.20185
