1295965766 0 0 0 0 0 0 0
1295965767 0 0 0 0 0 0 0
1295965767 0 0 0 0 0 0 0
1295965768 0 0 0 0 0 0 0
1295965768 0 0 0 0 0 0 0
1295965769 0 0 0 0 0 0 0
1295965769 0 0 0 0 0 0 0
1295965770 0 0 0 0 0 0 0
1295965771 0 0 0 0 0 0 0
1295965771 0 0 0 0 0 0 0
1295965772 0 0 0 0 0 0 0
1295965772 0 0 0 0 0 0 0
1295965773 -0.000269189 0.000978501 0 0 0 0.0355977 -0.000608054
1295965773 -0.00135418 -0.00436418 0 0 0 0.247282 -0.0400236
1295965774 0.00222639 -0.00454756 0 0 0 0.174968 -0.0699657
1295965774 0.00714659 -0.00435639 0 0 0 0.24142 -0.173836
1295965775 -0.0139557 0.0411339 0 0 0 0.137738 -0.167268
1295965776 -0.0825535 0.16875 0 0 0 0.0244416 -0.0392272
1295965776 -0.0514971 0.0879095 0 0 0 0.0133949 -0.0233599
1295965777 -0.0958594 0.13541 0 0 0 0.0278629 -0.0539382
1295965778 -0.250738 0.280284 0 0 0 0.00730501 -0.0156041
1295965778 -0.0580555 0.0630917 0 0 0 0.000665794 -0.00145778
1295965779 -0.0936259 0.100052 0 0 0 0.00104259 -0.00229531
1295965779 -0.144548 0.148049 0 0 0 0.00147221 -0.00326758
1295965780 -0.123411 0.12563 0 0 0 0.000844541 -0.0018887
1295965780 -0.193807 0.171344 0 0 0 0.0313911 -0.0793341
1295965781 -0.140766 0.0983112 0 0 0 0.00706552 -0.0211103
1295965782 -0.383103 0.144028 0 0 0 0.0313461 -0.123828
1295965782 -0.237245 0.0335857 0 0 0 0.000564646 -0.00306008
1295965783 -0.0391387 0.00262493 0 0 0 0.000164688 -0.000902711
1295965784 1.23183e-06 -7.13141e-08 0 0 0 -3.35207e-07 1.84215e-06
1295965784 0 0 0 0 0 0 0
1295965785 0 0 0 0 0 0 0
1295965785 0 0 0 0 0 0 0
1295965786 0 0 0 0 0 0 0
1295965786 0 0 0 0 0 0 0
1295965787 0 0 0 0 0 0 0
1295965787 0 0 0 0 0 0 0
1295965788 0 0 0 0 0 0 0
1295965788 6.09435e-07 -3.31711e-08 0 0 0 1.74951e-07 -9.61454e-07
1295965789 0 0 0 0 0 0 0
1295965789 0 0 0 0 0 0 0
1295965790 0 0 0 0 0 0 0
1295965790 0 0 0 0 0 0 0
1295965791 0 0 0 0 0 0 0
1295965792 0 0 0 0 0 0 0
1295965792 -0.00327138 0.000263651 0 0 0 -1.9902e-05 0.000109339
1295965793 -0.162367 0.0322227 0 0 0 0.000197596 -0.00108864
1295965793 -0.225371 0.0502705 0 0 0 -0.000167307 0.000922207
1295965794 -0.306702 0.083932 0 0 0 -0.00554596 0.0281833
1295965795 -0.268344 0.0895288 0 0 0 -0.000363297 0.00170838
1295965795 -0.0826606 0.0410469 0 0 0 -0.00861262 0.0368914
1295965796 -0.125313 0.0657882 0 0 0 0.00513706 -0.0212335
1295965796 -0.0745145 0.0364763 0 0 0 0.00277381 -0.0123986
1295965797 -0.120627 0.0578072 0 0 0 -0.00350391 0.0155443
1295965797 -0.0726595 0.0356313 0 0 0 9.98172e-05 -0.000427353
1295965798 -0.106192 0.0552655 0 0 0 -0.00715824 0.0287463
1295965798 -0.0480974 0.0295253 0 0 0 -0.00998083 0.0350915
1295965799 -0.0953698 0.0630148 0 0 0 -0.000552271 0.00180906
1295965799 -0.0791467 0.0529263 0 0 0 0.000226669 -0.000741011
1295965800 -0.138274 0.0760195 0 0 0 0.0256717 -0.103504
1295965800 -0.0830791 0.0335093 0 0 0 0.00262653 -0.0142287
1295965801 -0.237956 0.0849784 0 0 0 0.000590147 -0.00336532
1295965801 -0.127391 0.0446995 0 0 0 6.67683e-05 -0.000385054
1295965802 -0.244393 0.0817765 0 0 0 0.00041439 -0.00241009
1295965802 -0.162678 0.0503056 0 0 0 1.79968e-05 -0.000105475
1295965803 -0.224137 0.0678335 0 0 0 0.000146506 -0.000861186
1295965803 -0.00132169 0.00039503 0 0 0 3.07288e-05 -0.000181208
1295965804 0.000319406 -9.49426e-05 0 0 0 -1.10061e-06 6.49382e-06
1295965804 9.36502e-05 -2.78278e-05 0 0 0 -4.30546e-07 2.54023e-06
1295965805 0.0001158 -3.4413e-05 0 0 0 -1.95482e-07 1.15334e-06
1295965805 4.69107e-05 -1.39399e-05 0 0 0 -6.03223e-07 3.55894e-06
1295965806 -0.00870672 -0.00126647 0 0 0 0.000109822 -0.000649224
1295965806 -0.119063 0.00531407 0 0 0 0.000280364 -0.00166933
1295965807 -0.321552 0.0174804 0 0 0 -0.000190311 0.00113503
1295965807 -0.233904 0.0293201 0 0 0 -0.0131652 0.0649917
1295965808 -0.294262 0.111407 0 0 0 -0.0469503 0.146548
1295965808 -0.206478 0.138421 0 0 0 -0.0078645 0.0187461
1295965809 -0.432046 0.349897 0 0 0 0.00488976 -0.011529
1295965810 -0.227975 0.166816 0 0 0 0.00783146 -0.0193582
1295965810 -0.224091 0.155711 0 0 0 0.0066012 -0.017289
1295965811 -0.230395 0.141447 0 0 0 0.0100078 -0.0282472
1295965811 -0.239448 0.134726 0 0 0 0.00513531 -0.0156386
1295965812 -0.257319 0.123181 0 0 0 0.0100865 -0.0336162
1295965813 -0.396996 0.179885 0 0 0 0.000372143 -0.00132779
1295965813 -0.35275 0.155991 0 0 0 0.0020243 -0.00734976
1295965814 -0.248027 0.111924 0 0 0 5.20489e-05 -0.000191906
1295965814 -0.224856 0.100517 0 0 0 -5.04541e-05 0.000186028
1295965815 -0.266764 0.117101 0 0 0 0.0011623 -0.00432211
1295965816 -0.249101 0.107802 0 0 0 0.000199305 -0.000748969
1295965816 -0.248916 0.111485 0 0 0 -0.00546532 0.0197523
1295965817 -0.240757 0.128534 0 0 0 -0.0119279 0.0385125
1295965817 -0.216803 0.158003 0 0 0 -0.0392622 0.0999694
1295965818 -0.166818 0.203856 0 0 0 -0.069842 0.127613
1295965818 -0.0934442 0.260238 0 0 0 -0.120153 0.151532
1295965819 0.0667403 0.528577 0 0 0 -0.129733 0.113178
1295965820 0.0765149 0.281365 0 0 0 -0.018941 0.0135088
1295965820 0.0930231 0.235148 0 0 0 -0.0654172 0.0418438
1295965821 0.124279 0.242827 0 0 0 -0.0149038 0.00856565
1295965821 0.127194 0.239513 0 0 0 0.00222331 -0.00125624
1295965822 0.124693 0.237091 0 0 0 0.000626335 -0.000355254
1295965822 0.143683 0.229023 0 0 0 -0.0751949 0.0385793
1295965823 0.17741 0.217867 0 0 0 -0.0164868 0.00741658
1295965823 0.175658 0.201386 0 0 0 -9.71728e-05 4.26552e-05
1295965824 0.178251 0.199402 0 0 0 0.00304177 -0.00134107
1295965824 0.190215 0.21421 0 0 0 0.00335877 -0.00149489
1295965825 0.17597 0.213096 0 0 0 0.00118509 -0.000530983
1295965825 0.1665 0.207686 0 0 0 0.00102903 -0.00046256
1295965826 0.168878 0.213463 0 0 0 0.00280536 -0.00126814
1295965826 0.167549 0.213862 0 0 0 -0.00221426 0.0010018
1295965827 0.190353 0.215491 0 0 0 -0.0590225 0.0243806
1295965827 0.17941 0.171815 0 0 0 -0.0107551 0.00397544
1295965828 0.223989 0.196654 0 0 0 -0.00167593 0.000606889
1295965828 0.191484 0.159712 0 0 0 -0.00268428 0.000965006
1295965829 0.224436 0.185205 0 0 0 0.002316 -0.000832097
1295965829 0.189015 0.158092 0 0 0 0.00402335 -0.00146084
1295965830 0.228001 0.19189 0 0 0 -0.00136225 0.000496803
1295965830 0.195027 0.163432 0 0 0 0.000547526 -0.00019941
1295965831 0.214122 0.181089 0 0 0 0.00401219 -0.0014723
1295965831 0.187049 0.160755 0 0 0 0.00293535 -0.00108949
1295965832 0.231545 0.201643 0 0 0 0.00306294 -0.00114802
1295965832 0.199553 0.16203 0 0 0 -0.0421946 0.014825
1295965833 0.234683 0.160164 0 0 0 -0.0251357 0.00784004
1295965833 0.207867 0.136097 0 0 0 0.000150052 -4.46565e-05
1295965834 0.25553 0.154389 0 0 0 -0.0538736 0.0144152
1295965834 0.222895 0.0878104 0 0 0 -0.0946536 0.0177517
1295965835 0.297435 0.0468939 0 0 0 -0.125593 0.00933723
1295965835 0.253484 -0.0180967 0 0 0 -0.103117 -0.00417093
1295965836 0.263726 -0.0788905 0 0 0 -0.113915 -0.0171798
1295965836 0.230944 -0.131851 0 0 0 -0.1095 -0.0296064
1295965837 0.212791 -0.192996 0 0 0 -0.0837932 -0.0320854
1295965837 0.173781 -0.18537 0 0 0 -0.00164646 -0.00071847
1295965838 0.20043 -0.215807 0 0 0 0.000709296 0.00030995
1295965838 0.168737 -0.180815 0 0 0 0.00156369 0.000680999
1295965839 0.204947 -0.218345 0 0 0 0.00144443 0.000626241
1295965839 0.168426 -0.178517 0 0 0 0.000679358 0.000293607
1295965840 0.199108 -0.211213 0 0 0 -0.00369063 -0.00160222
1295965841 0.155614 -0.205288 0 0 0 -0.0992765 -0.0500821
1295965841 0.119529 -0.249955 0 0 0 -0.0595797 -0.0371849
1295965842 0.0926554 -0.226765 0 0 0 0.000441408 0.000297355
1295965842 0.111378 -0.270976 0 0 0 0.00305047 0.00204564
1295965843 0.102848 -0.248587 0 0 0 -0.00539303 -0.00362762
1295965843 0.0798982 -0.281386 0 0 0 -0.0904097 -0.0690583
1295965844 0.00913189 -0.238858 0 0 0 -0.0930542 -0.0910189
1295965844 -0.0783349 -0.280282 0 0 0 -0.10568 -0.141025
1295965845 -0.135753 -0.202982 0 0 0 -0.0665017 -0.126732
1295965846 -0.442156 -0.273593 0 0 0 -0.0698104 -0.235031
1295965846 -0.275321 -0.0957182 0 0 0 -0.000867099 -0.00526722
1295965847 -0.527716 -0.103312 0 0 0 -0.0128496 -0.158283
1295965848 -0.267905 0.0236982 0 0 -0 0.00411791 -0.0921882
1295965848 -0.347709 0.0371152 0 0 0 -0.00409914 0.084359
1295965849 -0.173551 0.00215518 0 0 0 -1.90528e-05 0.00762711
1295965849 -0.291364 -0.00144645 0 0 0 7.64918e-06 0.00281107
1295965850 -0.265283 -0.0028725 0 0 0 1.43885e-05 0.00264137
1295965850 -0.284923 -0.00446694 0 0 0 1.20966e-05 0.0015985
1295965851 -0.255974 -0.00435595 0 0 0 -2.2312e-06 -0.000271065
1295965851 -0.285673 -0.011859 0 0 0 0.00128556 0.0432361
1295965852 -0.235604 -0.0347855 0 0 0 0.00272043 0.0384528
1295965852 -0.302906 -0.0559137 0 0 0 0.000262597 0.00286679
1295965853 -0.242819 -0.0461529 0 0 0 0.000195329 0.0020757
1295965853 -0.27149 -0.0535187 0 0 0 0.000477836 0.00489405
1295965854 -0.26458 -0.055995 0 0 0 0.00115741 0.0109517
1295965854 -0.277698 -0.0783693 0 0 0 0.00525854 0.0399307
1295965855 -0.214087 -0.0722055 0 0 0 0.00470653 0.0282002
1295965855 -0.292032 -0.112791 0 0 0 0.00192411 0.0102873
1295965856 -0.231949 -0.0966941 0 0 0 0.0039994 0.0197104
1295965856 -0.259802 -0.128183 0 0 0 0.0136349 0.0559487
1295965857 -0.125852 -0.0824347 0 0 0 0.0133285 0.0444915
1295965857 -0.0515004 -0.0375341 0 0 0 0.00111499 0.00340926
1295965858 -0.0748191 -0.0553185 0 0 0 0.000448766 0.0013606
1295965858 -0.115388 -0.0858874 0 0 0 0.000240707 0.000727106
1295965859 -0.183196 -0.13698 0 0 0 0.000628759 0.00189055
1295965859 -0.234514 -0.177244 0 0 0 0.000770226 0.00229895
1295965860 -0.202392 -0.153408 0 0 0 6.54128e-05 0.000194394
1295965860 -0.222822 -0.160507 0 0 0 -0.00921476 -0.0288089
1295965861 -0.233461 -0.132394 0 0 0 -0.0197227 -0.0755345
1295965861 -0.269868 -0.0900542 0 0 0 -0.0185888 -0.117567
1295965862 -0.525596 0.0311189 0 0 -0 0.0094726 -0.26503
1295965863 -0.431986 0.29188 0 0 0 0.0781382 -0.251782
1295965864 -0.159988 0.245682 0 0 0 0.0668917 -0.121691
1295965865 -0.0812988 0.240956 0 0 0 0.0647591 -0.0893273
1295965866 -0.00595557 0.534403 0 0 0 0.138425 -0.13966
1295965866 0.0504384 0.241677 0 0 0 0.0134406 -0.0109291
1295965867 0.0309332 0.291868 0 0 0 -0.100733 0.092431
1295965867 -0.0447146 0.249742 0 0 0 -0.0837482 0.100555
1295965868 -0.091282 0.263775 0 0 0 -0.0119893 0.0168421
1295965869 -0.187236 0.505044 0 0 0 -7.94588e-05 0.000114116
1295965869 -0.0734141 0.238739 0 0 0 0.0459361 -0.0608903
1295965870 -0.0137529 0.284614 0 0 0 0.102296 -0.107874
1295965870 0.0243348 0.244494 0 0 0 0.00718861 -0.00646822
1295965871 0.0305378 0.285721 0 0 0 -0.0101846 0.00920141
1295965871 0.0159489 0.255128 0 0 0 -0.00240775 0.00221276
1295965872 0.0740008 0.273703 0 0 0 0.157653 -0.118851
1295965872 0.142459 0.196441 0 0 0 0.150378 -0.0750611
1295965873 0.241107 0.169583 0 0 0 0.12658 -0.0408653
1295965873 0.221805 0.119242 0 0 0 0.00516297 -0.00128024
1295965874 0.255807 0.104621 0 0 0 0.102479 -0.0195194
1295965874 0.254724 0.0532929 0 0 0 0.0563143 -0.00608913
1295965875 0.534943 0.0839892 0 0 0 0.0137817 -0.00100058
1295965876 0.283969 -0.000709613 0 -0 0 0.141264 0.000724105
1295965876 0.231736 -0.0661143 0 0 0 0.135831 0.0197657
1295965877 0.437161 -0.32658 0 0 0 0.151092 0.0454433
1295965878 0.203193 -0.186331 0 0 0 -0.00080728 -0.000313761
1295965878 0.197276 -0.183475 0 0 0 -0.00825108 -0.00316092
1295965879 0.232282 -0.169652 0 0 0 -0.0934478 -0.030172
1295965879 0.225253 -0.107407 0 0 0 -0.0840029 -0.0187968
1295965880 0.30662 -0.0850241 0 0 0 -0.0855508 -0.0115249
1295965881 0.510524 -0.086624 0 0 0 -0.0121353 -0.00102963
1295965881 0.235948 -0.0367457 0 0 0 -0.00371295 -0.000285313
1295965882 0.285824 -0.0553903 0 0 0 0.063371 0.00678761
1295965882 0.229547 -0.0850726 0 0 0 0.0736225 0.0130909
1295965883 0.275682 -0.125258 0 0 0 0.00344452 0.000752673
1295965883 0.23517 -0.108192 0 0 0 -0.00117596 -0.000258395
1295965884 0.2538 -0.134042 0 0 0 0.0580187 0.0145431
1295965884 0.215517 -0.131625 0 0 0 0.000405608 0.000114759
1295965885 0.240917 -0.147278 0 0 0 -0.00282506 -0.000795463
1295965885 0.220338 -0.134319 0 0 0 0.00152963 0.000429592
1295965886 0.249844 -0.152748 0 0 0 -0.00215726 -0.000605104
1295965886 0.211569 -0.127504 0 0 0 -0.00343709 -0.000953333
1295965887 0.249508 -0.165387 0 0 0 0.0511405 0.0155685
1295965887 0.197749 -0.153698 0 0 0 0.0181434 0.00625191
1295965888 0.226779 -0.183998 0 0 0 0.00160325 0.000571257
1295965888 0.193202 -0.157555 0 0 0 -0.00105396 -0.000375884
1295965889 0.222742 -0.181218 0 0 0 -0.000170893 -6.08221e-05
1295965889 0.190957 -0.154842 0 0 0 -0.00189349 -0.000671572
1295965890 0.22997 -0.184717 0 0 0 -0.00256806 -0.000903993
1295965890 0.171265 -0.139157 0 0 0 0.0137257 0.00492331
1295965891 0.198034 -0.236975 0 0 0 0.169545 0.0810191
1295965891 0.0843191 -0.233929 0 0 0 0.127133 0.090367
1295965892 0.0407712 -0.288457 0 0 0 0.0254765 0.0220243
1295965893 0.0267442 -0.257897 0 0 0 0.0124036 0.0112818
1295965893 -0.0165623 -0.288914 0 0 0 0.0957888 0.10193
1295965894 -0.0726424 -0.232462 0 0 0 0.0632538 0.0866281
1295965894 -0.124574 -0.273885 0 0 0 0.00853645 0.013344
1295965895 -0.320682 -0.416109 0 0 0 0.0998159 0.209306
1295965896 -0.220715 -0.142978 0 0 0 0.0236197 0.0800089
1295965896 -0.26495 -0.132602 0 0 0 0.0051874 0.0217471
1295965897 -0.215892 -0.103899 0 0 0 -0.000262166 -0.00115303
1295965897 -0.263141 -0.127185 0 0 0 -0.000268196 -0.00117308
1295965898 -0.224995 -0.115347 0 0 0 -0.00781259 -0.0316935
1295965898 -0.240487 -0.157628 0 0 0 -0.0156613 -0.0533003
1295965899 -0.198565 -0.145574 0 0 0 -0.00303452 -0.00920578
1295965899 -0.233063 -0.180814 0 0 0 0.00473347 0.0144952
1295965900 -0.216458 -0.113023 0 0 0 0.0331716 0.137068
1295965900 -0.295872 -0.0512959 0 0 0 0.0138441 0.175749
1295965901 -0.490614 0.150655 0 0 0 -0.0434675 0.282127
1295965902 -0.200328 0.168745 0 0 0 -0.0380302 0.103745
1295965902 -0.196392 0.207693 0 0 0 -0.00243087 0.00559771
1295965903 -0.167898 0.180434 0 0 0 0.000384399 -0.000878983
1295965903 -0.193575 0.217199 0 0 0 -0.0172634 0.0374065
1295965904 -0.130143 0.218469 0 0 0 -0.0632758 0.111278
1295965904 -0.106131 0.253129 0 0 0 -0.00885667 0.0132549
1295965905 -0.209159 0.523218 0 0 0 0.00238304 -0.00352171
1295965906 -0.0938684 0.22969 0 0 0 0.00156464 -0.00232994
1295965906 -0.106598 0.257927 0 0 0 0.000828783 -0.00123991
1295965907 -0.0958762 0.229118 0 0 0 0.00134244 -0.0020169
1295965907 -0.113949 0.268901 0 0 0 0.00124667 -0.00188255
1295965908 -0.103562 0.242573 0 0 0 -0.000159544 0.000241438
1295965908 -0.108084 0.254166 0 0 0 -0.000367321 0.00055529
1295965909 -0.101252 0.238644 0 0 0 -0.00216218 0.00325244
1295965909 -0.0879772 0.282269 0 0 0 -0.0550752 0.0747355
1295965910 -0.0531001 0.254223 0 0 0 -0.00393038 0.00481459
1295965910 -0.0693133 0.284036 0 0 0 0.0261543 -0.0332451
1295965911 -0.0673713 0.231775 0 0 0 0.00281786 -0.00376041
1295965911 -0.098094 0.272933 0 0 0 0.0445066 -0.064861
1295965912 -0.120936 0.211456 0 0 0 0.0331892 -0.0567523
1295965912 -0.157901 0.238164 0 0 0 0.00662353 -0.0124403
1295965913 -0.170655 0.190214 0 0 0 0.0527442 -0.119051
1295965913 -0.20862 0.162602 0 0 0 0.00931113 -0.0265031
1295965914 -0.175283 0.347069 0 0 0 -0.0114379 0.0322408
1295965914 -0.0953961 0.0348212 0 0 0 0.0133536 -0.0380068
1295965915 -0.159794 0.0149815 0 0 0 -0.00460205 0.0136609
1295965916 -0.316006 0.237819 0 0 0 -0.00794042 0.0221704
1295965917 -0.191733 0.211269 0 0 0 -0.0710833 0.151245
1295965917 -0.101241 0.220488 0 0 0 -0.0508971 0.0793767
1295965918 -0.111739 0.325811 0 0 0 -0.0123002 0.0169481
1295965918 -0.0378908 0.201513 0 0 0 -0.0719748 0.0864057
1295965919 0.0281383 0.284595 0 0 0 -0.133046 0.119201
1295965919 0.0910042 0.214506 0 0 0 -0.106355 0.0693185
1295965920 0.17561 0.240839 0 0 0 -0.0690449 0.0355307
1295965920 0.189365 0.171325 0 0 0 -0.106749 0.0425061
1295965921 0.24173 0.129436 0 0 0 -0.0982417 0.0272385
1295965921 0.228722 0.106818 0 0 0 -0.00152171 0.000338194
1295965922 0.265348 0.120522 0 0 0 -0.0001251 2.76922e-05
1295965922 0.229774 0.0976166 0 0 0 0.00203265 -0.000452032
1295965923 0.264495 0.120149 0 0 0 0.00159574 -0.000357985
1295965923 0.225986 0.104233 0 0 0 0.00136567 -0.000308548
1295965924 0.264524 0.12655 0 0 0 0.00148135 -0.000336958
1295965924 0.234624 0.113789 0 0 0 0.00171866 -0.000393905
1295965925 0.253106 0.122329 0 0 0 -0.00429562 0.000978555
1295965925 0.242292 0.0900609 0 0 0 -0.0934698 0.0164594
1295965926 0.279809 0.051027 0 0 0 -0.0607275 0.00586771
1295965926 0.24933 0.0333744 0 0 0 6.81044e-05 -4.49109e-06
1295965927 0.306652 0.0276169 0 0 0 -0.065075 0.0021692
1295965927 0.235215 -0.0214412 0 0 0 -0.0991588 -0.00485263
1295965928 0.186718 -0.053775 0 0 0 -0.140028 -0.0239867
1295965928 0.0604514 -0.0358212 0 0 0 -0.0637406 -0.0179056
1295965929 0.295499 -0.212105 0 0 0 -0.0172943 -0.00565571
1295965930 0.162241 -0.133728 0 0 0 -0.0380619 -0.0136951
1295965930 0.133464 -0.119201 0 0 0 -0.00226882 -0.00087173
1295965931 0.116625 -0.116396 0 0 0 -0.0520454 -0.0217752
1295965931 0.110782 -0.154063 0 0 0 -0.0920996 -0.047517
1295965932 0.093356 -0.210314 0 0 0 -0.0903484 -0.0594863
1295965932 0.0397214 -0.195537 0 0 0 -0.0861965 -0.0714894
1295965933 0.00543802 -0.241001 0 0 0 -0.0340435 -0.0331555
1295965933 -0.00142675 -0.274956 0 0 0 0.000499029 0.000509306
1295965934 -0.00226673 -0.256148 0 0 0 0.00172164 0.00175153
1295965934 -0.00241805 -0.275793 0 0 0 0.00261237 0.00264138
1295965935 -7.06772e-05 -0.270322 0 0 0 -0.00206993 -0.0020913
1295965935 -0.0132184 -0.269531 0 0 0 -0.0219656 -0.0229771
1295965936 -0.0232082 -0.281201 0 0 0 -0.00993113 -0.0108844
1295965936 -0.0491949 -0.256833 0 0 0 -0.0467183 -0.0559389
1295965937 -0.0704365 -0.276748 0 0 0 -0.000185829 -0.000239825
1295965937 -0.0609392 -0.250919 0 0 0 0.00939618 0.0119417
1295965938 -0.0628329 -0.28073 0 0 0 0.00164512 0.00205287
1295965938 -0.0556156 -0.256616 0 0 0 0.00209128 0.00259374
1295965939 -0.0556033 -0.263654 0 0 0 0.00117341 0.00144763
1295965939 -0.0707075 -0.343836 0 0 0 0.00208764 0.00256194
1295965940 -0.0767802 -0.387526 0 0 0 0.00213024 0.0025965
1295965941 -0.0722348 -0.365656 0 0 0 -0.00698462 -0.00858061
1295965941 -0.0943013 -0.364903 0 0 0 -0.0180496 -0.023112
1295965942 -0.100009 -0.361158 0 0 0 0.00116227 0.00153104
1295965942 -0.114537 -0.366578 0 0 0 -0.0304631 -0.0422923
1295965943 -0.16606 -0.339013 0 0 0 -0.0364579 -0.057631
1295965943 -0.179507 -0.321718 0 0 0 0.000779843 0.00132879
1295965944 -0.197298 -0.358247 0 0 0 0.00163263 0.00276678
1295965944 -0.175116 -0.322613 0 0 0 0.0019695 0.00331089
1295965945 -0.178342 -0.33033 0 0 0 0.0012076 0.00201582
1295965945 -0.130228 -0.223133 0 0 0 0.00112742 0.00187233
1295965946 -0.146104 -0.233377 0 0 0 -0.0429856 -0.0790438
1295965946 -0.191813 -0.182749 0 0 0 -0.0569301 -0.144477
1295965947 -0.259316 -0.110567 0 0 0 -0.0353646 -0.162369
1295965947 -0.30739 -0.0378798 0 0 0 -0.00778054 -0.0903284
1295965948 -0.400312 -0.0223365 0 0 0 -0.00045717 -0.0135142
1295965948 -0.413815 0.0533844 0 0 -0 0.00199251 -0.0956914
1295965949 -0.328249 0.0835546 0 0 0 0.0015909 -0.0201476
1295965949 -0.347072 0.150579 0 0 0 2.23813e-05 -0.000250726
1295965950 -0.34233 0.169151 0 0 0 -0.000302661 0.00345322
1295965950 -0.349954 0.132582 0 0 0 0.00992002 -0.0787125
1295965951 -0.262038 0.166691 0 0 0 0.0456854 -0.174872
1295965951 -0.162758 0.214424 0 0 0 0.0765968 -0.164102
1295965952 -0.200985 0.666202 0 0 0 0.0558254 -0.0854954
1295965953 -0.0848025 0.364922 0 0 0 0.0372981 -0.0480626
1295965953 -0.00728494 0.288622 0 0 0 0.0948559 -0.0999357
1295965954 0.0635706 0.273044 0 0 0 0.113376 -0.0898464
1295965954 0.189252 0.307838 0 0 0 0.15541 -0.086655
1295965955 0.421009 0.421581 0 0 0 0.03166 -0.0134738
1295965956 0.545729 0.514558 0 0 0 -0.000540231 0.000219195
1295965957 0.596843 0.495727 0 0 0 0.00873835 -0.00350067
1295965958 0.281207 0.224891 0 0 0 -0.00413028 0.00164274
1295965958 0.275113 0.233573 0 0 0 -0.00701052 0.00283716
1295965959 0.284719 0.279068 0 0 0 -0.00120201 0.000492665
1295965959 0.225491 0.184741 0 0 0 0.105644 -0.0366227
1295965960 0.228931 0.110586 0 0 0 0.115718 -0.0256897
1295965960 0.314936 0.0575118 0 0 0 0.145645 -0.0125564
1295965961 0.470595 -0.100336 0 -0 0 0.24015 0.0260947
1295965962 0.253957 -0.135967 0 0 0 0.0300892 0.00751725
1295965962 0.350541 -0.210976 0 0 0 0.0156547 0.00430639
1295965963 0.290592 -0.189873 0 0 0 0.0158987 0.00465531
1295965963 0.302998 -0.215435 0 0 0 -0.00324417 -0.000973181
1295965964 0.285009 -0.261415 0 0 0 -0.000659957 -0.000196508
1295965964 0.282136 -0.246035 0 0 0 -0.00612287 -0.0017996
1295965965 0.273672 -0.256051 0 0 0 -0.00267108 -0.000771792
1295965965 0.239952 -0.219125 0 0 0 -0.0279216 -0.00759018
1295965966 0.245298 -0.152923 0 0 0 -0.151186 -0.026595
1295965967 0.268197 -0.0795126 0 0 -0 -0.112389 -0.00461364
1295965967 0.357466 -0.0549859 0 0 0 -0.0176976 0.000426514
1295965968 0.363384 -0.0131501 0 0 0 -0.101791 0.00857527
1295965968 0.26024 0.0739295 0 0 0 -0.142966 0.0302138
1295965969 0.29064 0.144527 0 0 0 -0.0174229 0.00520851
1295965969 0.348116 0.151319 0 0 0 0.045897 -0.012986
1295965970 0.350699 0.137718 0 0 0 -0.00211976 0.000547985
1295965970 0.329904 0.125138 0 0 0 -0.00783963 0.00206976
1295965971 0.241934 0.146309 0 0 0 -0.135951 0.0472048
1295965971 0.158398 0.216558 0 0 0 -0.176529 0.098135
1295965972 0.0617399 0.242617 0 0 0 -0.13864 0.116593
1295965972 -0.0234236 0.299153 0 0 0 -0.0792854 0.0902594
1295965973 -0.0743623 0.369065 0 0 0 -0.00929734 0.012154
1295965973 -0.066229 0.369393 0 0 0 -0.00482286 0.00645972
1295965974 -0.0821132 0.36136 0 0 0 -0.0325908 0.0467501
1295965974 -0.0887107 0.31036 0 0 0 -0.00726484 0.0112448
1295965975 -0.113573 0.354241 0 0 0 -0.00329818 0.00521625
1295965975 -0.113364 0.360444 0 0 0 -0.00204643 0.00327276
1295965976 -0.0991922 0.380688 0 0 0 -0.00649653 0.0105802
1295965976 -0.129878 0.353668 0 0 0 -0.0184674 0.0318046
1295965977 -0.147562 0.34211 0 0 0 -0.00428378 0.00778135
1295965977 -0.15156 0.353819 0 0 0 -0.0024335 0.00449454
1295965978 -0.143513 0.340034 0 0 0 0.00835025 -0.0151996
1295965978 -0.0914573 0.34329 0 0 0 0.0784683 -0.119138
1295965979 -0.00574281 0.282967 0 0 0 0.0296017 -0.0367991
1295965980 0.00639528 0.548303 0 0 0 -0.00651251 0.00779558
1295965980 -0.0227748 0.273694 0 0 0 -0.00676455 0.00827095
1295965981 -0.0502669 0.23606 0 0 0 -0.00249284 0.00309397
1295965981 -0.0102772 0.0463934 0 0 0 -0.000402507 0.000501936
1295965982 -1.65533e-05 7.33388e-05 0 0 0 -1.0847e-05 1.35356e-05
1295965982 -4.00747e-07 1.80646e-06 0 0 0 9.85281e-07 -1.22952e-06
1295965983 0 0 0 0 0 0 0
1295965983 0 0 0 0 0 0 0
1295965984 0 0 0 0 0 0 0
1295965984 -0.000117293 -0.000238932 0 0 0 0.0180076 -0.021831
1295965985 -0.000492634 0.0101094 0 0 0 -0.00301904 0.00357323
1295965985 -0.0176517 0.13092 0 0 0 0.027512 -0.0313649
1295965986 -0.0012284 0.145302 0 0 0 0.0480954 -0.0490788
1295965986 0.00802651 0.148353 0 0 0 0.00429901 -0.00407124
1295965987 0.0135351 0.114478 0 0 0 0.0432275 -0.0383994
1295965987 0.0147278 0.0642832 0 0 0 0.0436492 -0.0345504
1295965988 0.0304237 0.1045 0 0 0 0.00568882 -0.00421957
1295965988 0.0422519 0.136911 0 0 0 -0.00098993 0.000729779
1295965989 0.0390668 0.141473 0 0 0 -0.0210978 0.0160093
1295965989 0.0310991 0.141811 0 0 0 -0.0262851 0.0212233
1295965990 0.0147856 0.139482 0 0 0 -0.0688708 0.0632548
1295965990 -0.00346258 0.0894954 0 0 0 -0.0271887 0.028526
1295965992 -0.0252866 0.28155 0 0 0 -0.00247087 0.0027068
1295965992 -0.0147335 0.154646 0 0 0 -0.00109336 0.00120415
1295965993 -0.00686689 0.160212 0 0 0 0.0573926 -0.0583264
1295965993 0.0122293 0.121977 0 0 0 0.0688623 -0.0588584
1295965994 0.0282696 0.127082 0 0 0 0.00102687 -0.000799054
1295965995 0.0843964 0.34435 0 0 0 0.000240673 -0.000186968
1295965995 0.0422092 0.175234 0 0 0 0.000451332 -0.000350303
1295965996 0.0372581 0.168517 0 0 0 -0.00131522 0.00102196
1295965996 0.032482 0.175425 0 0 0 -0.00215692 0.00168362
1295965997 0.0213674 0.0921267 0 0 0 -0.000475077 0.000372107
1295965997 0.0171343 0.0689102 0 0 0 0.000614124 -0.00048093
1295965998 0.0196989 0.0583103 0 0 0 0.0569753 -0.0414316
1295965998 0.0383916 0.0956611 0 0 0 0.00760526 -0.00508042
1295965999 0.0641703 0.152395 0 0 0 -0.00223018 0.00147938
1295965999 0.0659255 0.158184 0 0 0 -0.00228713 0.00152611
1295966000 0.0830108 0.204288 0 0 0 -0.00532338 0.00358746
1295966000 0.0814749 0.207395 0 0 0 -0.00250861 0.00170786
1295966001 0.0750336 0.177599 0 0 0 0.019778 -0.013167
1295966001 0.082479 0.165583 0 0 0 0.0445929 -0.0272994
1295966002 0.0928409 0.159339 0 0 0 0.00957966 -0.00545545
1295966002 0.100944 0.135807 0 0 0 0.0875044 -0.0437076
1295966003 0.115972 0.111623 0 0 0 0.0702788 -0.0277869
1295966003 0.147829 0.0243291 0 0 0 0.0951117 -0.0282881
1295966004 0.143217 -0.0706339 0 0 0 -0.0523701 0.0143024
1295966004 0.117595 0.050189 0 0 0 -0.0364441 0.0117907
1295966005 0.199875 0.16354 0 0 0 -0.00789605 0.00275973
1295966005 0.157688 0.188899 0 0 0 -0.129093 0.0562435
1295966006 0.0258734 0.0232661 0 0 0 -0.143681 0.091407
1295966006 -0.0489039 -0.214501 0 0 0 -0.00515732 0.00396227
1295966007 -0.0136423 -0.0526052 0 0 0 0.000874902 -0.000675935
1295966008 3.28527e-06 1.25404e-05 0 0 0 6.51094e-07 -5.02449e-07
1295966008 1.55299e-07 5.95288e-07 0 0 0 6.45643e-07 -4.98242e-07
1295966009 0 0 0 0 0 0 0
1295966009 0 0 0 0 0 0 0
1295966010 0 0 0 0 0 0 0
1295966010 7.8287e-07 2.98508e-06 0 0 0 -6.43927e-07 4.96917e-07
1295966011 0 0 0 0 0 0 0
1295966011 0 0 0 0 0 0 0
1295966012 0 0 0 0 0 0 0
1295966012 0 0 0 0 0 0 0
1295966013 0 0 0 0 0 0 0
1295966013 0 0 0 0 0 0 0
