1295965766 3.43662e-09 3.43662e-09 0 0.000146563 0.000217757 -1.99972e-06 -1.48234e-06
1295965767 -2.32425e-08 -2.32425e-08 0 7.88823e-06 0.000555761 -4.73388e-06 -9.10842e-07
1295965767 2.41943e-09 2.41943e-09 0 -0.000253437 -5.78709e-05 9.32233e-07 2.22847e-06
1295965768 -1.27774e-08 -1.27774e-08 0 -6.47865e-05 0.000290978 -2.26741e-06 -1.46426e-08
1295965768 -2.14307e-08 -2.14307e-08 0 -0.000213878 7.03914e-05 -1.2684e-07 1.58543e-06
1295965769 -1.34323e-08 -1.34323e-08 0 7.35887e-05 -0.000261832 1.95027e-06 -7.51771e-08
1295965769 -2.05054e-08 -2.05054e-08 0 -6.58823e-05 -2.64655e-05 3.32009e-07 5.76952e-07
1295965770 -1.62577e-08 -1.62577e-08 0 -0.000102217 5.54605e-05 -2.51551e-07 7.09791e-07
1295965771 -8.86441e-09 -8.86441e-09 0 -0.000106119 0.000172884 -1.14439e-06 4.94294e-07
1295965771 -8.00771e-09 -8.00771e-09 0 8.90979e-05 6.20355e-05 -6.68689e-07 -8.25872e-07
1295965772 7.1761e-09 7.1761e-09 0 0.000252072 0.000121644 -1.51519e-06 -2.27937e-06
1295965772 -2.85841e-08 -2.85841e-08 0 0.000204098 5.83958e-05 -9.3872e-07 -1.81081e-06
1295965773 -0.000288358 0.00101356 0 0.000175214 0.000357441 0.034662 -0.000514566
1295965773 -0.00135475 -0.00447192 0 -0.000981151 -0.00171052 0.247726 -0.0394254
1295965774 0.00201761 -0.00435837 0 0.000607385 0.000288874 0.166821 -0.0653492
1295965774 0.00746503 -0.00461847 0 -0.00116886 -0.00234623 0.256012 -0.183183
1295965775 -0.0133209 0.0401972 0 0.000743912 -0.00142732 0.131614 -0.160203
1295965776 -0.0753021 0.15893 0 -0.00084937 -0.000359052 0.0191536 -0.0301327
1295965776 -0.0649275 0.111335 0 -0.00138701 0.00176505 0.0214376 -0.0368246
1295965777 -0.111854 0.151848 0 0.00019238 0.000281026 0.0331221 -0.0653771
1295965777 -0.137109 0.149844 0 -0.000526296 4.58133e-05 0.00364462 -0.00798404
1295965778 -0.15264 0.161217 0 0.000701875 0.00108217 0.00237269 -0.00531303
1295965779 -0.0895146 0.0914682 0 -8.76234e-06 -0.000460402 0.00239606 -0.0054422
1295965779 -0.161825 0.155289 0 -0.00068605 0.00195824 0.0036615 -0.00848513
1295965780 -0.121461 0.114344 0 0.000174381 -0.000930317 0.00100131 -0.00235953
1295965780 -0.202439 0.165863 0 -0.000319503 0.00143823 0.0307322 -0.0826945
1295965781 -0.148842 0.0925895 0 -0.000410159 -5.54856e-05 0.00832253 -0.0271369
1295965782 -0.385951 0.113729 0 -0.000426747 0.000461107 0.029924 -0.138878
1295965782 -0.243777 0.0122735 0 -0.00299212 0.00050112 0.000935897 -0.00670418
1295965783 -0.0358586 -0.000981949 0 -0.000462262 0.000274745 0.000102549 -0.0007644
1295965784 1.20762e-06 1.76422e-08 0 6.58499e-05 5.02022e-05 -4.39379e-07 1.60655e-06
1295965784 2.46935e-09 2.46935e-09 0 -0.000215362 0.000656434 -2.47578e-06 7.4608e-07
1295965785 -1.58019e-08 -1.58019e-08 0 0.000142252 0.000596393 -2.66691e-06 -6.52766e-07
1295965785 -2.0278e-08 -2.0278e-08 0 -0.000395917 0.000256732 -1.32242e-06 1.95375e-06
1295965786 -2.15649e-08 -2.15649e-08 0 -7.97746e-06 -6.80647e-05 3.40373e-07 1.44963e-08
1295965786 2.12879e-09 2.12879e-09 0 -0.000171988 0.00103463 -5.82864e-06 1.42789e-06
1295965787 -1.89936e-08 -1.89936e-08 0 -0.000109873 0.000150728 -1.00941e-06 7.433e-07
1295965787 -2.47767e-08 -2.47767e-08 0 -0.000264265 -5.7034e-05 1.18783e-07 1.46989e-06
1295965788 -1.25626e-08 -1.25626e-08 0 -0.000102885 0.000172811 -1.20545e-06 7.77445e-07
1295965788 5.81906e-07 -4.52474e-09 0 -0.000106107 -0.000176975 1.12729e-06 -5.73299e-07
1295965789 1.23125e-08 1.23125e-08 0 0.000102481 -7.62187e-05 5.93149e-07 -6.60193e-07
1295965789 2.74741e-09 2.74741e-09 0 -0.000332775 0.000515712 -3.76246e-06 2.5829e-06
1295965790 -9.72517e-09 -9.72517e-09 0 0.000317408 0.000191738 -8.76044e-07 -1.66746e-06
1295965790 -5.98416e-09 -5.98416e-09 0 0.000443432 0.000227203 -1.13373e-06 -2.61666e-06
1295965791 -1.65863e-08 -1.65863e-08 0 0.000275161 3.49335e-05 -5.58653e-08 -1.81695e-06
1295965792 -2.75991e-08 -2.75991e-08 0 -5.0206e-05 -0.000353606 2.40924e-06 1.30114e-07
1295965792 -0.00289821 -4.23626e-05 0 0.00111041 0.000281275 -2.5731e-05 0.000170112
1295965793 -0.170331 0.0173321 0 0.00123477 -0.000711751 0.000620913 -0.00468174
1295965793 -0.227426 0.0267809 0 0.000459623 -0.000436376 0.000249318 -0.00192613
1295965794 -0.312431 0.049408 0 -0.00148588 0.000981911 -0.00339876 0.0242175
1295965795 -0.273332 0.0562691 0 -0.000114847 0.000595993 0.000473484 -0.00316048
1295965795 -0.089406 0.0306713 0 -0.0010173 -4.32732e-05 -0.00558564 0.0334838
1295965796 -0.134399 0.0491869 0 0.000225435 -0.000722897 0.00421283 -0.0245341
1295965796 -0.0772228 0.0249167 0 -0.000867956 0.000589914 0.00285258 -0.0191973
1295965797 -0.128245 0.038755 0 0.00112761 9.98499e-05 -0.00183859 0.0126368
1295965797 -0.0774117 0.0235452 0 0.000154871 -0.000466486 0.000443959 -0.00293081
1295965798 -0.116774 0.03778 0 -0.00285427 0.000565388 -0.00448204 0.0274435
1295965798 -0.049348 0.0197372 0 0.00197867 -0.000302862 -0.00663143 0.0339649
1295965799 -0.104344 0.0454815 0 0.000299845 9.00699e-05 8.09997e-05 -0.000383577
1295965799 -0.0922706 0.0403557 0 -0.000137288 0.00107465 0.000594329 -0.0028501
1295965800 -0.146219 0.0487809 0 0.000465648 -0.00137885 0.0165711 -0.10788
1295965800 -0.088906 0.0175863 0 0.00200656 0.000814698 0.0015141 -0.0170438
1295965801 -0.239221 0.0362829 0 -0.00200007 -0.000348241 0.000529731 -0.00676441
1295965801 -0.142496 0.0200644 0 0.000560577 -6.83466e-05 0.000147642 -0.00202634
1295965802 -0.261138 0.0312006 0 0.000231955 0.000984286 0.00040352 -0.00597112
1295965802 -0.166184 0.0149614 0 -0.000470723 -0.00104411 0.00022808 -0.00341824
1295965803 -0.230969 0.0176618 0 -0.00246247 0.00113655 0.000300171 -0.00516176
1295965803 -0.00173586 0.000118276 0 0.000682183 2.77956e-05 -2.37753e-05 0.000420558
1295965804 0.000358828 -2.47097e-05 0 -0.00020236 -0.000130104 -1.27444e-05 0.000236597
1295965804 0.000104026 -7.20365e-06 0 0.000292925 1.85156e-05 -1.41633e-05 0.000244569
1295965805 0.00011693 -8.15179e-06 0 8.4754e-05 5.63994e-05 1.69826e-07 -1.02417e-05
1295965805 4.88104e-05 -3.39568e-06 0 -8.18804e-05 7.96045e-05 2.60147e-06 -5.67375e-05
1295965806 -0.00817778 -0.00311539 0 0.00370052 0.00076723 2.9146e-05 -0.000707843
1295965806 -0.122265 -0.021815 0 0.000499 9.01731e-05 0.000207027 -0.00377591
1295965807 -0.298327 -0.052624 0 -0.00196334 0.000849283 0.000194312 -0.00381313
1295965807 -0.236988 -0.0298199 0 -0.00276255 -0.000603313 -0.00386576 0.0512397
1295965808 -0.321726 0.0312685 0 0.00124388 -1.19569e-05 -0.0274893 0.152289
1295965808 -0.247497 0.0847254 0 -0.000513444 -0.000366564 -0.00471786 0.0173936
1295965809 -0.494677 0.211985 0 6.14871e-05 -2.94591e-05 0.00512553 -0.0189414
1295965810 -0.282311 0.101266 0 -0.000257743 0.00013797 0.00638158 -0.0259622
1295965810 -0.241726 0.0783294 0 -0.000167865 0.000579335 0.00431489 -0.0195316
1295965811 -0.274629 0.0697427 0 -0.00137816 -0.000479691 0.00689757 -0.0359693
1295965811 -0.263883 0.0540283 0 0.00116619 0.000169217 0.00285524 -0.017444
1295965812 -0.286338 0.0352982 0 0.000913386 -0.000577026 0.00597261 -0.0454778
1295965813 -0.4087 0.0336503 0 -0.000524306 0.000814202 0.00105842 -0.0103846
1295965813 -0.402671 0.024506 0 0.00186094 -0.00125521 0.00122691 -0.0134275
1295965814 -0.279002 0.0159333 0 0.00066499 0.000662005 0.000396391 -0.00496184
1295965814 -0.255931 0.0107993 0 -0.000680539 0.000747208 0.00043156 -0.00576554
1295965815 -0.283559 0.0068236 0 -0.00215787 -0.00117502 0.000658856 -0.00949373
1295965816 -0.273425 0.00329718 0 -1.4826e-05 -7.20486e-05 0.000201368 -0.00324992
1295965816 -0.266898 0.00400731 0 0.00247639 0.000578222 -0.000826372 0.0123595
1295965817 -0.267984 0.0188269 0 -0.0023861 -0.000101136 -0.00320117 0.0354043
1295965817 -0.2752 0.0557981 0 0.000627806 -0.000914761 -0.0169387 0.104403
1295965818 -0.235274 0.113935 0 -0.00279556 0.000153766 -0.0386435 0.132837
1295965818 -0.198344 0.196226 0 0.000106341 -0.00142633 -0.0818873 0.170792
1295965819 -0.173025 0.491756 0 -6.05731e-06 -0.00099723 -0.0934435 0.130283
1295965820 -0.0625728 0.280295 0 -0.000954378 0.000154521 -0.0058775 0.00687332
1295965820 -0.0341262 0.265252 0 -0.000256992 0.00096354 -0.0521769 0.0560174
1295965821 -0.010092 0.268329 0 0.00125497 -0.00125472 -0.00780816 0.00769834
1295965821 -0.00983432 0.267712 0 0.000442953 0.000416215 0.00817615 -0.00804925
1295965822 -0.0156216 0.271133 0 0.000486378 0.000413207 0.0055655 -0.00558722
1295965822 0.00189804 0.276259 0 0.000221075 -0.000477434 -0.0600703 0.055968
1295965823 0.0328547 0.265087 0 6.28623e-05 -0.000790751 -0.00929499 0.00788066
1295965823 0.0380942 0.263993 0 0.000459518 0.000967011 0.00583271 -0.00492518
1295965824 0.0384095 0.274904 0 0.000475026 7.19555e-05 0.00965458 -0.00831144
1295965824 0.0327678 0.275913 0 0.000579961 0.00178116 0.00814349 -0.0071965
1295965825 0.0201524 0.278294 0 0.00209399 -0.00106349 0.00384483 -0.00343699
1295965825 0.0128591 0.262148 0 0.000612477 -0.000771448 0.00451975 -0.00409073
1295965826 0.00774875 0.265615 0 4.51118e-05 0.000777004 0.00768466 -0.00708753
1295965826 0.00342823 0.287645 0 -0.000730754 -0.000501421 0.00273245 -0.0025466
1295965827 0.0163139 0.282809 0 -0.000760601 0.00130885 -0.0441525 0.0390262
1295965827 0.033035 0.247804 0 -0.00074873 0.000261113 -0.00374624 0.00310319
1295965828 0.0479504 0.294229 0 0.000875666 -0.00192047 0.00285193 -0.00234421
1295965828 0.044786 0.246287 0 0.00103484 0.000491555 -0.000533369 0.000436232
1295965829 0.0503676 0.278538 0 7.3179e-05 0.000410527 0.00652712 -0.00546726
1295965829 0.0391183 0.247513 0 0.00124849 -0.000498645 0.00931141 -0.00796032
1295965830 0.0424786 0.296035 0 0.000203127 0.00103478 0.000970427 -0.000851771
1295965830 0.0358019 0.254045 0 0.00160436 -0.000284837 0.00242054 -0.00211451
1295965831 0.0347594 0.274507 0 -1.5459e-05 -0.000273668 0.00809792 -0.00714745
1295965831 0.0266137 0.255064 0 0.000275756 0.000286518 0.00876278 -0.00792025
1295965832 0.0228098 0.29949 0 0.00139794 -0.000420618 0.0111868 -0.0103918
1295965832 0.0231031 0.252282 0 -0.000607807 0.00106871 -0.0274714 0.0249407
1295965833 0.0469955 0.282344 0 0.00138196 0.000555892 -0.0174266 0.014876
1295965833 0.0430354 0.247926 0 -0.00125685 0.00160376 0.00408343 -0.0034362
1295965834 0.0584056 0.292254 0 -0.00130054 -0.00148024 -0.0371975 0.029939
1295965834 0.0840007 0.228889 0 0.00064369 0.000369196 -0.0752138 0.0522855
1295965835 0.156856 0.252172 0 -0.00141026 -0.000516142 -0.102764 0.0565602
1295965835 0.174175 0.179258 0 -0.000147169 -0.000496343 -0.0906019 0.0378041
1295965836 0.234733 0.155578 0 -0.00171772 -0.000659078 -0.109982 0.0326802
1295965836 0.248178 0.0942629 0 -0.00150596 -0.000397346 -0.107307 0.0191783
1295965837 0.283391 0.0437011 0 -0.000278554 -0.00148152 -0.0861912 0.00683497
1295965837 0.246217 0.0198014 0 0.000213786 -4.03683e-05 0.0028525 -0.000106195
1295965838 0.299422 0.0251284 0 -0.00105645 0.000534197 0.00531809 -0.00022207
1295965838 0.240373 0.0225568 0 0.00089428 -0.00185414 0.00523061 -0.000234909
1295965839 0.296584 0.0317015 0 0.00129985 0.000206422 0.00732258 -0.000390522
1295965839 0.242589 0.029404 0 -0.000630156 0.000642229 0.00692728 -0.000417822
1295965840 0.300719 0.0410162 0 0.000494342 0.000478787 0.00571779 -0.000383311
1295965841 0.248542 0.0124436 0 -0.00103975 -0.00252034 -0.100035 0.00192805
1295965841 0.281603 -0.0402443 0 0.00113957 7.52446e-05 -0.0687757 -0.00450443
1295965842 0.239928 -0.0462694 0 -1.48354e-05 -0.000432531 0.00713715 0.000690353
1295965842 0.282896 -0.0491738 0 0.00105969 0.000906474 0.0124983 0.00107669
1295965843 0.264755 -0.0409365 0 8.96247e-05 -0.000145708 0.00325587 0.000256272
1295965843 0.273572 -0.0684618 0 -0.000195661 0.000512817 -0.101972 -0.0131553
1295965844 0.220457 -0.11271 0 -0.000856736 -0.000855309 -0.12537 -0.0312559
1295965844 0.209743 -0.206782 0 -0.00111913 -0.000198437 -0.158462 -0.0660551
1295965845 0.114198 -0.215928 0 -0.00016009 8.32064e-05 -0.116683 -0.071438
1295965846 0.0376279 -0.534171 0 -0.00123611 -0.00128083 -0.175917 -0.159621
1295965846 -0.0381393 -0.28412 0 8.15849e-06 0.00046239 -6.93465e-07 -2.10441e-06
1295965847 -0.134429 -0.507955 0 7.48984e-05 -0.000670537 -0.0882072 -0.118212
1295965848 -0.129376 -0.225307 0 0.00018222 -0.00304281 1.73144 -0.997052
1295965848 -0.167096 -0.271905 0 0.00105843 0.00169383 -1.73506 0.991328
1295965849 -0.0900403 -0.193331 0 -0.00037406 -0.0014583 0.0108788 0.0169516
1295965849 -0.116808 -0.273804 0 -0.000816732 -0.000171877 0.00414551 0.0062678
1295965850 -0.0940514 -0.23059 0 -0.000237662 0.000178063 0.00414943 0.00617318
1295965850 -0.10971 -0.282229 0 0.0013462 -0.000198865 0.00418819 0.00612989
1295965851 -0.0863753 -0.227969 0 0.000600928 -0.000349161 0.00130847 0.00189314
1295965851 -0.0939352 -0.271167 0 -0.000547031 -0.00054678 0.0268414 0.0369587
1295965852 -0.0520346 -0.242059 0 0.00113777 -0.000348704 0.0308511 0.0384892
1295965852 -0.0481981 -0.292947 0 -0.000445929 0.00117038 0.00484554 0.00571141
1295965853 -0.0370626 -0.247575 0 0.000112236 -0.000382554 0.00407259 0.0047281
1295965853 -0.037058 -0.279573 0 0.000238297 5.47134e-05 0.00758849 0.00865537
1295965854 -0.0280805 -0.264685 0 0.000506488 -3.91595e-05 0.00966869 0.0107422
1295965854 -0.00860877 -0.286735 0 -0.00119892 -0.00070407 0.0333134 0.0347671
1295965855 0.00695167 -0.229055 0 0.00146895 -0.00041257 0.02454 0.0235824
1295965855 0.0289677 -0.316981 0 0.00114061 -0.00239039 0.0140459 0.012783
1295965856 0.032979 -0.252339 0 0.00017422 0.000756022 0.0195864 0.0170665
1295965856 0.0562137 -0.274073 0 0.00147456 -7.44895e-05 0.0463756 0.0370316
1295965857 0.0498311 -0.144638 0 0.00248439 0.00314823 0.0423427 0.0301118
1295965857 0.0229882 -0.0562894 0 -0.00201296 -0.00251145 0.00363272 0.00244167
1295965858 0.0373839 -0.0890733 0 0.000261687 -0.000224361 0.00246447 0.00163434
1295965858 0.0587579 -0.137626 0 -0.00122536 -0.00195597 0.00208125 0.0013707
1295965859 0.0847341 -0.194666 0 6.39607e-05 0.000575797 0.00450838 0.00295625
1295965859 0.125178 -0.276787 0 0.000212288 0.000314078 0.00659854 0.00425982
1295965860 0.105989 -0.227276 0 0.000900721 -0.000487799 0.00464279 0.00294326
1295965860 0.11512 -0.253224 0 -0.000570669 -0.000270321 -0.0178753 -0.0115665
1295965861 0.0884723 -0.254715 0 -0.000440996 -0.000227107 -0.0571987 -0.0408504
1295965861 0.0444968 -0.281557 0 0.00195968 0.00165643 -0.084367 -0.0726753
1295965862 -0.108432 -0.514026 0 0.000602885 0.0015243 -0.160534 -0.200448
1295965863 -0.345529 -0.38955 0 -0.014051 0.00587638 1.812 -0.807431
1295965864 -0.253369 -0.12786 0 0.000684718 -0.00148008 0.0288042 0.124005
1295965865 -0.26123 -0.059875 0 0.00227134 0.00076218 0.0121702 0.112083
1295965866 -0.525318 0.0407701 0 -0.000714762 -0.00190839 -0.00763441 0.185291
1295965866 -0.239391 0.0704415 0 -0.000377927 0.000955861 -0.00232547 0.0162263
1295965867 -0.290737 0.053172 0 0.000455292 0.000648646 0.0112667 -0.142537
1295965867 -0.250234 -0.0298294 0 -0.000213729 0.00160645 -0.00875745 -0.13954
1295965868 -0.267919 -0.0817172 0 -0.000908713 -0.000605955 -0.00437383 -0.0294255
1295965869 -0.506749 -0.176128 0 0.00371621 0.00333543 -0.00181519 -0.0106988
1295965869 -0.236467 -0.0738672 0 -0.0021333 -0.00245503 0.00885041 0.0618812
1295965870 -0.288973 -0.0199521 0 0.00124555 0.000644615 0.00539273 0.148611
1295965870 -0.249265 0.0185398 0 -0.000888867 0.000593721 -0.000134892 0.00326826
1295965871 -0.282332 0.0204054 0 0.000783765 0.000139274 0.000495082 -0.014428
1295965871 -0.264974 0.00482637 0 -0.000627935 0.0017432 0.000236642 -0.0117438
1295965872 -0.268217 0.0550554 0 -0.000207009 -0.00033501 -0.0201127 0.184882
1295965872 -0.205326 0.126471 0 -0.000382324 -0.00321853 -0.0462746 0.158497
1295965873 -0.188886 0.228195 0 0.00144064 -0.000234848 -0.056627 0.122139
1295965873 -0.138554 0.213464 0 -0.000512393 -0.000182675 0.00122898 -0.00224958
1295965874 -0.128385 0.24236 0 2.26337e-05 -0.000612134 -0.051049 0.0836445
1295965874 -0.0791124 0.244567 0 0.000838009 0.000375641 -0.0315893 0.0438747
1295965875 -0.152832 0.527894 0 0.000570523 0.0013213 0.00242932 -0.00320726
1295965876 -0.0418281 0.275489 0 -0.00139554 -0.000986336 -0.0866822 0.100174
1295965876 0.0270798 0.244338 0 0.00103594 -0.000593493 -0.0989518 0.0876768
1295965877 0.235673 0.486586 0 0.00121058 -0.000533128 -0.119953 0.0797613
1295965878 0.14479 0.2433 0 -0.000286966 -0.000669792 0.00484307 -0.002756
1295965878 0.136378 0.23044 0 0.000675053 0.00065596 0.0109938 -0.00639275
1295965879 0.113408 0.264177 0 0.00158611 0.00146208 0.089752 -0.0597001
1295965879 0.0489537 0.237712 0 -0.000751359 6.33025e-05 0.0710349 -0.0582439
1295965880 0.00532758 0.301446 0 0.000558958 0.00170775 0.0646033 -0.0636784
1295965881 -0.0567708 0.529696 0 0.000881837 -0.00131482 0.0186798 -0.020727
1295965881 -0.0352086 0.247481 0 0.00172925 -0.000252319 0.00740501 -0.00855776
1295965882 -0.0341758 0.279588 0 -0.00120077 0.000755323 -0.0367695 0.0406374
1295965882 0.00780575 0.248347 0 -0.000354278 0.000354192 -0.0532667 0.0517283
1295965883 0.0283954 0.295631 0 -0.00104361 0.00172603 0.00333733 -0.00303106
1295965883 0.023174 0.26522 0 0.00123273 5.11804e-06 0.00371518 -0.00340058
1295965884 0.0381765 0.285016 0 0.000140199 -0.00100821 -0.0423522 0.0367878
1295965884 0.0456251 0.240216 0 -0.00020434 0.000834641 0.00500786 -0.00414086
1295965885 0.0491367 0.28453 0 0.00171923 8.07521e-05 0.00865909 -0.0072908
1295965885 0.0425 0.262428 0 -7.0956e-05 -0.000141323 0.000850902 -0.000723131
1295965886 0.0437775 0.278937 0 0.00173902 -0.000780268 0.00483047 -0.00415176
1295965886 0.0342791 0.24784 0 0.000220904 0.00012668 0.00788949 -0.00688889
1295965887 0.0478056 0.294977 0 -0.000888432 -0.000521997 -0.0321839 0.0272154
1295965887 0.0532404 0.243309 0 0.00199493 0.000832088 -0.00821871 0.00656201
1295965888 0.0646828 0.28478 0 0.00126492 0.000643031 0.00378517 -0.00303282
1295965888 0.0528094 0.244516 0 -0.000163688 0.000604251 0.00615372 -0.00496895
1295965889 0.055672 0.276631 0 -0.00129165 0.00125033 0.00413971 -0.0033846
1295965889 0.0462972 0.245374 0 0.000548586 -0.00117049 0.0064115 -0.0053122
1295965890 0.0499621 0.298129 0 4.74206e-05 -0.000333394 0.00843612 -0.00713395
1295965890 0.0328691 0.205492 0 0.000449769 -0.000753701 -0.00474026 0.00403075
1295965891 0.103637 0.300351 0 -0.00271308 0.00353818 -0.151123 0.105425
1295965891 0.1531 0.189961 0 -0.00126968 -0.00126037 -0.137873 0.0650274
1295965892 0.227689 0.188424 0 0.00148935 -0.000805406 -0.0279858 0.010195
1295965893 0.202209 0.158891 0 -0.000192251 -0.000284024 -0.00842479 0.00288953
1295965893 0.256434 0.147211 0 0.000347229 4.52765e-05 -0.131813 0.0346955
1295965894 0.221543 0.0652436 0 -0.00165948 0.000453106 -0.100113 0.0139732
1295965894 0.293896 0.0498489 0 -0.000919209 -0.00111987 -0.0127472 0.00105462
1295965895 0.530728 -0.0216432 0 -0.00102308 0.000385458 -0.217546 -0.00735226
1295965896 0.243729 -0.0929302 0 -0.000974613 -0.00257897 -0.077508 -0.0142688
1295965896 0.260589 -0.131483 0 0.000565258 0.000548558 -0.017259 -0.00405435
1295965897 0.214328 -0.108699 0 0.000749614 -0.000371135 0.00823543 0.00197302
1295965897 0.273921 -0.132945 0 -0.000470563 -0.00200808 0.00848479 0.001964
1295965898 0.227974 -0.101574 0 0.000218759 -2.28253e-05 0.0339825 0.00706052
1295965898 0.269294 -0.0843979 0 -0.000390149 -0.00103464 0.0643758 0.010057
1295965899 0.242144 -0.0572497 0 0.0015996 0.00152638 0.0162391 0.00185437
1295965899 0.294591 -0.0555493 0 0.000884274 0.001066 -0.0020264 -0.00022493
1295965900 0.231676 -0.0833791 0 -0.00163085 -0.000747628 -0.134628 -0.0239985
1295965900 0.236899 -0.178688 0 -0.000480121 -0.000452931 -0.161215 -0.0552559
1295965901 0.234816 -0.460336 0 -0.00150029 -0.00020141 -0.233501 -0.144179
1295965902 0.022796 -0.260993 0 -0.000307896 -0.000877982 -0.077472 -0.0712308
1295965902 -0.00462548 -0.281617 0 -0.000452111 0.000406964 -0.000326703 -0.000334594
1295965903 -0.00339334 -0.249609 0 0.000606367 -0.000473927 0.00367795 0.00374208
1295965903 -0.0067836 -0.281888 0 0.000391314 0.00127319 -0.0205754 -0.0214542
1295965904 -0.0516946 -0.255964 0 0.000268881 -0.00109393 -0.0822163 -0.100697
1295965904 -0.0942668 -0.266393 0 -0.000805847 -0.000290357 -0.00671453 -0.00952703
1295965905 -0.187127 -0.523984 0 0.000460494 -0.00192354 0.00927349 0.0131003
1295965906 -0.0759706 -0.232813 0 -0.000494451 -0.000905185 0.00450107 0.00620023
1295965906 -0.0846056 -0.273781 0 -0.000385883 -0.0018971 0.00502193 0.00679517
1295965907 -0.0682949 -0.233749 0 0.000491016 0.00223749 0.00402324 0.00537232
1295965907 -0.0766395 -0.276908 0 0.00111529 -0.000997669 0.00491901 0.00645304
1295965908 -0.0670504 -0.257201 0 -0.000501713 0.00046628 0.00359264 0.00465191
1295965908 -0.0684239 -0.273135 0 0.00137394 -0.000186133 0.00217918 0.00278741
1295965909 -0.0586882 -0.242558 0 0.000168326 -0.000430036 0.0020382 0.00259144
1295965909 -0.0931977 -0.282867 0 0.00032619 0.000971905 -0.0506412 -0.0702836
1295965910 -0.104564 -0.244682 0 -0.000334144 -0.000680282 0.00020724 0.000315298
1295965910 -0.101764 -0.268367 0 7.9703e-05 -0.00018428 0.0264115 0.0382225
1295965911 -0.0746508 -0.23394 0 -0.000964071 -0.00222155 0.00499993 0.00681905
1295965911 -0.0674712 -0.277193 0 0.00113477 -0.000384187 0.0517657 0.0643184
1295965912 -0.0118999 -0.239363 0 0.00109544 -2.20982e-05 0.0525627 0.0556091
1295965912 0.0104271 -0.303187 0 0.0012814 -0.000255285 0.0147414 0.0141449
1295965913 0.046036 -0.241061 0 -0.000275896 -6.7448e-05 0.103486 0.0850441
1295965913 0.0968511 -0.240789 0 -0.00122108 0.000855399 0.0301885 0.0207774
1295965914 -0.0236733 -0.374868 0 0.00100272 -0.000462859 -0.0338741 -0.0234222
1295965914 0.069099 -0.0958492 0 0.00727776 0.00372206 0.0420013 0.0286684
1295965915 0.114176 -0.0508163 0 -0.00768366 -0.00472868 -0.00795666 -0.00514551
1295965916 0.185888 -0.406112 0 0.000211457 0.000675796 -0.0120482 -0.00808585
1295965917 0.0724202 -0.281713 0 -0.000206393 0.00084194 -0.127755 -0.103477
1295965917 -0.00926618 -0.235306 0 -0.000139302 0.000428346 -0.0586915 -0.0610948
1295965918 -0.0383966 -0.316032 0 0.00127464 0.000276191 -0.00398096 -0.00454823
1295965918 -0.056027 -0.224178 0 0.000416988 0.00103989 -0.071474 -0.0923866
1295965919 -0.141837 -0.241018 0 -0.0126383 0.00337197 1.73509 -0.979668
1295965919 -0.177099 -0.16244 0 0.00174615 0.000157603 0.04543 0.119158
1295965920 -0.2561 -0.146399 0 0.000646004 0.000588626 0.0180954 0.0664251
1295965920 -0.233579 -0.0820633 0 1.66731e-05 7.17244e-05 0.0185299 0.102048
1295965921 -0.275849 -0.0287909 0 0.000215385 -0.000365426 0.00779833 0.100907
1295965921 -0.249412 -0.0136834 0 -4.80134e-05 0.00103603 -7.92564e-05 -0.002768
1295965922 -0.297368 -0.0161485 0 0.00112454 -0.000627789 -0.000171411 -0.00550641
1295965922 -0.245109 -0.00978803 0 -0.001484 0.000287493 -0.000288807 -0.00736112
1295965923 -0.297088 -0.023728 0 0.000198371 0.00104812 -0.000491721 -0.0103459
1295965923 -0.248537 -0.024964 0 0.000697377 -0.000348004 -0.000395483 -0.007111
1295965924 -0.279873 -0.0351998 0 0.00141136 0.000116264 -0.000444921 -0.00708665
1295965924 -0.261893 -0.0369061 0 -0.000140834 0.00106334 -0.000434767 -0.00616313
1295965925 -0.278014 -0.0417381 0 6.85593e-05 0.000144744 -0.000256108 -0.00342041
1295965925 -0.25254 -0.01917 0 -0.000360213 0.000874757 0.00286983 0.0848195
1295965926 -0.290032 0.0265969 0 -0.000270139 -0.00159858 -0.00232324 0.0601765
1295965926 -0.258822 0.034557 0 0.000503794 0.00161115 0.000286754 -0.00438097
1295965927 -0.293442 0.0479326 0 -0.000472665 -0.00083154 -0.00498009 0.0542211
1295965927 -0.217604 0.0728684 0 0.00155869 -0.000320843 -0.0152094 0.0912781
1295965928 -0.175959 0.0971612 0 -0.00294195 0.000533282 -0.0386626 0.133839
1295965928 -0.0520854 0.0490335 0 0.00260532 -0.00252225 -0.0255628 0.0631349
1295965929 -0.244197 0.272358 0 0.00035759 0.000764839 -0.00403771 0.00894465
1295965930 -0.130035 0.161372 0 -0.000959145 0.000695394 -0.0160289 0.0334018
1295965930 -0.106245 0.140856 0 0.000730357 0.000221265 0.00133118 -0.00265669
1295965931 -0.0945938 0.13731 0 0.00020752 -0.000800311 -0.0233237 0.0439686
1295965931 -0.0839336 0.174993 0 0.000770368 -0.000334114 -0.0549697 0.0868881
1295965932 -0.0556739 0.220145 0 -0.000180418 1.44925e-05 -0.0632887 0.0804251
1295965932 -0.0088132 0.197569 0 8.74204e-05 0.000905724 -0.073316 0.0755207
1295965933 0.0313028 0.240904 0 -0.000354575 0.000202506 -0.0353808 0.0312794
1295965933 0.0411325 0.271206 0 0.00114982 -0.00142587 0.00423902 -0.00358798
1295965934 0.0377787 0.264272 0 0.000672143 0.000416479 0.00757798 -0.00652742
1295965934 0.0332599 0.26501 0 0.000221688 -0.000658958 0.00894686 -0.00787513
1295965935 0.0278853 0.26942 0 -0.000556852 0.000813062 0.00223975 -0.00200324
1295965935 0.0373785 0.259804 0 0.00100456 0.000202734 -0.0223965 0.0194823
1295965936 0.047678 0.282871 0 -0.000805774 -5.281e-05 -0.00394327 0.00331345
1295965936 0.0692453 0.261327 0 0.0010843 -0.00050783 -0.0547892 0.0426338
1295965937 0.0803887 0.25416 0 -0.000125808 0.00162241 0.00663979 -0.0048538
1295965937 0.0748106 0.256554 0 0.00112841 0.00111734 0.0157454 -0.0118468
1295965938 0.0726049 0.278887 0 0.0010908 -0.000478982 0.00652667 -0.00505311
1295965938 0.0619496 0.258437 0 0.000635852 -0.000572389 0.00808958 -0.00638193
1295965939 0.0572427 0.261071 0 0.000156476 -7.67039e-05 0.0062282 -0.00500672
1295965939 0.0680191 0.338101 0 -0.000678696 0.000237612 0.00819813 -0.00671299
1295965940 0.0696797 0.398013 0 -0.000486464 0.000339008 0.0111315 -0.00935436
1295965940 0.0554779 0.355077 0 0.000758245 0.00117555 -0.00234706 0.00198365
1295965941 0.0762465 0.378883 0 -0.00119489 0.000948252 -0.0175783 0.0145567
1295965942 0.0755015 0.375384 0 0.00234233 -0.000372783 0.00622939 -0.0050927
1295965942 0.079889 0.362308 0 0.000585448 -0.000361882 -0.0310395 0.024516
1295965943 0.132906 0.362537 0 -0.00109503 6.95719e-05 -0.051564 0.0365974
1295965943 0.140051 0.343147 0 0.000636919 0.000424271 0.0113781 -0.00766496
1295965944 0.138698 0.369495 0 0.00149456 0.00054407 0.010072 -0.0069867
1295965944 0.12253 0.351686 0 0.000664843 0.000955817 0.0102319 -0.0072853
1295965945 0.117659 0.357735 0 -0.00133859 0.00250789 0.00688145 -0.00501558
1295965945 0.0878602 0.250864 0 -7.72812e-05 -0.00130008 0.00913178 -0.00675803
1295965946 0.0948368 0.260102 0 0.000976404 0.000257175 -0.068573 0.0471358
1295965946 0.144511 0.217112 0 -0.00231073 0.00156386 -0.131594 0.0695493
1295965947 0.224274 0.165489 0 -0.00200116 -0.00159183 -0.152642 0.0524651
1295965947 0.299966 0.112345 0 -0.00120543 -0.000308048 -0.0906991 0.0187497
1295965948 0.36361 0.110587 0 0.000529256 -0.00216015 -0.00405874 0.000651801
1295965948 0.406097 0.0574555 0 0.000549986 0.000666826 -0.0832909 0.00931344
1295965949 0.365215 0.00854875 0 8.07271e-05 -0.00158514 -0.0174472 0.00107192
1295965949 0.377768 -0.0464928 0 -0.00160058 0.000380949 0.00903643 -0.000510023
1295965950 0.367991 -0.0554804 0 0.00156971 0.000114396 0.0138568 -0.000948636
1295965950 0.369755 -0.00791487 0 -0.000370686 -0.000107159 -0.0580295 0.00266852
1295965951 0.307952 -0.060751 0 -0.000958446 0.000462444 -0.171444 -0.0118773
1295965951 0.235147 -0.138677 0 -0.00130751 -0.000770518 -0.168889 -0.0417344
1295965952 0.443658 -0.523111 0 -0.000283271 -0.00173886 -0.0814104 -0.0318588
1295965953 0.245329 -0.313002 0 5.34667e-05 -0.000580869 -0.0455036 -0.0215319
1295965953 0.129427 -0.246711 0 0.00120675 0.000575181 -0.108506 -0.0635962
1295965954 0.067241 -0.257806 0 -0.000379811 -0.000773194 -0.103701 -0.0802554
1295965954 -0.0201284 -0.37959 0 -0.00217457 -0.00224734 -0.121922 -0.128859
1295965955 -0.163324 -0.574784 0 -0.000878624 0.000619287 -0.0149842 -0.0194457
1295965956 -0.204779 -0.713884 0 0.00144355 -0.00129582 0.0125407 0.0163435
1295965957 -0.227999 -0.728483 0 0.00121112 -0.000449854 0.00410848 0.00520423
1295965958 -0.109812 -0.355305 0 0.00081411 -0.000296053 0.00711707 0.00884901
1295965958 -0.090926 -0.351083 0 -0.000447406 -0.00193414 0.0100756 0.0121842
1295965959 -0.064174 -0.380136 0 0.00153058 0.00238104 0.00738986 0.00869386
1295965959 -0.0647306 -0.281511 0 0.00157867 -0.000127277 -0.0590826 -0.0758097
1295965960 -0.114055 -0.236563 0 -0.0068724 -0.00127492 1.69687 -1.05197
1295965960 -0.193352 -0.228617 0 0.000569405 0.0010708 0.054595 0.118897
1295965961 -0.443618 -0.239198 0 0.000240836 -0.000263685 0.0584771 0.235557
1295965962 -0.278786 -0.0599489 0 0.00157942 -0.000108802 0.00302338 0.027973
1295965962 -0.400419 -0.070995 0 -0.00105387 0.000618661 0.000515491 0.00567608
1295965963 -0.343899 -0.052485 0 -0.00119714 0.000777707 0.00106248 0.0130756
1295965963 -0.370189 -0.0468192 0 -0.00111581 0.000644457 -0.00094488 -0.0116507
1295965964 -0.395545 -0.00731494 0 0.00258243 -0.000878627 -0.000714497 -0.00795853
1295965964 -0.370075 -0.0217361 0 -0.000129627 -0.000236804 -0.00160537 -0.0156434
1295965965 -0.370724 -0.0154044 0 -0.000331025 0.000833233 -0.00135636 -0.0116323
1295965965 -0.321628 -0.0218616 0 -0.00167213 0.00161457 -0.00421947 -0.0305006
1295965966 -0.277018 -0.0708894 0 -0.000119211 0.00124382 -0.0353745 -0.150916
1295965967 -0.243612 -0.143481 0 0.000390745 0.00241624 -0.044888 -0.115733
1295965967 -0.277175 -0.227056 0 0.00206584 -0.00124514 -0.00949333 -0.0200304
1295965968 -0.258002 -0.269125 0 0.00585671 -0.00946861 -1.74613 0.969437
1295965968 -0.113891 -0.24111 0 -0.00100724 -0.000950452 0.0897225 0.121735
1295965969 -0.0781342 -0.31692 0 -0.0023893 -0.000301242 0.0187205 0.02114
1295965969 -0.10477 -0.375742 0 0.00115185 -0.000353376 -0.0238613 -0.0271578
1295965970 -0.105419 -0.356957 0 -0.0015416 -0.000759098 0.00641835 0.00749731
1295965970 -0.0979274 -0.336109 0 0.00351832 0.00174104 0.0105453 0.0120034
1295965971 -0.0246091 -0.286871 0 -0.00113249 -0.00097394 0.110859 0.106448
1295965971 0.0798853 -0.242688 0 0.000966246 -0.000796612 0.165139 0.110256
1295965972 0.165932 -0.194006 0 -0.000235421 -0.00168196 0.177194 0.0734914
1295965972 0.269085 -0.151509 0 -0.001069 0.000110188 0.129269 0.0303687
1295965973 0.339395 -0.132612 0 9.15199e-05 0.00188277 0.0214844 0.00333494
1295965973 0.34645 -0.138218 0 -0.00106803 -0.000155537 0.0141052 0.00192365
1295965974 0.348796 -0.118577 0 0.00142521 -0.00241063 0.0609754 0.00594986
1295965974 0.333649 -0.0878611 0 0.00238627 0.00327083 0.0217751 0.00123457
1295965975 0.359546 -0.0762515 0 -0.0012631 0.00125389 0.0143244 0.000558076
1295965975 0.359366 -0.0726312 0 4.38899e-05 -0.00143889 0.0109509 0.000270516
1295965976 0.390295 -0.0939345 0 -0.000265424 0.000537027 0.0175095 0.000199366
1295965976 0.366983 -0.0479687 0 -0.000148427 0.000144632 0.043314 -0.000833504
1295965977 0.377871 -0.0219496 0 -0.000303771 9.6062e-05 0.0179673 -0.000896086
1295965977 0.385107 -0.0173928 0 0.000691146 0.00153965 0.0115051 -0.000741991
1295965978 0.356262 -0.0121064 0 0.00161334 0.00135667 -0.00522725 0.00034968
1295965978 0.362786 -0.0532296 0 -0.000814704 0.00182059 -0.132819 -0.000157958
1295965979 0.259664 -0.101749 0 0.000852773 -0.0008559 -0.040746 -0.0036072
1295965980 0.513505 -0.208418 0 -0.00110972 0.000300551 0.0232002 0.00226343
1295965980 0.256321 -0.0707599 0 0.00128845 0.000274725 0.0177068 0.00134814
1295965981 0.23774 -0.0314238 0 0.000716571 0.00283387 0.00866831 0.000540974
1295965981 0.0503906 -0.00594763 0 0.000699436 0.000862875 0.00103155 5.24341e-05
1295965982 3.55755e-05 -3.94356e-06 0 0.000165461 0.000201979 -0.000188373 -1.29444e-05
1295965982 2.4322e-06 -3.13732e-07 0 0.000132268 -0.000134078 -1.56285e-06 -7.56656e-07
1295965983 -1.64253e-08 -1.64253e-08 0 8.1425e-06 0.000181388 -1.44393e-06 -7.55871e-07
1295965983 -1.66802e-08 -1.66802e-08 0 0.000232855 -0.000162001 3.97655e-07 -1.43271e-06
1295965984 1.36516e-08 1.36516e-08 0 0.000273852 -0.000197824 6.26139e-07 -1.75657e-06
1295965984 -0.000181408 0.000209514 0 0.000538661 0.000227542 -0.0297845 -0.00218227
1295965985 0.0103404 -0.00298778 0 -0.00126931 -0.00391228 0.00617259 0.000541056
1295965985 0.12792 -0.0253116 0 0.000309141 0.00227837 -0.0347637 -0.00346206
1295965986 0.141813 -0.0462458 0 -0.000114335 -8.71503e-05 -0.0690663 -0.0105478
1295965986 0.134081 -0.0528013 0 0.00014438 -0.000285775 -0.000829695 -0.000157762
1295965987 0.106897 -0.0488703 0 0.00111765 0.00164107 -0.0538936 -0.0117796
1295965987 0.0570156 -0.0334941 0 5.1623e-05 0.000917578 -0.0521921 -0.0144262
1295965988 0.0871849 -0.0581771 0 -0.00112666 -0.00155579 -0.00549418 -0.00168112
1295965988 0.121078 -0.0827981 0 -0.000553254 -0.00144012 0.0040178 0.00125146
1295965989 0.127322 -0.0805891 0 0.00148697 -0.000377078 0.0284929 0.00828447
1295965989 0.125052 -0.0692765 0 -0.000307105 0.00047419 0.0354624 0.00906693
1295965990 0.126524 -0.0526438 0 0.00038438 -0.000646097 0.0904165 0.0170036
1295965990 0.0880462 -0.0216337 0 0.000178337 -0.000935365 0.0464826 0.00543797
1295965992 0.278056 -0.0497864 0 -0.000782232 0.000613134 0.0112667 0.000995286
1295965992 0.148454 -0.0238404 0 -0.000173593 0.000324933 0.00602955 0.000477396
1295965993 0.157638 -0.0308328 0 0.00102601 0.00220114 -0.0619232 -0.00665664
1295965993 0.123959 -0.0414749 0 -0.00104086 -0.00148677 -0.095546 -0.018033
1295965994 0.117297 -0.0549482 0 -0.001126 -0.00189289 0.00432562 0.00103655
1295965995 0.319789 -0.151303 0 0.00147766 0.00176535 0.00971793 0.00222036
1295965995 0.161759 -0.0730546 0 -0.00092189 -0.000525619 0.00298676 0.00067444
1295965996 0.153133 -0.0650216 0 0.00131037 0.000501076 0.00343103 0.000740855
1295965996 0.17761 -0.0673295 0 0.000857016 0.00149842 0.00470955 0.001002
1295965997 0.0869131 -0.0372463 0 -0.00133156 -0.00112914 0.00238558 0.000519511
1295965997 0.0615282 -0.0271534 0 0.00119133 0.000988196 0.00115477 0.000228362
1295965998 0.0542828 -0.0289719 0 0.000292653 -0.000539381 -0.0645345 -0.0157334
1295965998 0.0889395 -0.0538686 0 -0.000875424 -0.00271909 -0.010078 -0.00286131
1295965999 0.140978 -0.0886794 0 0.00048178 0.000921686 0.00322816 0.000927777
1295965999 0.143798 -0.0888821 0 -0.000532875 -0.000558903 0.00674583 0.00191539
1295966000 0.195059 -0.114927 0 0.000471898 0.000623003 0.013405 0.00364024
1295966000 0.191127 -0.105881 0 0.000601353 0.000308999 0.00981699 0.00253648
1295966001 0.169661 -0.0979872 0 0.000214694 0.000793906 -0.022925 -0.00610787
1295966001 0.153458 -0.101565 0 -0.000129075 0.00152515 -0.0493162 -0.0151446
1295966002 0.144081 -0.108813 0 -0.000647429 -0.0001774 -0.0049464 -0.00166639
1295966002 0.125418 -0.11552 0 -5.41311e-05 0.000564531 -0.0863286 -0.0340178
1295966003 0.0987466 -0.125086 0 -0.000447503 0.000409809 -0.0623575 -0.0306212
1295966003 0.0126209 -0.147349 0 -0.00426264 0.00176325 -0.087038 -0.0523904
1295966004 -0.0876225 -0.143853 0 0.00314586 -0.00227028 0.0506476 0.0319467
1295966004 0.0391292 -0.112012 0 -8.79672e-05 -0.00367387 0.0300906 0.0170627
1295966005 0.146649 -0.213057 0 -0.000166507 0.000128259 0.0137488 0.00734599
1295966005 0.180746 -0.175923 0 0.00212034 0.00127198 0.130723 0.0570197
1295966006 0.0224607 -0.0267792 0 0.000612581 0.00320097 0.161822 0.0423987
1295966006 -0.203146 0.0631397 0 -0.0005376 -0.0035253 0.00245105 0.000437197
1295966007 -0.0608691 0.0215957 0 -0.000291733 -0.00136316 -0.00316187 -0.000545817
1295966008 2.69138e-06 -1.02765e-06 0 9.55176e-05 0.000104693 -1.11375e-06 -1.07484e-06
1295966008 5.47402e-07 -2.39853e-07 0 0.00014681 0.000253435 -7.58329e-05 -1.45956e-05
1295966009 -1.17083e-08 -1.17083e-08 0 -0.000424893 -0.000115586 1.52698e-06 4.5782e-06
1295966009 -9.93333e-09 -9.93326e-09 0 0.000112762 -0.000159031 1.47268e-06 -1.04604e-06
1295966010 3.80533e-09 3.8054e-09 0 -0.00050416 -0.000208531 2.30372e-06 5.21182e-06
1295966010 2.91475e-06 -1.03668e-06 0 -0.000117918 -0.000178738 2.5407e-06 1.34822e-06
1295966011 -1.76512e-08 -1.76512e-08 0 -0.000274924 0.00011623 -1.01465e-06 2.59284e-06
1295966011 -7.39262e-09 -7.39263e-09 0 -0.000150233 -0.000143655 1.34864e-06 1.43094e-06
1295966012 -1.11428e-08 -1.11428e-08 0 3.53265e-05 0.000165894 -1.51784e-06 -3.63118e-07
1295966012 -2.70214e-08 -2.70214e-08 0 7.98684e-05 -4.06904e-05 3.48589e-07 -7.33632e-07
1295966013 -3.52998e-08 -3.52998e-08 0 -1.22765e-05 -0.000371831 3.44468e-06 1.51262e-07
1295966013 -8.53409e-09 -8.53409e-09 0 1.0719e-05 -5.71666e-05 5.36665e-07 -1.05376e-07
