1295965766 -0.873861 0.0461666 0.483979 1.18575e-05 -0.000208302 -4.32416e-05 1
1295965767 -1.45092 0.62358 -0.0935984 1.18575e-05 -0.000208302 -4.32416e-05 1
1295965767 -2.42922 0.556858 -0.289748 3.72437e-05 -0.000651423 -1.39822e-05 1
1295965768 -1.64454 0.353501 -0.87534 5.87949e-05 -0.000722156 3.68219e-05 1
1295965768 -2.19737 0.489485 -0.0532175 0.000120074 -0.000734417 -4.47267e-06 1
1295965769 -2.12036 -0.499098 0.0762901 0.00244026 -0.000467656 0.000164038 0.999997
1295965769 -2.22526 -0.474956 -0.917899 0.00274195 -0.000734197 -0.00119776 0.999995
1295965770 -1.94059 -0.600813 -1.86823 0.00272519 -0.000828001 -0.00114978 0.999995
1295965770 -1.04782 -0.430353 -1.45122 0.00218074 0.00318436 -0.00149539 0.999991
1295965771 -0.853764 -0.310197 -0.477618 0.00215561 0.00320222 -0.00149482 0.999991
1295965772 -0.0390734 -0.0363789 0.03356 0.00228607 0.00346432 -0.000916096 0.999991
1295965772 0.293894 0.0384592 0.973524 0.00226937 0.00343475 -0.000813995 0.999991
1295965773 -0.356318 0.153622 1.7245 -0.657976 0.118757 0.743613 0.00178492
1295965773 0.614419 0.385884 1.78553 -0.639787 0.117376 0.759536 0.000469556
1295965774 -0.197346 0.56921 2.34 -0.530146 0.213961 0.818544 -0.0561378
1295965774 -1.02748 0.856838 2.81765 -0.37854 0.205742 0.898442 -0.084727
1295965775 -1.31766 0.495235 1.93163 -0.536095 0.183672 0.819916 -0.0812617
1295965776 -1.15097 0.400388 0.95019 -0.630306 0.255326 0.733158 0.00145828
1295965776 -0.178919 0.16633 0.931671 -0.624276 0.255707 0.738169 -0.00044001
1295965777 0.593827 -0.467065 0.890743 -0.570681 0.253694 0.780853 -0.0151941
1295965778 1.51774 -0.841197 0.81067 -0.538849 0.255759 0.802301 -0.0232979
1295965778 2.38022 -1.24979 0.512031 -0.508148 0.252929 0.822685 -0.0316563
1295965779 3.24024 -1.56562 0.111262 -0.504011 0.254147 0.824736 -0.0345351
1295965779 3.92645 -2.13028 -0.34729 -0.502525 0.251641 0.826408 -0.0345752
1295965780 4.7858 -2.52191 -0.676145 -0.492741 0.24945 0.832925 -0.0348871
1295965780 5.58687 -2.89364 -1.14529 -0.493658 0.248775 0.832468 -0.0375504
1295965781 6.40705 -3.14939 -1.65706 -0.428258 0.24726 0.866745 -0.0648854
1295965782 7.19852 -3.47794 -2.17245 -0.404189 0.246302 0.877957 -0.0718191
1295965782 7.6785 -2.87011 -1.53987 -0.30097 0.20526 0.927176 -0.0873521
1295965783 8.04541 -3.30417 -2.36266 -0.298521 0.200684 0.929274 -0.0840347
1295965784 8.62532 -3.37163 -3.17454 -0.293223 0.201718 0.930786 -0.0834738
1295965784 9.12755 -3.45095 -4.03563 -0.293849 0.201699 0.930567 -0.0837574
1295965785 8.97989 -3.03298 -3.13924 -0.293872 0.201697 0.93058 -0.0835344
1295965785 8.57628 -2.58289 -2.34268 -0.29389 0.2019 0.930539 -0.0834454
1295965786 7.98372 -2.18849 -1.64031 -0.294795 0.201395 0.930374 -0.083309
1295965786 8.50663 -2.59785 -2.38797 -0.294866 0.201475 0.930335 -0.0832948
1295965787 9.41154 -2.72298 -2.79477 -0.295428 0.200995 0.930128 -0.0847659
1295965787 8.54675 -2.8816 -2.31834 -0.295396 0.201055 0.930124 -0.084782
1295965788 7.58813 -3.15321 -2.40362 -0.296265 0.200873 0.929922 -0.084391
1295965788 7.46504 -2.60693 -1.57511 0.271275 -0.202237 0.213019 0.916588
1295965789 7.17988 -2.19195 -2.4391 0.271277 -0.202257 0.21295 0.916599
1295965789 7.5385 -1.48683 -3.05081 0.271299 -0.202077 0.212925 0.916638
1295965790 6.74423 -2.08872 -3.13355 0.271064 -0.201157 0.212145 0.91709
1295965790 6.35772 -2.62603 -2.38394 0.271059 -0.201176 0.212159 0.917084
1295965791 5.57093 -3.18753 -2.12766 0.27097 -0.201257 0.212054 0.917117
1295965792 4.92123 -3.92396 -1.93909 0.270546 -0.201787 0.211743 0.917198
1295965792 4.60637 -3.63439 -2.84298 0.270614 -0.20191 0.211625 0.917178
1295965792 3.86419 -4.06585 -2.33014 0.270294 -0.201942 0.211487 0.917297
1295965793 4.28808 -3.42916 -2.97429 0.266456 -0.198612 0.212629 0.918882
1295965794 4.6592 -2.8384 -3.69073 0.267268 -0.198121 0.212875 0.918695
1295965795 4.99537 -2.29558 -4.46036 0.262266 -0.219364 0.216704 0.914404
1295965795 5.26225 -1.71363 -5.22855 0.259587 -0.214014 0.213803 0.917116
1295965796 5.54675 -1.12042 -5.98164 0.254907 -0.24196 0.223659 0.909095
1295965796 5.74989 -0.627712 -6.8278 0.259223 -0.22049 0.215965 0.915176
1295965797 6.08809 -0.165229 -7.64739 0.265909 -0.202954 0.207978 0.919156
1295965797 6.32419 0.385761 -8.44781 0.263046 -0.214368 0.212397 0.916374
1295965798 6.56715 0.912128 -9.26261 0.263563 -0.210865 0.211003 0.917359
1295965798 6.65651 1.43385 -10.111 0.263325 -0.226797 0.214548 0.912794
1295965799 6.64982 1.92928 -10.9797 0.25424 -0.258559 0.224702 0.904444
1295965799 7.05236 2.54317 -11.6587 0.255681 -0.25778 0.225189 0.904138
1295965800 7.25029 3.19221 -12.3933 0.257382 -0.255067 0.223031 0.90496
1295965800 6.61644 2.49396 -12.0606 0.278896 -0.16274 0.198014 0.925485
1295965801 6.58532 2.96926 -12.9398 0.279636 -0.145247 0.191959 0.92944
1295965801 6.70304 3.53628 -13.7551 0.283661 -0.139935 0.19068 0.929298
1295965802 6.87959 4.08782 -14.5703 0.285061 -0.13894 0.189955 0.929168
1295965802 7.02599 4.65526 -15.3806 0.283229 -0.133011 0.187106 0.931172
1295965803 7.14762 5.17608 -16.2256 0.284285 -0.129677 0.187231 0.931295
1295965803 7.21786 5.74165 -17.0473 0.292395 -0.125431 0.184079 0.929993
1295965804 7.70751 5.22212 -17.7475 0.155597 0.984396 0.0228981 0.0789278
1295965804 7.67748 5.70121 -18.6248 0.154851 0.984498 0.0228663 0.0791266
1295965805 7.95254 5.56325 -19.5763 0.154885 0.984499 0.0227698 0.0790862
1295965805 7.35595 5.95511 -18.8759 0.154908 0.984507 0.0227343 0.0789514
1295965806 7.20916 6.09226 -17.8963 0.155015 0.984488 0.0227171 0.0789819
1295965806 6.88296 5.44892 -17.2037 0.155411 0.984384 0.0232079 0.0793491
1295965807 6.60154 5.40209 -16.2452 0.155591 0.984946 0.0124868 0.0742806
1295965807 6.2633 5.44643 -15.3052 0.156432 0.985141 0.0148121 0.0693268
1295965808 5.90748 5.45625 -14.3707 0.15341 0.980984 0.0250723 0.116223
1295965808 5.13157 5.5471 -13.7464 0.14013 0.950807 0.0461929 0.272391
1295965809 4.4795 5.53302 -12.9884 0.138419 0.945895 0.0499015 0.289192
1295965810 3.84014 5.56163 -12.22 0.141443 0.950747 0.0472221 0.271743
1295965810 3.21798 5.59688 -11.4379 0.144272 0.957359 0.043277 0.246528
1295965811 2.61135 5.70737 -10.6507 0.146361 0.960655 0.0435495 0.232001
1295965811 2.09683 5.70398 -9.7932 0.149592 0.968442 0.0392562 0.195453
1295965812 1.70868 5.70192 -8.8716 0.152022 0.971087 0.0370088 0.180303
1295965813 1.27739 5.66115 -7.97031 0.153456 0.97876 0.0286352 0.132888
1295965813 0.902271 5.65435 -7.04336 0.154005 0.980195 0.0279239 0.121332
1295965814 0.580757 5.60787 -6.0976 0.155155 0.981462 0.0217133 0.110398
1295965814 0.360974 5.51602 -5.12639 0.156981 0.981966 0.0185392 0.103709
1295965815 0.0770238 5.48135 -4.16817 0.157797 0.98248 0.0183073 0.0974622
1295965816 -0.193853 5.48426 -3.20556 0.156982 0.98358 0.0175932 0.0872758
1295965816 -0.554117 5.47518 -2.27276 0.154248 0.984078 0.0166577 0.0867226
1295965817 -0.796568 5.45268 -1.30285 0.154934 0.982928 0.0164853 0.0978565
1295965817 -1.15116 5.48225 -0.368302 0.151817 0.979164 0.0251081 0.13251
1295965818 -1.60304 5.52948 0.522527 0.146992 0.961424 0.0407611 0.228902
1295965818 -2.3449 5.7539 1.15441 0.144767 0.913294 0.0736721 0.373509
1295965819 -1.57354 6.07374 0.604225 0.126531 0.843153 0.0716356 0.51764
1295965820 -2.17291 5.89607 1.38473 0.135314 0.838653 0.0617664 0.523962
1295965820 -3.0421 5.85212 1.87725 0.134818 0.838843 0.0607496 0.523905
1295965821 -3.97429 5.91053 2.23447 0.131661 0.799035 0.069583 0.582551
1295965821 -4.83244 6.04496 2.72996 0.133209 0.792605 0.0724276 0.590582
1295965822 -5.78266 5.95004 3.02674 0.133082 0.799999 0.0678693 0.581106
1295965822 -6.76346 5.86902 3.20412 0.129699 0.802917 0.0647053 0.578201
1295965823 -7.72134 5.62775 3.04838 0.110513 0.751497 0.0627797 0.647378
1295965823 -8.70408 5.63644 3.23317 0.109985 0.743974 0.0614998 0.656219
1295965824 -9.70291 5.67832 3.2573 0.111552 0.747438 0.0593665 0.652203
1295965824 -10.6922 5.72612 3.39543 0.11179 0.754656 0.0606902 0.643673
1295965825 -11.6758 5.71781 3.57518 0.11381 0.761028 0.0602374 0.63581
1295965825 -12.6563 5.74774 3.76955 0.113483 0.765445 0.0566434 0.630878
1295965826 -13.6513 5.77855 3.86479 0.112779 0.768077 0.055859 0.627868
1295965826 -14.6322 5.75381 4.05781 0.113826 0.775183 0.0516095 0.619251
1295965827 -15.6244 5.80511 4.17155 0.112997 0.778162 0.0519779 0.615624
1295965827 -16.0812 5.73629 5.05842 0.109176 0.762452 0.0640528 0.634543
1295965828 -16.6507 5.78077 5.87922 0.113058 0.768784 0.0682893 0.62572
1295965828 -17.6247 5.76973 6.10573 0.11276 0.771838 0.0667196 0.622173
1295965829 -18.0946 5.6916 6.98497 0.115877 0.787396 0.065283 0.601929
1295965829 -19.0554 5.66338 7.26092 0.114708 0.79278 0.0646905 0.595111
1295965830 -20.0025 5.68198 7.58119 0.116658 0.799347 0.0614381 0.586226
1295965830 -20.954 5.67761 7.88884 0.118556 0.800222 0.0595147 0.584848
1295965831 -21.9056 5.66992 8.19608 0.118347 0.801714 0.0583926 0.582957
1295965831 -22.863 5.66924 8.48468 0.119904 0.806938 0.0540502 0.575806
1295965832 -23.8054 5.68479 8.81904 0.118578 0.812336 0.0531238 0.568531
1295965832 -24.7395 5.6817 9.17595 0.120372 0.820556 0.0481002 0.556672
1295965833 -25.4619 5.24899 9.71526 0.110634 0.809472 0.0438838 0.574969
1295965833 -26.3379 5.27827 10.1968 0.111067 0.799033 0.0466416 0.589096
1295965834 -27.1666 5.42357 10.7373 0.115029 0.806064 0.0535033 0.578071
1295965834 -28.0052 5.4228 11.282 0.111394 0.78994 0.0588013 0.600108
1295965835 -28.9148 5.45517 11.6962 0.105713 0.739947 0.0718825 0.660405
1295965835 -29.9097 5.49834 11.7877 0.0924803 0.667964 0.0890734 0.733033
1295965836 -30.9029 5.54301 11.6809 0.0847741 0.599528 0.099198 0.789645
1295965836 -31.8785 5.50214 11.4649 0.0718491 0.515836 0.110418 0.846498
1295965837 -31.7537 6.37902 11.0006 0.101333 0.390089 0.138035 0.904715
1295965837 -32.6698 6.21841 10.6332 0.0860478 0.320225 0.151528 0.931177
1295965838 -33.3056 6.22457 9.86142 0.0859015 0.324412 0.153958 0.929341
1295965838 -33.9632 6.22922 9.10806 0.0870043 0.329652 0.155432 0.927147
1295965839 -34.679 6.28659 8.41204 0.0880387 0.336542 0.154283 0.924763
1295965839 -35.6352 6.49167 8.20333 0.0998199 0.351803 0.156712 0.917449
1295965840 -36.3443 6.47297 7.49848 0.100357 0.358814 0.159039 0.914269
1295965841 -36.9793 6.5498 6.72982 0.101274 0.362887 0.158539 0.912646
1295965841 -37.6214 6.64758 5.96945 0.0837902 0.280606 0.170413 0.94085
1295965842 -38.1222 6.72518 5.10737 0.0731304 0.214127 0.177193 0.957812
1295965842 -38.5473 6.7599 4.2029 0.0738941 0.221252 0.176147 0.956326
1295965843 -38.9293 6.8432 3.28246 0.0786324 0.231664 0.173345 0.953992
1295965843 -39.3734 6.88792 2.38762 0.0788434 0.236513 0.17228 0.952977
1295965844 -39.7265 7.01 1.46004 0.0627686 0.140709 0.182038 0.971145
1295965844 -39.8687 7.17957 0.484829 0.0415314 0.0155456 0.188754 0.981023
1295965845 -40.2467 6.67705 1.26235 -0.0088601 0.720237 0.235472 0.652483
1295965846 -41.1873 6.33736 1.26427 -0.0437621 0.631442 0.240144 0.736001
1295965846 -40.2759 6.63884 1.54436 -0.0493537 0.635528 0.258268 0.725924
1295965847 -41.1318 6.18599 1.29466 -0.0493746 0.63722 0.257191 0.724821
1295965848 -42.0342 5.81597 1.07387 -0.081937 0.534337 0.248357 0.803797
1295965848 -42.8294 5.41795 0.616502 -0.103208 0.466797 0.245439 0.843332
1295965849 -43.6874 4.9377 0.434171 -0.0825033 0.524217 0.249315 0.810081
1295965849 -44.5986 4.53401 0.351649 -0.0736186 0.551166 0.249723 0.792739
1295965850 -45.4321 4.13269 -0.027908 -0.0728161 0.555979 0.249471 0.789525
1295965850 -46.2455 3.72215 -0.440145 -0.0706717 0.561032 0.250387 0.785846
1295965851 -47.0485 3.27394 -0.832843 -0.0699861 0.56537 0.251444 0.782454
1295965851 -47.9242 2.89621 -1.13376 -0.0678781 0.567405 0.251309 0.781209
1295965852 -48.8008 2.5379 -1.45504 -0.0564475 0.599763 0.252834 0.757082
1295965852 -49.6842 2.16149 -1.73398 -0.0432574 0.63402 0.255375 0.728651
1295965853 -50.5843 1.77065 -1.92666 -0.0420351 0.638442 0.25666 0.724397
1295965853 -51.4647 1.38486 -2.20261 -0.0413654 0.641051 0.256626 0.72214
1295965854 -52.3819 1.17314 -2.54006 -0.0365218 0.645644 0.257403 0.718021
1295965854 -53.2694 0.732017 -2.67333 -0.033374 0.654716 0.258411 0.709547
1295965855 -54.1701 0.310114 -2.77678 -0.0213973 0.687128 0.256884 0.67927
1295965855 -55.0751 -0.114785 -2.7994 -0.0104511 0.710658 0.257244 0.654738
1295965856 -56.0185 -0.444819 -2.82964 -0.00517088 0.718777 0.255305 0.646647
1295965856 -56.9757 -0.734469 -2.82469 0.00197966 0.73121 0.256941 0.63191
1295965857 -57.8294 -1.21945 -2.63516 0.0174928 0.765579 0.255053 0.590365
1295965857 -58.5908 -1.64053 -2.14228 0.0363363 0.79442 0.259583 0.547899
1295965858 -59.3039 -2.18597 -1.70182 0.0329817 0.800531 0.250257 0.543538
1295965858 -60.2012 -2.62369 -1.64458 0.0332638 0.801466 0.248781 0.542819
1295965859 -61.0378 -3.04772 -1.29774 0.0340956 0.803862 0.247132 0.539972
1295965859 -61.8973 -3.41657 -0.94383 0.0369717 0.806606 0.24808 0.535235
1295965860 -62.7202 -3.83438 -0.558776 0.0417091 0.81229 0.245468 0.527438
1295965860 -63.6094 -4.16971 -0.24767 0.0442588 0.81366 0.246335 0.524707
1295965861 -64.4948 -4.5248 0.0522958 0.0380238 0.802977 0.247566 0.540827
1295965861 -65.3343 -4.95237 0.387585 0.0192821 0.771174 0.24892 0.585627
1295965862 -64.3738 -4.75264 0.194072 -0.00435058 0.704701 0.261978 0.659352
1295965863 -63.8398 -4.3583 -0.55382 -0.0704081 0.105729 0.147845 0.980819
1295965864 -64.6442 -4.8994 -0.308683 -0.113781 0.241818 0.272613 0.924262
1295965865 -64.1171 -4.77882 -1.14991 -0.161783 0.0917199 0.260344 0.947436
1295965866 -64.1113 -5.20522 -2.05443 -0.195594 -0.0121671 0.243283 0.949952
1295965866 -63.7043 -5.49024 -2.92227 -0.241004 -0.18928 0.212045 0.927969
1295965867 -63.1635 -5.82141 -3.69542 -0.244814 -0.205974 0.20726 0.924491
1295965867 -62.5183 -6.00931 -4.43598 -0.219356 -0.229634 0.192966 0.928394
1295965868 -63.2391 -6.69776 -4.51589 -0.187831 -0.142516 0.211136 0.948594
1295965869 -62.6811 -7.18306 -5.18905 -0.187839 -0.114847 0.219954 0.95034
1295965869 -62.4217 -7.53767 -6.08735 -0.188683 -0.102658 0.220682 0.951399
1295965870 -62.0979 -7.90513 -6.95921 -0.200103 -0.157161 0.213666 0.943189
1295965870 -61.728 -8.26372 -7.81629 -0.229405 -0.280108 0.191776 0.912214
1295965871 -61.1637 -8.60781 -8.56669 -0.227847 -0.283565 0.189945 0.91192
1295965871 -60.5469 -8.96705 -9.26709 -0.226781 -0.27229 0.194395 0.91468
1295965872 -59.9669 -9.29998 -10.0106 -0.223199 -0.256761 0.196693 0.919547
1295965872 -59.5122 -9.44251 -10.8897 -0.223358 -0.241673 0.245602 0.911803
1295965873 -58.6115 -9.31856 -11.3061 -0.268894 -0.41457 0.191821 0.847958
1295965873 -57.7424 -9.72739 -11.5846 -0.306677 -0.515571 0.155816 0.784766
1295965874 -56.9074 -10.2517 -11.7515 -0.321442 -0.506237 0.152314 0.785621
1295965874 -56.516 -10.8458 -12.4542 -0.325114 -0.492761 0.124932 0.79742
1295965875 -55.793 -11.3919 -12.8773 -0.335751 -0.526294 0.110519 0.773351
1295965876 -54.8693 -11.7618 -12.9772 -0.332299 -0.524473 0.114104 0.775555
1295965876 -54.6375 -11.9465 -13.9323 -0.328766 -0.595924 0.0743732 0.728873
1295965877 -53.7216 -12.2497 -14.1955 -0.337642 -0.673267 0.0278923 0.657214
1295965878 -52.8983 -12.7747 -13.9798 -0.340608 -0.756668 -0.00202009 0.558064
1295965878 -52.0431 -13.1317 -13.6042 -0.338071 -0.75434 8.38604e-05 0.562743
1295965879 -51.1888 -13.5138 -13.2516 -0.337568 -0.749982 0.0025171 0.568831
1295965879 -50.3137 -13.9629 -13.0716 -0.337299 -0.688506 0.0323824 0.641202
1295965880 -49.4251 -14.4181 -13.0145 -0.334611 -0.624845 0.0602165 0.702836
1295965881 -48.5172 -14.2984 -12.6128 -0.330012 -0.573089 0.0754376 0.746304
1295965881 -47.6061 -14.6693 -12.7923 -0.32858 -0.548981 0.0845215 0.763879
1295965882 -46.7459 -15.1302 -13.0106 -0.328007 -0.540764 0.089323 0.76942
1295965882 -45.8603 -15.5246 -13.256 -0.329766 -0.578631 0.072723 0.742396
1295965883 -45.1889 -15.4186 -12.5224 -0.340618 -0.662918 0.0405581 0.665488
1295965883 -44.3012 -15.868 -12.4223 -0.338923 -0.658189 0.0426634 0.670893
1295965884 -43.5608 -16.1753 -13.0201 -0.3351 -0.646504 0.0415274 0.684117
1295965884 -42.6996 -16.069 -12.5231 -0.331065 -0.696845 0.0152632 0.636058
1295965885 -41.7893 -16.4787 -12.4639 -0.327283 -0.691961 0.0174363 0.643251
1295965885 -40.9119 -16.9346 -12.3144 -0.329256 -0.684067 0.0212821 0.65053
1295965886 -39.9943 -17.3102 -12.1843 -0.327688 -0.683748 0.0214345 0.651652
1295965886 -39.1033 -17.7446 -12.0523 -0.329491 -0.678554 0.023188 0.656096
1295965887 -38.1909 -18.1401 -11.9473 -0.327294 -0.672833 0.0260921 0.662943
1295965887 -37.2927 -18.5466 -11.7799 -0.326166 -0.701566 0.014749 0.633406
1295965888 -36.4007 -18.9554 -11.5872 -0.329619 -0.705562 0.011515 0.627216
1295965888 -35.5135 -19.3839 -11.4161 -0.330324 -0.700236 0.0130439 0.63276
1295965889 -34.6263 -19.7994 -11.2154 -0.329663 -0.696481 0.0147076 0.637197
1295965889 -33.7458 -20.2102 -10.9789 -0.326897 -0.695037 0.0147961 0.64019
1295965890 -32.9148 -20.7568 -11.0827 -0.32775 -0.682715 0.0212516 0.652709
1295965890 -31.9643 -20.9564 -10.8446 -0.32379 -0.681527 0.0172607 0.656036
1295965891 -31.13 -21.2537 -10.3803 -0.324778 -0.700205 0.00997084 0.635715
1295965892 -30.3135 -21.601 -9.91921 -0.301211 -0.811356 -0.0309814 0.500014
1295965892 -30.1828 -21.0635 -9.08611 0.273806 0.906182 0.137579 -0.291438
1295965893 -29.6576 -21.5111 -8.3623 0.266655 0.913065 0.14438 -0.272695
1295965893 -29.2022 -21.8319 -7.5318 0.270119 0.912645 0.14617 -0.26972
1295965894 -29.86 -21.119 -7.28865 0.214056 0.945182 0.185287 -0.162725
1295965894 -29.4461 -21.5119 -6.4675 0.179352 0.959153 0.201949 -0.0841147
1295965895 -29.3871 -21.98 -5.58581 0.177544 0.960153 0.201797 -0.0765673
1295965896 -28.5208 -22.2595 -5.17172 0.143508 0.965592 0.195225 -0.0944738
1295965896 -29.214 -22.1606 -4.45777 0.12727 0.968686 0.213118 0.00555961
1295965897 -29.3026 -22.5819 -3.55518 0.122713 0.968236 0.2167 0.0223976
1295965897 -29.4832 -22.9688 -2.6509 0.124664 0.968274 0.215901 0.0170368
1295965898 -29.4613 -23.4828 -1.7934 0.127001 0.968905 0.212209 0.007818
1295965898 -29.3802 -23.9972 -0.93969 0.135825 0.968373 0.207802 -0.0249684
1295965899 -29.3459 -24.7927 -0.334673 0.147217 0.966482 0.190718 -0.08869
1295965899 -29.1921 -25.2227 0.554948 0.151024 0.964503 0.190378 -0.103352
1295965900 -29.078 -25.656 1.44892 0.152308 0.964151 0.19035 -0.104795
1295965900 -29.233 -25.8783 2.4115 0.119543 0.969565 0.211741 0.0286243
1295965901 -29.8989 -25.4172 1.82502 0.0831969 0.965678 0.223019 0.103958
1295965902 -30.7276 -24.9248 1.55913 0.0193788 0.871362 0.265474 0.41216
1295965902 -31.5937 -24.786 1.07888 -0.0300233 0.781154 0.271647 0.561342
1295965903 -32.4341 -25.2883 1.28239 -0.0300391 0.780406 0.271598 0.562404
1295965903 -33.2587 -25.7853 1.55244 -0.0271628 0.784534 0.270725 0.557204
1295965904 -34.1554 -26.2279 1.54799 -0.0366453 0.767792 0.268865 0.580401
1295965904 -35.0288 -26.6511 1.78913 -0.0679518 0.695404 0.264003 0.664904
1295965905 -35.943 -27.0561 1.77537 -0.0703279 0.685962 0.26389 0.674443
1295965906 -36.8383 -27.483 1.64777 -0.0666902 0.694229 0.264372 0.666113
1295965906 -37.7198 -27.9488 1.72485 -0.063776 0.70028 0.263537 0.660371
1295965907 -38.5652 -28.4685 1.84811 -0.060656 0.708174 0.261605 0.652973
1295965907 -39.4581 -28.9042 1.96118 -0.0578482 0.712877 0.265126 0.646659
1295965908 -40.3227 -29.403 2.02276 -0.054303 0.718405 0.264635 0.641025
1295965908 -41.2239 -29.8359 2.04238 -0.0538285 0.720931 0.265946 0.637678
1295965909 -42.0714 -30.3595 2.12935 -0.0517709 0.723739 0.265869 0.634694
1295965909 -42.9335 -30.8661 2.14768 -0.052338 0.725375 0.266486 0.632516
1295965910 -43.8066 -31.3535 2.15779 -0.0758723 0.67296 0.264745 0.686497
1295965910 -44.6721 -31.8404 2.0408 -0.0770078 0.673055 0.263917 0.686596
1295965911 -45.5565 -32.2861 1.90216 -0.0659191 0.700366 0.267956 0.658287
1295965911 -46.4208 -32.7866 1.95257 -0.0633226 0.707638 0.265236 0.651835
1295965912 -47.2412 -33.3322 2.12331 -0.0409263 0.754242 0.268384 0.59784
1295965912 -48.0344 -33.8284 2.47645 -0.0185474 0.797615 0.270459 0.538813
1295965913 -48.7148 -34.281 3.05284 -0.00983236 0.808852 0.271666 0.521402
1295965913 -48.8309 -33.3646 3.43586 0.0071258 0.790254 0.309689 0.528716
1295965914 -49.5739 -33.9566 3.74801 0.0185176 0.811748 0.309204 0.49509
1295965914 -49.0689 -33.3731 3.11207 0.00133635 0.78175 0.30755 0.542475
1295965915 -49.358 -33.7653 3.98533 0.0398532 0.816654 0.317518 0.480281
1295965916 -48.4059 -33.7548 3.67978 0.0350588 0.831009 0.303895 0.464588
1295965917 -49.1242 -34.3313 4.06925 0.0283151 0.824684 0.301308 0.477816
1295965917 -48.4937 -34.5654 4.80929 0.111342 0.92778 0.301551 0.189459
1295965918 -48.3395 -35.0538 5.66822 0.0851934 0.912984 0.317153 0.242107
1295965918 -48.7496 -35.6876 6.32405 0.0867361 0.914571 0.315185 0.238107
1295965919 -49.6698 -36.0231 6.52532 0.0322052 0.873929 0.320636 0.363873
1295965919 -48.8098 -36.3804 6.88951 -0.0150278 0.914949 0.330382 0.231279
1295965920 -49.0943 -37.0457 7.57968 -0.0522872 0.883254 0.325092 0.333831
1295965920 -49.6447 -37.6559 8.14952 -0.0760128 0.859702 0.322815 0.388489
1295965921 -50.2225 -38.3159 8.62964 -0.105855 0.821338 0.315193 0.463521
1295965921 -50.8513 -38.9717 9.04762 -0.135259 0.774482 0.304097 0.537967
1295965922 -51.5932 -39.6003 9.28053 -0.133458 0.776406 0.303773 0.535821
1295965922 -52.3483 -40.2283 9.46892 -0.133149 0.779088 0.304168 0.531766
1295965923 -52.9997 -40.9377 9.73814 -0.131534 0.782971 0.304887 0.526022
1295965923 -53.7791 -41.5245 9.95762 -0.126979 0.787397 0.305943 0.519886
1295965924 -54.4955 -42.1576 10.2509 -0.12609 0.79108 0.307192 0.513739
1295965924 -55.2375 -42.7793 10.5016 -0.125678 0.79454 0.307286 0.508415
1295965925 -55.9061 -43.42 10.8792 -0.122918 0.797649 0.309633 0.502766
1295965925 -56.5692 -44.0783 11.2355 -0.121283 0.800712 0.309681 0.498245
1295965926 -57.3267 -44.6781 11.4932 -0.144074 0.759695 0.298952 0.559226
1295965926 -58.05 -45.3553 11.6282 -0.162674 0.726407 0.290133 0.601409
1295965927 -58.7643 -46.035 11.7946 -0.160268 0.729236 0.290025 0.598677
1295965927 -59.5001 -46.7021 11.9109 -0.171891 0.703892 0.281319 0.629165
1295965928 -60.2709 -47.3367 11.8537 -0.200812 0.640793 0.263491 0.692554
1295965928 -60.3299 -48.3272 11.9782 -0.259703 0.57728 0.210598 0.74495
1295965929 -61.0644 -48.7581 12.5024 -0.261555 0.555771 0.198893 0.763642
1295965930 -61.8242 -49.3869 12.3373 -0.261056 0.555471 0.199204 0.76395
1295965930 -62.4978 -50.1259 12.3225 -0.264571 0.542472 0.180695 0.77658
1295965931 -63.2116 -50.7257 11.9609 -0.264515 0.539317 0.184721 0.777848
1295965931 -63.8801 -51.4339 11.7338 -0.277874 0.504216 0.171582 0.799445
1295965932 -64.1749 -52.3692 11.5385 -0.318014 0.430553 0.131588 0.834371
1295965932 -64.8535 -52.848 10.9815 -0.322652 0.341022 0.136596 0.872319
1295965933 -65.3263 -53.5834 10.4961 -0.335629 0.259961 0.104375 0.899377
1295965933 -66.1646 -53.9535 10.8966 -0.342096 0.252698 0.104618 0.898982
1295965934 -66.5898 -54.6225 10.287 -0.342944 0.258023 0.106197 0.896959
1295965934 -67.2192 -55.2091 9.77731 -0.340187 0.269953 0.111138 0.893894
1295965935 -67.717 -55.846 9.18866 -0.338957 0.281469 0.116152 0.890164
1295965935 -68.0869 -56.5234 8.55284 -0.338578 0.285222 0.114314 0.889351
1295965936 -68.4481 -57.1846 7.89525 -0.341609 0.258801 0.103002 0.897617
1295965936 -68.8959 -57.8694 7.32033 -0.341581 0.257644 0.104621 0.897773
1295965937 -69.2076 -58.5509 6.65822 -0.349074 0.194059 0.0817666 0.913128
1295965937 -69.5643 -59.2311 6.01791 -0.345982 0.202058 0.0857677 0.912202
1295965938 -70.0094 -59.7952 5.32241 -0.339811 0.224179 0.0875305 0.909181
1295965938 -70.3685 -60.4424 4.64992 -0.339823 0.230355 0.0868387 0.907698
1295965939 -70.6023 -61.1524 3.98571 -0.340927 0.237268 0.0881101 0.905378
1295965939 -70.9475 -61.8133 3.31933 -0.339156 0.243287 0.0907188 0.904187
1295965940 -71.2496 -62.6541 2.87005 -0.346045 0.252611 0.0949549 0.898568
1295965940 -72.1783 -62.8828 2.57829 -0.332064 0.279154 0.109372 0.89434
1295965941 -72.6165 -63.5465 1.97206 -0.332168 0.278965 0.108516 0.894465
1295965942 -73.0532 -64.2044 1.35847 -0.331828 0.257401 0.105333 0.90141
1295965942 -73.4669 -64.8892 0.758545 -0.333069 0.26643 0.105506 0.898303
1295965943 -73.8185 -65.5105 0.0582692 -0.336944 0.230983 0.0927365 0.908028
1295965943 -74.2231 -66.1576 -0.58791 -0.340879 0.179229 0.0761929 0.919713
1295965944 -74.5742 -66.8232 -1.24645 -0.338795 0.193136 0.0812813 0.917229
1295965944 -74.8787 -67.4927 -1.92398 -0.33787 0.202393 0.0850881 0.915227
1295965945 -74.4437 -68.1161 -2.57368 -0.351213 0.175443 0.0739357 0.916735
1295965945 -74.6801 -68.7869 -3.27653 -0.347051 0.179881 0.0773733 0.917176
1295965946 -75.2405 -69.3991 -3.83439 -0.345299 0.199211 0.0851156 0.913148
1295965946 -75.0564 -69.6967 -4.77115 -0.33735 0.0941165 0.0542764 0.935089
1295965947 -75.2311 -70.3822 -5.47796 -0.342937 -0.0307321 0.0117698 0.938782
1295965947 -75.0576 -70.9816 -6.25937 -0.340343 -0.166678 -0.0356448 0.924724
1295965948 -74.1026 -70.8038 -6.49675 -0.297922 -0.303171 -0.0904431 0.900638
1295965948 -73.592 -71.3888 -7.12687 -0.299181 -0.304794 -0.0906758 0.89965
1295965949 -73.1185 -71.9825 -7.77748 -0.289938 -0.369167 -0.111272 0.875939
1295965949 -72.604 -72.567 -8.40485 -0.288116 -0.388808 -0.11664 0.867302
1295965950 -72.0813 -73.1814 -8.99589 -0.290772 -0.38122 -0.115017 0.869997
1295965950 -71.7008 -73.7601 -9.71727 -0.291735 -0.372548 -0.112783 0.873715
1295965951 -71.1574 -74.3757 -10.2879 -0.286838 -0.414671 -0.125207 0.854456
1295965951 -70.4381 -74.8549 -10.7909 -0.256816 -0.545476 -0.174326 0.778532
1295965952 -70.1858 -74.6969 -9.8362 -0.184513 -0.756363 -0.269881 0.566599
1295965953 -70.4324 -74.6115 -8.87086 -0.158075 -0.779548 -0.27025 0.542478
1295965953 -69.6454 -75.192 -8.66206 -0.146565 -0.799608 -0.274397 0.513665
1295965954 -68.887 -75.7857 -8.39305 0.105289 0.855601 0.28847 -0.416708
1295965954 -69.0111 -76.1555 -7.47223 0.0576684 0.909438 0.301435 -0.280595
1295965955 -69.5175 -76.4752 -6.67143 0.00675554 0.942709 0.307332 -0.129622
1295965956 -69.926 -76.8838 -5.85518 -0.0280412 0.949702 0.309576 -0.0379805
1295965957 -69.8372 -77.4128 -5.01125 -0.0192436 0.94771 0.313465 -0.056698
1295965958 -69.659 -77.979 -4.20644 -0.0180992 0.946539 0.316231 -0.0611148
1295965958 -69.4565 -78.5493 -3.41033 -0.0149521 0.945541 0.317398 -0.0706127
1295965959 -69.2549 -79.1466 -2.63411 -0.0094127 0.945532 0.314445 -0.0836904
1295965959 -69.1087 -79.7187 -1.82703 -0.00734615 0.943009 0.319289 -0.09346
1295965960 -69.5617 -80.1536 -1.04883 -0.043084 0.946109 0.32077 0.0113085
1295965960 -69.5423 -80.8162 -0.300154 -0.0781038 0.940358 0.311275 0.112843
1295965961 -69.6055 -81.3423 0.547929 -0.113198 0.922845 0.304346 0.207165
1295965962 -69.4493 -80.5815 -0.0819278 -0.175352 0.862986 0.258407 0.397156
1295965962 -70.0019 -81.4142 -0.0475447 -0.185136 0.85038 0.241484 0.429261
1295965963 -70.6289 -82.028 0.432098 -0.184427 0.849261 0.241353 0.431846
1295965963 -71.1231 -82.4746 1.17801 -0.180715 0.84632 0.245487 0.43683
1295965964 -71.7738 -83.0747 1.64329 -0.178686 0.84968 0.246797 0.430356
1295965964 -72.4215 -83.6248 2.17036 -0.177826 0.849601 0.246935 0.43079
1295965965 -72.9434 -84.1659 2.82977 -0.171824 0.856614 0.251125 0.416683
1295965965 -73.2182 -84.6708 3.64805 -0.163867 0.86886 0.253834 0.392171
1295965966 -73.6469 -85.2152 4.36907 -0.154065 0.879404 0.261475 0.366801
1295965967 -72.7805 -84.7952 4.0989 -0.125171 0.918095 0.276257 0.25518
1295965967 -72.088 -84.9387 4.80588 -0.0736269 0.951559 0.284521 0.0903496
1295965968 -71.9824 -85.5177 5.61432 -0.0697235 0.953862 0.283269 0.0710235
1295965968 -71.8332 -85.9407 6.50812 -0.0412481 0.954379 0.295377 -0.014556
1295965969 -70.8356 -85.8799 6.54014 0.0107177 0.937062 0.299362 -0.179393
1295965969 -70.2927 -86.4393 7.16652 0.0199457 0.93203 0.295731 -0.208485
1295965970 -69.8723 -86.9992 7.88053 0.00930201 0.938966 0.297034 -0.173284
1295965970 -69.3642 -87.5695 8.52597 0.0132527 0.937761 0.292777 -0.186305
1295965971 -69.0245 -88.0952 9.30581 0.0131595 0.934386 0.300578 -0.190792
1295965971 -68.5105 -88.9473 9.40503 0.0526951 0.903715 0.27909 -0.32036
1295965972 -68.5818 -89.3965 10.2956 0.122025 0.870977 0.276357 -0.387474
1295965972 -69.3828 -89.1527 10.8424 0.109231 0.875595 0.251592 -0.397622
1295965973 -68.6916 -89.7883 11.1862 -0.138271 -0.820511 -0.235512 0.502173
1295965973 -67.9212 -90.3648 11.4586 -0.14233 -0.809381 -0.233418 0.51977
1295965974 -67.1248 -90.9162 11.7072 -0.144735 -0.803078 -0.23006 0.530273
1295965974 -66.2307 -91.3458 11.8334 -0.162171 -0.771244 -0.223493 0.573527
1295965975 -65.3853 -91.8795 11.8558 -0.167786 -0.758278 -0.224308 0.588683
1295965975 -64.5447 -92.414 11.9437 -0.1668 -0.751044 -0.223458 0.598479
1295965976 -63.693 -92.9363 11.9021 -0.170497 -0.743026 -0.218857 0.609053
1295965976 -62.8496 -93.4718 11.8569 -0.173665 -0.73568 -0.215236 0.618295
1295965977 -62.0384 -94.0446 11.7396 -0.183975 -0.708267 -0.209993 0.648393
1295965977 -61.1916 -94.5724 11.6735 -0.187572 -0.69894 -0.20629 0.658592
1295965978 -60.3488 -95.0927 11.5361 -0.190939 -0.691998 -0.20495 0.665339
1295965978 -59.4997 -95.6039 11.4027 -0.189429 -0.694501 -0.209622 0.661697
1295965979 -58.6622 -95.7853 10.8873 -0.124526 -0.689858 -0.186707 0.68828
1295965980 -57.6782 -95.96 10.9238 -0.108411 -0.722616 -0.204022 0.651497
1295965980 -56.7817 -96.3947 10.8379 -0.110579 -0.711724 -0.200786 0.664007
1295965981 -55.876 -96.8086 10.7473 -0.1115 -0.702669 -0.201316 0.673273
1295965981 -54.9322 -97.1388 10.7659 -0.106768 -0.695314 -0.208369 0.679501
1295965982 -53.9337 -97.169 10.7206 -0.101326 -0.69241 -0.21154 0.682313
1295965982 -53.0484 -97.634 10.7274 -0.101743 -0.692292 -0.211234 0.682466
1295965983 -53.9966 -97.696 11.039 -0.102538 -0.693368 -0.212223 0.680947
1295965983 -53.7574 -97.8604 11.996 -0.101649 -0.69427 -0.212042 0.680217
1295965984 -54.1616 -97.7862 12.9076 -0.101999 -0.693923 -0.211984 0.680537
1295965984 -53.852 -98.7174 13.0997 0.119426 0.317565 0.745354 0.573879
1295965985 -54.1904 -99.4657 12.5291 0.0999533 0.302572 0.748388 0.581701
1295965985 -53.3921 -99.5024 13.1303 0.101961 0.314326 0.744563 0.580025
1295965986 -53.898 -99.8696 12.3498 0.0817254 0.294832 0.749779 0.586708
1295965986 -54.229 -100.109 11.4369 0.0251743 0.254345 0.755448 0.603302
1295965987 -54.4754 -100.417 10.5179 0.0239584 0.254777 0.755286 0.603372
1295965987 -54.6659 -100.859 9.64156 -0.0111661 0.225482 0.755543 0.61497
1295965988 -54.7049 -101.245 8.71994 -0.0505433 0.194825 0.75348 0.625905
1295965988 -54.7026 -101.598 7.78431 -0.0558917 0.19374 0.752714 0.626708
1295965989 -54.7646 -101.916 6.83824 -0.0551875 0.197671 0.753284 0.624854
1295965989 -54.9339 -102.407 5.98364 -0.033438 0.215472 0.753823 0.619843
1295965990 -55.245 -102.8 5.11837 -0.00737525 0.235195 0.754307 0.612903
1295965990 -55.4727 -103.318 4.29397 0.0579633 0.286904 0.750308 0.592759
1295965991 -55.0221 -102.797 5.019 0.0907592 0.312703 0.745704 0.581296
1295965992 -55.5118 -103.212 4.25215 0.0986551 0.317706 0.745319 0.57778
1295965993 -55.9947 -103.574 3.45459 0.103283 0.321847 0.745055 0.575014
1295965993 -56.5032 -103.821 2.62964 0.0589146 0.285319 0.751999 0.591287
1295965994 -56.2569 -103.318 3.45851 -0.00686536 0.239591 0.751567 0.61457
1295965995 -56.5258 -103.718 2.58229 -0.00473808 0.24475 0.751151 0.613064
1295965995 -56.8276 -104.101 1.709 0.00434322 0.247578 0.751808 0.611123
1295965996 -57.0533 -104.432 0.792956 0.00678743 0.25087 0.751982 0.609541
1295965996 -57.3522 -104.771 -0.0990653 0.00934179 0.251181 0.751701 0.609727
1295965997 -57.6608 -105.084 -0.997282 0.013152 0.252511 0.751728 0.609074
1295965997 -58.1123 -105.377 -1.84013 0.0133646 0.254164 0.750902 0.609399
1295965998 -58.3991 -105.693 -2.74448 0.0153978 0.252789 0.75153 0.60915
1295965998 -58.5995 -106.289 -3.52228 -0.0299978 0.218058 0.751014 0.622518
1295965999 -58.5671 -106.32 -4.52126 -0.0434294 0.217107 0.749428 0.623967
1295965999 -58.7205 -106.773 -5.39941 -0.0387915 0.218652 0.750164 0.622848
1295966000 -58.8988 -107.128 -6.31716 -0.0349304 0.223031 0.750195 0.621486
1295966000 -59.0799 -107.591 -7.18513 -0.0237086 0.230748 0.750347 0.61901
1295966001 -59.2561 -107.957 -8.09899 -0.0158557 0.238599 0.750104 0.616574
1295966001 -59.3886 -108.302 -9.02807 -0.0347943 0.226166 0.748648 0.622226
1295966002 -59.5147 -108.765 -9.90516 -0.0688034 0.197824 0.74652 0.631538
1295966002 -59.5039 -109.262 -10.7733 -0.0690516 0.200827 0.74624 0.630893
1295966003 -59.4486 -109.691 -11.6746 -0.132167 0.153765 0.736638 0.645177
1295966003 -59.3074 -110.005 -12.6134 -0.182268 0.11293 0.726137 0.653261
1295966004 -59.0969 -110.594 -13.3942 -0.249709 0.0490271 0.70889 0.657812
1295966004 -58.8663 -111.567 -13.3952 -0.216982 0.0842677 0.717595 0.656411
1295966005 -58.677 -112.276 -14.0741 -0.186815 0.116641 0.723544 0.654201
1295966005 -58.5623 -112.578 -15.0204 -0.181624 0.119031 0.726003 0.652506
1295966006 -58.1996 -113.297 -15.6139 -0.0826416 0.208659 0.744915 0.628279
1295966006 -58.05 -113.885 -16.4086 -0.0418651 -0.00185335 -0.62084 0.782817
1295966007 -57.9804 -113.747 -15.4206 -0.0490357 -0.00581189 -0.623336 0.780394
1295966008 -58.0402 -113.68 -14.4247 -0.0531211 -0.0136522 -0.623153 0.780174
1295966008 -58.0597 -114.678 -14.4734 0.892945 0.42461 -0.14241 -0.0455558
1295966009 -58.6622 -113.897 -14.3089 0.892657 0.425169 -0.142066 -0.047023
1295966009 -58.5844 -112.904 -14.394 -0.0328162 -0.159625 -0.848165 0.504044
1295966010 -59.5717 -112.858 -14.2423 0.99393 -0.0267253 0.0279118 0.103001
1295966010 -59.2544 -113.2 -15.1269 0.99393 -0.0266774 0.0280845 0.102965
1295966011 -59.53 -112.957 -14.1968 0.993922 -0.0266922 0.0280729 0.10305
1295966011 -59.8941 -112.668 -13.3114 0.993886 -0.0269047 0.0272652 0.103555
1295966012 -59.417 -112.933 -14.1493 0.993879 -0.027096 0.0274478 0.103524
1295966012 -59.0674 -112.988 -13.214 0.993946 -0.0267244 0.0280684 0.102808
1295966013 -59.067 -113.337 -14.1515 0.993932 -0.0271002 0.0276985 0.102944
1295966013 -58.913 -113.666 -15.083 0.993923 -0.0271998 0.0279818 0.102931
