1295965766 -0.873861 0.0461666 0.483979 1.18575e-05 -0.000208302 -4.32416e-05 1
1295965767 -0.296801 -0.531247 1.06156 0.577495 -0.577318 0.577237 -0.000102144
1295965767 -0.536617 -1.33646 1.60389 -0.151205 0.452025 0.603477 0.639239
1295965768 -0.691263 -1.31817 0.616091 0.643497 -0.514387 -0.0514393 0.56451
1295965768 -1.56265 -1.45258 0.144269 0.104931 0.577982 0.660672 0.467374
1295965769 -1.02584 -1.41305 -0.698505 0.693179 0.498885 -0.209919 -0.475972
1295965769 -1.75301 -0.869952 -1.11835 -0.54161 0.72106 -0.40745 0.143931
1295965770 -1.11759 -1.01472 -1.87683 0.778966 0.611335 -0.0029704 -0.139549
1295965770 -1.43677 -1.91733 -1.58801 0.779227 0.610507 -0.00638014 -0.141582
1295965771 -1.4485 -1.55803 -2.52116 -0.622149 0.742701 -0.120858 -0.216146
1295965772 -0.981341 -0.674995 -2.4762 -0.622639 0.742301 -0.120722 -0.216187
1295965772 -0.699959 0.0163911 -1.81076 -0.622708 0.742241 -0.120775 -0.216163
1295965773 -0.54393 -0.243746 -0.85788 0.42642 0.569123 0.574478 0.405267
1295965773 -1.33927 -0.727465 -1.22318 0.441156 0.577443 0.565095 0.390652
1295965774 -2.33159 -0.606964 -1.19505 0.485335 0.663262 0.429225 0.374567
1295965774 -1.37825 -0.527351 -1.48627 0.725023 -0.610758 -0.130917 0.290132
1295965775 -1.86989 0.199714 -1.96551 0.768262 -0.615974 -0.0038542 0.174169
1295965776 -1.27481 -0.362443 -1.39117 0.70353 -0.695443 0.107134 0.0996339
1295965776 -1.16958 0.0276592 -0.476435 0.704087 -0.694865 0.101549 0.105412
1295965777 -0.885019 -0.178417 -1.41268 0.708702 -0.687211 0.0496601 0.151711
1295965778 -0.968416 -0.586649 -2.32174 0.69905 0.689086 0.119716 -0.148856
1295965778 -0.911047 -0.939426 -1.3878 0.702804 0.682623 0.0947674 -0.176382
1295965779 -0.883792 -1.30374 -0.45692 0.703211 0.682353 0.0896268 -0.178485
1295965779 -1.15285 -1.14095 -1.40618 -0.633237 0.724068 -0.21943 0.163053
1295965780 -0.623422 -1.28865 -2.24158 0.716167 0.630325 -0.165535 -0.249785
1295965780 -0.0918078 -1.35557 -1.39724 0.71466 0.632262 -0.166541 -0.248535
1295965781 -0.516672 -1.29605 -2.30054 -0.619707 0.62429 -0.441463 0.177017
1295965782 -1.254 -0.937567 -1.72797 0.63159 -0.628663 0.424917 -0.159131
1295965782 -0.783349 -0.0945754 -1.98845 0.161928 0.481164 0.765056 0.396169
1295965783 0.00931073 0.305525 -1.52844 0.600405 -0.340442 -0.266379 0.672796
1295965784 0.756398 0.894672 -1.83628 0.5977 -0.338416 -0.270524 0.674571
1295965784 -0.0368144 0.376115 -1.51705 0.214423 0.745013 0.501205 0.384411
1295965785 0.943432 0.572876 -1.53708 0.839797 -0.417789 -0.00456403 0.346659
1295965785 0.579359 0.186874 -2.3847 0.337307 0.788986 0.493948 0.140502
1295965786 1.09112 0.855475 -2.92421 0.823792 -0.317752 -0.177978 0.434424
1295965786 0.49842 0.335556 -3.53934 0.297627 0.775061 0.514901 0.213485
1295965787 0.296446 -0.591083 -3.22225 0.296232 0.775486 0.515338 0.212826
1295965787 0.0747752 -1.56576 -3.19277 0.296238 0.775522 0.515279 0.212829
1295965788 -0.282645 -0.631974 -3.20999 0.035938 0.304939 -0.73111 0.609261
1295965788 -0.545653 -0.635652 -4.17478 0.0359115 0.30496 -0.731316 0.609004
1295965789 -0.511756 -1.50622 -3.68389 0.149604 0.36154 0.677076 0.623278
1295965789 -1.26194 -1.60978 -4.33696 0.149707 0.361674 0.677054 0.623199
1295965790 -0.716884 -2.29006 -3.84693 0.150435 0.362521 0.676373 0.623271
1295965790 -1.31791 -2.49056 -4.62059 0.150415 0.362509 0.676381 0.623274
1295965791 -1.8641 -2.06011 -5.3392 0.150395 0.362486 0.676282 0.6234
1295965792 -1.14526 -2.46486 -4.774 0.150119 0.362269 0.675937 0.623967
1295965792 -1.5559 -3.29103 -5.15976 0.150189 0.362127 0.675912 0.624059
1295965792 -1.10605 -3.4916 -4.28947 0.437933 -0.610812 -0.308477 0.583066
1295965793 -0.135249 -3.54985 -4.05677 0.434895 -0.610629 -0.305988 0.586831
1295965794 0.851106 -3.5428 -3.89228 0.435453 -0.609883 -0.30628 0.58704
1295965795 -0.14303 -3.59299 -3.98808 0.564038 0.456033 0.583108 0.365897
1295965795 -1.13145 -3.73167 -3.92647 0.567086 0.458875 0.577329 0.366794
1295965796 -2.12154 -3.83474 -3.83109 0.548431 0.447778 0.596252 0.378419
1295965796 -3.08164 -4.10315 -3.90956 0.563141 0.45603 0.582016 0.369007
1295965797 -4.07447 -4.19592 -3.98502 0.577026 0.460482 0.570982 0.359133
1295965797 -5.06195 -4.34017 -3.92134 0.569035 0.456665 0.578513 0.364663
1295965798 -4.07573 -4.17507 -3.93146 0.412438 -0.54379 -0.373143 0.628451
1295965798 -5.01944 -4.48242 -3.8092 0.676284 0.472768 0.501015 0.260988
1295965799 -4.15028 -4.0513 -4.05149 0.373632 -0.433583 -0.448866 0.686239
1295965799 -3.19846 -3.99781 -4.35343 0.374471 -0.432128 -0.4489 0.686677
1295965800 -4.13352 -4.25672 -4.1113 0.551829 0.317265 0.687266 0.349991
1295965800 -3.19899 -4.57362 -4.27325 0.61715 0.351821 0.629325 0.315115
1295965801 -4.15401 -4.8295 -4.42316 0.628363 0.358606 0.616235 0.311152
1295965801 -5.14923 -4.9235 -4.39686 0.632666 0.359235 0.61376 0.306565
1295965802 -4.14996 -4.89962 -4.42671 0.336344 -0.650768 -0.27667 0.621954
1295965802 -3.15309 -4.84202 -4.37265 0.331701 -0.648231 -0.277803 0.626576
1295965803 -2.15487 -4.78347 -4.38458 0.331744 -0.645693 -0.278351 0.628926
1295965803 -3.14792 -4.8997 -4.40355 0.683588 0.346877 0.588874 0.256146
1295965804 -3.61538 -4.27428 -5.02831 -0.432654 -0.494032 0.588999 0.470981
1295965804 -2.6619 -4.39753 -4.75322 -0.432463 -0.494374 0.589323 0.470391
1295965805 -3.57397 -4.7187 -4.49835 -0.342168 0.383929 -0.490571 0.703463
1295965805 -4.02474 -5.28182 -5.19096 -0.342237 0.384028 -0.490543 0.703395
1295965806 -3.23331 -5.18904 -4.58679 -0.328186 -0.463306 0.628447 0.531692
1295965806 -2.31498 -5.00586 -4.23588 -0.32839 -0.463703 0.62789 0.531877
1295965807 -1.41708 -4.67039 -4.52088 -0.329732 -0.453703 0.634138 0.532258
1295965807 -2.26358 -5.08349 -4.18506 -0.348185 0.18493 -0.619908 0.678441
1295965808 -2.93141 -5.52834 -4.78182 -0.316591 0.152867 -0.633871 0.688919
1295965808 -2.47053 -4.74702 -4.36095 -0.519143 -0.515094 0.555296 0.395998
1295965809 -1.52262 -4.44158 -4.27056 -0.528032 -0.52323 0.545892 0.386542
1295965810 -0.560932 -4.17762 -4.19651 -0.518777 -0.515191 0.554451 0.397532
1295965810 -1.52177 -4.4524 -4.23241 -0.442492 0.436812 -0.464074 0.630897
1295965811 -2.41772 -4.76339 -4.54953 -0.447213 0.447715 -0.456816 0.625197
1295965811 -3.37358 -4.97754 -4.7507 -0.462475 0.472316 -0.43976 0.607985
1295965812 -4.35261 -5.12395 -4.89231 -0.468156 0.482791 -0.433359 0.599952
1295965813 -5.32733 -5.33881 -4.95356 -0.489305 0.511046 -0.410467 0.575265
1295965813 -6.29464 -5.59233 -4.94666 -0.493365 0.518194 -0.404229 0.569794
1295965814 -7.26899 -5.8086 -4.88446 -0.499854 0.523853 -0.40136 0.560923
1295965814 -8.25236 -5.9346 -4.75367 -0.502762 0.528052 -0.399838 0.555446
1295965815 -7.27951 -5.72765 -4.85723 0.586497 0.498448 -0.543531 -0.33488
1295965816 -6.32098 -5.50403 -4.68052 0.580101 0.496079 -0.549455 -0.339833
1295965816 -5.39347 -5.16897 -4.51485 0.578752 0.496814 -0.551303 -0.338064
1295965817 -4.43529 -4.94602 -4.33543 0.585925 0.498901 -0.545434 -0.332103
1295965817 -5.37258 -5.26071 -4.4853 0.602755 0.513647 -0.523579 -0.314194
1295965818 -4.45647 -4.90862 -4.29355 0.650713 0.543566 -0.461454 -0.261091
1295965818 -5.2935 -5.43066 -4.4574 0.713016 0.580737 -0.347705 -0.182902
1295965819 -4.85352 -5.15496 -3.60276 -0.632233 0.683603 -0.356184 0.078111
1295965820 -4.49227 -5.92467 -4.12912 -0.598289 -0.379336 0.418477 0.568358
1295965820 -5.39298 -5.49609 -4.20017 -0.446753 0.593004 -0.57296 0.347094
1295965821 -6.34549 -5.21636 -4.0799 0.40361 -0.567586 0.603824 -0.387739
1295965821 -7.18568 -4.70673 -4.26529 0.395735 -0.565455 0.606925 -0.394077
1295965822 -6.28198 -5.12729 -4.34573 -0.623537 -0.322171 0.460308 0.543622
1295965822 -7.24177 -4.87422 -4.46725 0.335207 -0.478582 0.66424 -0.466242
1295965823 -6.24806 -4.8523 -4.5771 0.815405 0.292454 -0.385743 -0.317472
1295965823 -7.03328 -4.55113 -5.11815 -0.317749 0.825145 -0.326667 0.333856
1295965824 -6.23202 -4.77945 -5.67119 0.867923 0.337248 -0.254295 -0.261357
1295965824 -6.84649 -4.50483 -6.41079 -0.338574 0.860854 -0.274987 0.26207
1295965825 -7.43944 -4.22139 -5.65708 -0.340443 0.864095 -0.270431 0.253586
1295965825 -8.04268 -3.92782 -4.91552 -0.341916 0.865538 -0.270658 0.246337
1295965826 -8.68846 -3.72872 -4.17841 -0.343654 0.866113 -0.269894 0.242709
1295965826 -9.25003 -3.47398 -3.39117 -0.345362 0.869074 -0.268173 0.231339
1295965827 -8.61223 -3.67582 -4.13446 0.898637 0.366336 -0.143372 -0.194148
1295965827 -8.39573 -2.92631 -4.76005 0.379428 -0.687754 -0.233871 0.573004
1295965828 -9.07464 -3.65338 -4.65776 0.92071 0.326139 0.0260278 -0.212716
1295965828 -9.03322 -4.05124 -3.74125 0.921133 0.324995 0.0212556 -0.213167
1295965829 -9.50735 -4.82718 -3.32517 0.920994 0.31919 -0.00168524 -0.223348
1295965829 -9.41802 -5.21002 -2.40569 0.920586 0.318759 -0.0102062 -0.225408
1295965830 -9.29136 -5.63927 -1.51143 0.921279 0.314166 -0.0205242 -0.228307
1295965830 -9.43844 -5.25249 -2.4218 -0.315122 0.912182 -0.261939 -0.00325718
1295965831 -9.31738 -5.70519 -3.3052 0.923937 0.312492 -0.0202477 -0.219724
1295965831 -9.1603 -6.05423 -2.38135 0.925005 0.307838 -0.0289484 -0.220823
1295965832 -8.9992 -6.42792 -1.4679 0.924425 0.307265 -0.0379242 -0.222683
1295965832 -9.16189 -6.06109 -2.38385 -0.308309 0.914182 -0.262535 0.0170948
1295965833 -8.82327 -5.74168 -1.4988 -0.305986 0.909733 -0.278565 0.0340677
1295965833 -8.92786 -5.16177 -0.690868 -0.300462 0.909534 -0.28271 0.0504567
1295965834 -8.79121 -5.86158 -1.392 0.824494 0.235555 -0.210316 -0.469564
1295965834 -8.434 -6.66652 -0.918215 0.829105 0.251101 -0.188513 -0.462598
1295965835 -8.00651 -7.43144 -0.436389 0.839184 0.290312 -0.122766 -0.44319
1295965835 -7.52 -8.08861 0.139313 0.844304 0.341997 -0.0380362 -0.410782
1295965836 -7.89513 -7.42546 -0.508383 -0.37045 0.852266 -0.369206 -0.0098434
1295965836 -8.07841 -6.76865 0.22306 -0.333993 0.847353 -0.405234 0.0789166
1295965837 -9.00676 -6.80562 -0.146821 -0.265685 0.850111 -0.405305 0.206037
1295965837 -8.8363 -7.52932 -0.815558 0.685042 0.0180869 -0.609493 -0.398634
1295965838 -7.97473 -8.03693 -0.820792 0.682319 0.0185106 -0.613573 -0.397022
1295965838 -8.83039 -7.51941 -0.817966 -0.0631731 0.693478 -0.421731 0.580724
1295965839 -8.02213 -8.10785 -0.839242 -0.62187 -0.0443274 0.638982 0.450571
1295965839 -7.63474 -9.02961 -0.856282 -0.60558 -0.0429864 0.650045 0.457018
1295965840 -8.48418 -8.52823 -0.691739 -0.120664 0.612915 -0.492342 0.606115
1295965841 -7.60012 -8.92452 -0.443956 0.664464 0.144837 -0.562022 -0.470787
1295965841 -6.69561 -9.33341 -0.565072 0.712045 0.188388 -0.502704 -0.452537
1295965842 -5.78139 -9.73467 -0.50863 0.74437 0.22101 -0.451934 -0.439118
1295965842 -4.91226 -10.1711 -0.275871 0.741394 0.217199 -0.457371 -0.440422
1295965843 -4.00779 -10.565 -0.112337 0.735636 0.211252 -0.464265 -0.445725
1295965843 -4.89056 -10.136 -0.303895 -0.216064 0.70977 -0.474691 0.473509
1295965844 -5.82484 -9.78085 -0.272717 -0.16868 0.659785 -0.491163 0.54313
1295965844 -6.74465 -9.44346 -0.473005 -0.103373 0.586564 -0.507069 0.623007
1295965845 -7.38869 -9.36695 -1.23416 -0.60481 0.735143 -0.294474 0.0839903
1295965846 -7.87736 -9.07124 -0.413334 -0.569412 0.713652 -0.366042 0.180234
1295965846 -8.6028 -8.84391 0.236326 0.706136 0.623449 -0.0913913 -0.323001
1295965847 -9.07621 -8.54656 -0.592811 -0.61259 0.673768 -0.406357 0.0751197
1295965848 -9.69856 -8.13257 0.0714935 -0.552074 0.658675 -0.483922 0.164865
1295965848 -10.4541 -7.71564 0.576724 -0.513986 0.641205 -0.525337 0.220673
1295965849 -9.82881 -8.46655 0.364373 -0.534494 -0.322022 0.402994 0.669487
1295965849 -10.4503 -7.73974 0.656804 -0.480134 0.694056 -0.482996 0.233392
1295965850 -9.66835 -8.18881 0.224465 0.698635 0.478968 -0.236046 -0.476215
1295965850 -10.4542 -7.78826 -0.246781 -0.465171 0.669131 -0.522724 0.250278
1295965851 -11.256 -7.34442 0.153359 -0.468779 0.66995 -0.520013 0.246981
1295965851 -12.0654 -6.83769 0.450107 -0.469247 0.671677 -0.518315 0.244963
1295965852 -11.2423 -7.32109 0.151906 -0.655064 -0.489287 0.206627 0.537396
1295965852 -12.047 -6.8266 -0.176738 -0.456498 0.648943 -0.55671 0.246083
1295965853 -12.8729 -6.3279 0.0862231 -0.460577 0.650213 -0.553315 0.242765
1295965853 -12.0202 -6.74305 -0.230882 0.687851 0.503196 -0.194584 -0.485585
1295965854 -11.1404 -7.01919 0.156025 0.68598 0.499031 -0.197406 -0.491356
1295965854 -11.8564 -6.50355 -0.314635 -0.525056 0.666632 -0.507296 0.150226
1295965855 -11.1569 -7.06282 -0.75959 0.678726 0.520318 -0.162295 -0.4922
1295965855 -10.4622 -7.60147 -0.282883 -0.672727 -0.501612 0.185087 0.511436
1295965856 -9.66069 -8.05312 0.108964 -0.671942 -0.493175 0.191916 0.518113
1295965856 -8.83548 -8.50575 0.446833 -0.666739 -0.482697 0.204172 0.529883
1295965857 -8.16902 -9.14839 0.824788 -0.655276 -0.450955 0.240451 0.556269
1295965857 -8.78159 -8.37053 0.68447 -0.586637 0.717743 -0.37158 0.0512925
1295965858 -9.09425 -7.67762 1.33417 -0.58869 0.714683 -0.375584 0.0401127
1295965858 -9.50247 -7.35761 2.18913 -0.588607 0.714746 -0.375793 0.0382173
1295965859 -9.93801 -6.78921 2.88715 -0.589546 0.714827 -0.374536 0.0343709
1295965859 -10.4191 -6.23972 3.57026 -0.591325 0.716007 -0.369743 0.030964
1295965860 -9.99594 -6.82608 2.87951 0.720256 0.547689 -0.117843 -0.409122
1295965860 -9.36049 -7.26795 3.51272 0.719572 0.545818 -0.119021 -0.412472
1295965861 -9.98431 -6.82944 2.86575 -0.544904 0.713551 -0.424109 0.118559
1295965861 -9.42196 -7.37066 2.24058 0.710784 0.475059 -0.242513 -0.458576
1295965862 -10.2892 -6.99262 1.91656 -0.466711 0.767016 -0.329658 0.291878
1295965863 -10.0446 -7.874 1.51242 -0.0494419 0.459338 -0.554844 0.69189
1295965864 -9.86585 -8.54234 0.790351 -0.221907 0.5126 -0.47452 0.680316
1295965865 -10.3319 -9.2717 0.289491 0.910618 0.40781 -0.0384724 -0.0546477
1295965866 -10.2762 -9.23274 1.28718 -0.403813 0.903552 -0.125135 -0.0697828
1295965866 -10.1745 -9.24038 0.292394 -0.382078 0.896308 -0.202197 0.0988195
1295965867 -9.78743 -9.44144 -0.607471 0.905287 0.394863 -0.0316079 -0.153423
1295965867 -9.40452 -9.55758 0.308985 0.901469 0.395859 -0.000891457 -0.175067
1295965868 -8.50439 -9.13328 0.407647 0.894521 0.378282 -0.0822159 -0.223552
1295965869 -8.31786 -9.15528 1.38985 0.892285 0.373775 -0.110551 -0.227813
1295965869 -8.00765 -9.50378 2.27434 0.892417 0.368999 -0.121763 -0.22936
1295965870 -8.36038 -9.24652 1.37467 0.896221 0.385206 -0.0719605 -0.207909
1295965870 -8.12007 -9.55912 2.29366 0.896437 0.414238 0.0436625 -0.151328
1295965871 -8.11392 -9.89326 3.23616 0.896059 0.414288 0.0477786 -0.152187
1295965871 -8.10664 -9.62074 2.27404 -0.410407 0.884655 -0.212536 -0.0614849
1295965872 -8.06607 -10.045 1.3694 0.889325 0.411294 0.0550811 -0.192106
1295965872 -7.87228 -10.5843 2.18891 -0.447193 0.8931 0.0298503 0.0387279
1295965873 -8.28219 -11.1399 2.91229 0.815771 0.383808 0.374475 0.216744
1295965873 -7.47124 -11.4396 2.40978 -0.260831 0.85342 0.048093 -0.448697
1295965874 -6.58106 -11.4621 2.86485 0.847748 0.345938 0.330645 0.228746
1295965874 -7.45492 -11.8586 3.14612 0.862782 0.318184 0.322015 0.225104
1295965875 -6.61698 -11.9134 2.60312 0.221776 -0.752878 -0.262411 0.561366
1295965876 -5.69464 -12.1694 2.89258 0.224236 -0.749358 -0.262227 0.56517
1295965876 -5.05109 -11.4075 2.81879 -0.256796 0.794146 0.252368 -0.489591
1295965877 -5.95405 -11.4643 2.39283 0.911814 0.230086 0.337254 0.0437601
1295965878 -6.64165 -11.3905 3.11516 0.856617 0.235109 0.451825 0.0823791
1295965878 -7.44027 -11.4804 3.71025 0.858682 0.236898 0.447587 0.07881
1295965879 -6.63001 -11.3914 3.13097 -0.23941 0.85558 0.0853574 -0.450977
1295965879 -5.75124 -11.2118 3.57314 0.227458 -0.807269 -0.11214 0.53292
1295965880 -6.69958 -11.3374 3.28182 0.830469 0.231573 0.495254 0.106857
1295965881 -7.10138 -11.2421 4.19258 0.864618 0.230543 0.437348 0.0895165
1295965881 -6.31228 -11.131 3.58846 -0.253951 0.861349 0.141408 -0.416642
1295965882 -5.48127 -11.1469 4.14449 -0.252642 0.856681 0.142916 -0.426431
1295965882 -4.67531 -11.1288 4.73618 -0.261252 0.876093 0.131635 -0.38325
1295965883 -4.75299 -11.7536 5.51309 0.18757 0.0977343 0.881251 0.422683
1295965883 -4.3909 -11.7368 6.44508 0.0476634 -0.179264 -0.416051 0.890221
1295965884 -4.20194 -11.1208 5.68035 0.0468633 -0.161802 -0.420535 0.891501
1295965884 -4.93285 -10.7062 6.22245 -0.304645 -0.323629 0.829959 0.33708
1295965885 -4.16569 -10.4994 5.61526 -0.295428 -0.323967 0.832367 0.339016
1295965885 -4.92199 -10.827 6.18154 -0.373319 0.311038 -0.340647 0.80489
1295965886 -4.174 -10.4611 6.73529 -0.293833 -0.398073 0.794335 0.352465
1295965886 -4.94902 -10.8706 7.21657 -0.42713 0.306657 -0.350421 0.775065
1295965887 -4.16639 -10.4532 7.67834 -0.286061 -0.437647 0.771395 0.362746
1295965887 -4.91311 -10.9621 8.10665 -0.464979 0.277481 -0.36786 0.755961
1295965888 -4.14071 -10.4689 8.50685 -0.268289 -0.447726 0.765578 0.376103
1295965888 -4.91986 -10.9126 8.94959 -0.47053 0.298728 -0.359521 0.748404
1295965889 -4.12685 -10.4233 9.31246 -0.304644 -0.457706 0.756493 0.35414
1295965889 -4.89962 -10.942 9.67814 -0.473769 0.258794 -0.383131 0.749519
1295965890 -3.99711 -10.7161 10.0448 -0.0265464 -0.318367 0.802393 0.504087
1295965890 -4.15862 -11.2962 10.8432 -0.117801 -0.0531713 -0.546826 0.827211
1295965891 -4.16552 -10.7284 11.6663 -0.251413 -0.201793 0.810784 0.48857
1295965892 -3.61289 -10.3686 10.9146 -0.386215 -0.293373 0.765968 0.421976
1295965892 -3.77084 -9.68614 10.2009 0.37032 -0.277187 -0.321681 0.826167
1295965893 -3.14535 -9.1744 9.61191 0.380098 -0.293052 -0.310973 0.82033
1295965893 -3.90122 -9.64499 10.0671 0.305473 0.293485 0.857142 0.293021
1295965894 -3.50515 -10.2261 9.35618 0.190667 0.249884 0.902951 0.29306
1295965894 -3.89716 -10.7317 8.58761 0.255783 0.0801822 -0.339428 0.901629
1295965895 -3.8903 -11.2026 9.46978 -0.0998067 0.310695 0.884393 0.333699
1295965896 -3.45483 -12.1026 9.44996 -0.102209 0.311816 0.89691 0.296441
1295965896 -2.70308 -12.1016 10.1094 0.529785 -0.607084 0.0847723 0.586166
1295965897 -2.06376 -11.396 10.4149 0.529495 -0.617087 0.0937705 0.574496
1295965897 -2.68724 -12.071 10.0204 0.560406 0.532881 0.632348 -0.0460195
1295965898 -2.02947 -11.319 9.97775 0.482104 -0.473855 0.026032 0.73645
1295965898 -1.42532 -10.5672 9.7135 0.481965 -0.449213 0.00824776 0.75223
1295965899 -2.10939 -11.0414 10.2678 0.473702 0.77312 0.40633 0.113085
1295965899 -2.65883 -11.6088 10.881 0.480887 0.773438 0.400435 0.10096
1295965900 -3.236 -12.1286 11.5109 0.482355 0.773068 0.399623 0.100008
1295965900 -3.86686 -12.3222 12.2622 0.809868 -0.535054 0.0328609 0.238225
1295965901 -4.04607 -11.3966 12.5957 -0.495647 -0.453036 0.297458 0.678683
1295965902 -4.22749 -12.3731 12.4796 -0.549758 -0.652504 0.0993185 0.511996
1295965902 -4.62828 -13.0284 11.8393 0.132148 0.199044 -0.794332 0.55853
1295965903 -4.68888 -12.5479 10.9644 0.133306 0.198455 -0.794285 0.558531
1295965903 -4.70066 -12.0198 10.1153 0.127733 0.201971 -0.796091 0.555996
1295965904 -4.53485 -12.3012 11.0604 -0.362298 0.00532626 0.493805 0.790486
1295965904 -4.24885 -12.9006 10.3128 -0.416391 -0.0867424 0.449569 0.785482
1295965905 -3.7724 -13.4558 9.63114 -0.421304 -0.0979169 0.443523 0.784986
1295965906 -4.34256 -12.9506 10.279 0.0182526 -0.382794 0.787777 -0.482228
1295965906 -4.0148 -13.6089 10.9567 -0.321535 0.0487766 0.514656 0.793325
1295965907 -3.80228 -14.2914 10.2574 0.0814997 -0.361031 0.804577 -0.464403
1295965907 -4.18485 -13.7254 9.52707 0.0876725 -0.367005 0.802094 -0.462889
1295965908 -4.66122 -13.1646 8.84996 0.0938066 -0.371196 0.802035 -0.458425
1295965908 -5.15678 -12.6781 8.13043 0.0974724 -0.373327 0.800913 -0.457891
1295965909 -4.65451 -13.2577 8.77205 -0.396772 -0.017212 0.484998 0.779136
1295965909 -4.18469 -13.8633 8.12975 -0.395897 -0.0155577 0.487004 0.778364
1295965910 -4.64953 -13.2776 8.79375 0.076893 -0.376633 0.796348 -0.466975
1295965910 -5.16429 -12.7594 8.11078 0.0772961 -0.375371 0.79681 -0.467136
1295965911 -5.67015 -12.281 7.39295 0.109748 -0.394927 0.792294 -0.45195
1295965911 -6.17506 -11.692 6.762 0.117753 -0.397567 0.793254 -0.445895
1295965912 -5.71604 -12.3733 7.3322 -0.390441 -0.00238184 0.495532 0.775885
1295965912 -5.4584 -13.1375 6.74089 -0.350681 0.0571872 0.522741 0.774915
1295965913 -5.40592 -13.9478 6.15729 -0.337042 0.0739008 0.529173 0.775189
1295965913 -4.49377 -14.2535 6.43023 0.491774 0.726143 0.45564 -0.15253
1295965914 -4.25691 -13.367 6.03274 0.696874 -0.429274 0.129977 0.55964
1295965914 -4.26144 -14.367 6.02197 0.651834 0.540671 0.273727 -0.455917
1295965915 -4.18582 -15.2683 5.59558 -0.666157 -0.494134 -0.233339 0.507562
1295965916 -3.55845 -15.9485 5.97469 -0.677673 -0.490464 -0.21072 0.505768
1295965917 -3.47131 -16.8698 6.35364 0.67609 0.49935 0.219503 -0.495349
1295965917 -3.85844 -17.2083 5.49597 0.593232 0.0566064 -0.441445 0.670819
1295965918 -3.99823 -18.1799 5.305 0.399893 0.635399 0.660558 -0.00421225
1295965918 -4.49927 -19.0453 5.3047 0.403301 0.636226 0.657667 -0.00624204
1295965919 -3.60103 -18.7398 4.98872 -0.437544 0.681178 -0.37815 -0.448948
1295965919 -3.23817 -18.7312 4.05692 -0.45579 0.34423 0.759715 0.310797
1295965920 -3.80632 -17.9444 4.29807 0.221009 0.604742 -0.413985 0.643474
1295965920 -4.40122 -17.1576 4.13368 0.245201 0.563386 -0.396289 0.682223
1295965921 -5.02182 -16.4028 3.92137 0.278908 0.500293 -0.371803 0.730534
1295965921 -5.59574 -15.6295 3.6518 -0.381502 0.370818 0.791986 0.299514
1295965922 -5.201 -16.4373 3.21398 -0.378575 0.372348 0.792791 0.299197
1295965922 -4.83061 -17.2298 2.72952 -0.375398 0.37414 0.794497 0.296427
1295965923 -4.33447 -17.9881 2.30668 -0.370015 0.376529 0.79706 0.293274
1295965923 -4.65159 -17.1679 2.78281 0.416251 0.325177 -0.260292 0.808235
1295965924 -4.30809 -18.0037 3.21121 -0.310971 0.437995 0.807933 0.242284
1295965924 -4.58517 -17.156 3.66362 0.437024 0.278033 -0.228426 0.824336
1295965925 -4.23737 -18.0019 4.06787 -0.201628 0.475431 0.837663 0.177854
1295965925 -3.97877 -18.8539 3.61251 -0.196877 0.477021 0.838439 0.175246
1295965926 -4.07991 -17.9888 4.10378 0.483554 0.208761 -0.17915 0.830963
1295965926 -3.89377 -18.8183 4.63022 -0.20428 0.558543 0.789213 0.153108
1295965927 -4.14665 -17.9028 4.94305 0.48617 0.249164 -0.209284 0.811022
1295965927 -3.89418 -18.7662 5.37987 -0.211497 0.550572 0.790126 0.166856
1295965928 -3.80651 -19.6819 4.98759 -0.287538 0.533316 0.765511 0.216537
1295965928 -3.03428 -20.0476 4.46811 -0.22385 0.218554 -0.56534 0.763227
1295965929 -2.45966 -20.6571 5.01435 0.413459 0.22168 0.679538 0.564037
1295965930 -3.2602 -20.5665 4.42196 0.413706 0.221075 0.67977 0.563814
1295965930 -3.93491 -20.5504 3.68405 0.396793 0.208459 0.680896 0.579207
1295965931 -3.15147 -20.8155 4.24615 0.265195 -0.456727 -0.555824 0.641975
1295965931 -3.96466 -20.6401 4.8011 0.427349 0.378161 0.569675 0.59147
1295965932 -3.35353 -20.7651 5.5827 0.0127711 -0.663126 -0.340531 0.666438
1295965932 -2.40102 -21.0672 5.62056 0.0777945 -0.712077 -0.332679 0.613367
1295965933 -1.50807 -21.5135 5.5617 0.105698 -0.766472 -0.323064 0.544958
1295965933 -2.11634 -21.7184 6.32854 0.687617 0.433282 -0.562682 0.151124
1295965934 -1.47506 -21.0447 6.6959 0.684115 0.433253 -0.56732 0.149751
1295965934 -0.786911 -20.5357 7.21292 -0.333767 0.791579 0.308507 0.408443
1295965935 -1.21428 -21.2438 7.77498 -0.330234 0.796692 0.313056 0.397773
1295965935 -1.65583 -22.0281 8.21078 -0.327323 0.799118 0.312168 0.396006
1295965936 -2.12599 -22.8045 8.63045 -0.335636 0.787288 0.301642 0.420165
1295965936 -1.72131 -22.0552 8.10623 0.743609 0.347811 -0.487781 0.296887
1295965937 -2.24232 -22.8657 7.83854 -0.362591 0.744169 0.275255 0.488851
1295965937 -1.74703 -22.1134 7.40404 0.707017 0.370326 -0.540422 0.266327
1295965938 -2.39187 -22.7785 7.02741 -0.268412 0.719863 0.379042 0.515829
1295965938 -2.93874 -23.5936 7.21874 -0.264997 0.723949 0.378358 0.512366
1295965939 -3.45139 -24.45 7.27957 -0.262826 0.72858 0.378343 0.506903
1295965939 -2.90446 -23.6311 7.10571 0.743748 0.247993 -0.483148 0.389752
1295965940 -3.18674 -24.5774 6.94814 -0.363345 0.832347 0.182828 0.3765
1295965940 -3.47821 -24.4686 7.89851 -0.353361 0.841172 0.204486 0.354613
1295965941 -3.04441 -23.8753 7.22044 0.831836 0.352814 -0.375403 0.206503
1295965942 -3.51373 -24.4804 6.57733 -0.351002 0.845248 0.213676 0.341607
1295965942 -3.14106 -23.8708 5.87771 0.824737 0.342253 -0.383946 0.235066
1295965943 -2.60238 -23.2167 6.40882 0.839023 0.333121 -0.351296 0.248319
1295965943 -3.00579 -23.8405 5.73936 -0.304112 0.868617 0.290578 0.261887
1295965944 -3.21426 -24.4805 6.47895 -0.299227 0.872286 0.295882 0.249068
1295965944 -3.44819 -25.1549 7.17923 -0.296439 0.874644 0.29915 0.240066
1295965945 -2.95191 -24.2873 7.14941 -0.30931 0.870075 0.280289 0.262173
1295965945 -2.64747 -23.6224 6.46727 0.877849 0.296536 -0.22862 0.298631
1295965946 -2.65532 -24.1076 5.59288 -0.188145 0.896418 0.400186 -0.0297819
1295965946 -3.10162 -24.6881 6.27391 -0.235828 0.886145 0.392593 0.0707348
1295965947 -3.22938 -23.9442 5.61802 0.837273 0.292976 -0.241916 0.393211
1295965947 -2.94792 -23.1404 6.14223 0.862989 0.235308 -0.117456 0.431375
1295965948 -3.89263 -23.4193 5.96971 0.88505 0.173473 0.0229104 0.431357
1295965948 -3.72333 -24.177 5.33948 0.884394 0.172592 0.0240831 0.432989
1295965949 -3.93953 -23.4282 5.96604 0.880829 0.142101 0.0887126 0.442807
1295965949 -4.30985 -22.7117 6.55716 0.878054 0.132976 0.108357 0.446763
1295965950 -3.903 -23.4473 6.01551 -0.0864593 0.877339 0.4309 -0.192682
1295965950 -3.25236 -24.0545 6.47153 -0.0818871 0.875301 0.432162 -0.200946
1295965951 -3.71231 -23.3288 5.95988 0.878655 0.125668 0.118306 0.445169
1295965951 -3.45393 -24.0119 5.27679 -0.104783 0.794232 0.560222 -0.210637
1295965952 -2.50972 -23.7761 5.04685 -0.266439 0.812 0.515366 0.063749
1295965953 -3.4168 -24.0726 4.74801 0.117478 -0.506079 0.833549 0.187826
1295965953 -3.3702 -23.203 4.25637 0.0874375 -0.512037 0.83798 0.167218
1295965954 -3.44933 -24.0827 4.72532 -0.542898 0.0543626 -0.0692079 0.835175
1295965954 -4.15448 -23.4262 4.99314 -0.52496 -0.0757723 -0.15047 0.834287
1295965955 -4.97487 -22.8552 4.96269 0.611231 0.450604 -0.562775 0.326553
1295965956 -5.34896 -23.6322 5.46891 -0.505879 0.164529 0.0904348 0.841925
1295965957 -5.14059 -22.7851 5.95774 -0.188035 -0.557151 0.804292 -0.0856748
1295965958 -5.41025 -23.6981 6.26377 -0.533451 0.229673 0.120414 0.805097
1295965958 -5.09342 -22.8 6.56891 -0.178602 -0.558059 0.806441 -0.0795276
1295965959 -5.34548 -23.7248 6.85415 -0.55571 0.215877 0.103593 0.796148
1295965959 -5.12277 -22.8042 7.17497 -0.241113 -0.570167 0.77685 -0.115229
1295965960 -4.83701 -23.5688 7.75263 -0.469208 -0.215774 -0.168307 0.839618
1295965960 -4.67383 -24.4627 7.33512 -0.450836 -0.305864 -0.21662 0.810105
1295965961 -4.41445 -25.269 6.80355 -0.423158 -0.388401 -0.258824 0.77659
1295965962 -4.57751 -24.3279 7.09959 0.510236 -0.183539 0.688044 0.482254
1295965962 -4.45589 -25.3169 7.18383 0.240219 0.864018 0.300648 -0.324621
1295965963 -4.08928 -26.0221 7.79064 0.838754 -0.23075 0.356673 0.340633
1295965963 -4.74631 -25.3318 8.09355 0.839185 -0.236157 0.357639 0.334803
1295965964 -5.15029 -24.5862 8.62358 0.841869 -0.233715 0.351128 0.336665
1295965964 -4.69025 -25.3019 8.09803 0.230478 0.827236 0.354711 -0.369783
1295965965 -4.12628 -26.0655 8.41231 0.236727 0.81982 0.352653 -0.384047
1295965965 -4.78039 -25.3099 8.37737 0.891266 -0.0518008 0.00948698 0.450412
1295965966 -4.58092 -26.1186 7.82391 0.141357 0.878144 0.416383 -0.188433
1295965967 -4.71115 -26.6846 8.63793 0.189029 0.850535 0.392114 -0.295137
1295965967 -5.50336 -26.3184 9.12611 0.260759 0.788506 0.346296 -0.436282
1295965968 -4.95337 -27.1398 9.27715 0.267589 0.781193 0.338157 -0.451423
1295965968 -5.64537 -26.4324 9.13363 0.872947 -0.250159 0.27847 0.312791
1295965969 -6.37783 -26.1384 8.51954 -0.35868 0.0817412 0.17891 0.912501
1295965969 -6.60774 -26.8941 7.90626 -0.355976 0.110301 0.190267 0.908247
1295965970 -6.50095 -26.1889 8.60718 -0.0300309 -0.364669 0.917025 -0.158681
1295965970 -6.37199 -25.4349 7.96306 -0.367085 0.22156 0.228054 0.874157
1295965971 -6.1383 -24.7157 8.61737 -0.237585 -0.387014 0.861763 -0.226138
1295965971 -6.26855 -25.7022 8.51796 -0.109399 -0.401609 0.891469 -0.178956
1295965972 -5.73774 -26.1239 9.25307 -0.0438665 -0.40014 0.909587 -0.103027
1295965972 -4.83542 -25.6933 9.23384 -0.0738881 0.877993 0.402708 0.247983
1295965973 -4.68588 -24.86 8.70163 0.787948 0.0825997 -0.310977 0.524985
1295965973 -4.97302 -25.7812 8.43916 -0.0606998 0.844541 0.476401 0.23687
1295965974 -5.21249 -26.6412 8.88978 -0.0559691 0.847902 0.476614 0.225321
1295965974 -5.35 -27.4294 9.48962 -0.0247334 0.860016 0.477051 0.179398
1295965975 -5.41802 -28.2778 10.0146 -0.0115515 0.862232 0.479196 0.16369
1295965975 -5.57287 -29.1195 10.5318 -0.00738752 0.862507 0.48242 0.152637
1295965976 -5.60631 -29.9657 11.0636 -0.00165982 0.865615 0.480806 0.139759
1295965976 -5.57177 -29.1131 10.5423 0.813208 0.0926076 -0.304392 0.487301
1295965977 -5.41464 -28.2195 10.9628 0.800307 0.111237 -0.33965 0.481427
1295965977 -5.08343 -27.3619 11.3562 0.794654 0.118149 -0.351374 0.48073
1295965978 -5.38946 -28.2196 10.943 -0.0294976 0.841453 0.497521 0.208708
1295965978 -5.56248 -29.0728 11.435 -0.0295824 0.838873 0.499413 0.214486
1295965979 -5.39083 -29.6906 12.2024 -0.0707557 0.82079 0.540055 0.172158
1295965980 -5.69835 -30.4567 12.7668 -0.0942497 0.804015 0.545003 0.218285
1295965980 -5.80039 -31.3853 13.1236 -0.0865858 0.807507 0.546799 0.203583
1295965981 -5.68462 -30.4643 12.7515 0.777327 0.149655 -0.296514 0.534271
1295965981 -6.03823 -31.336 12.4122 0.780673 0.155987 -0.301373 0.524779
1295965982 -6.46815 -32.0173 11.8197 0.0220488 0.536696 0.800815 0.264889
1295965982 -6.13377 -31.1944 12.2791 0.51889 -0.0572883 -0.246064 0.816654
1295965983 -6.01658 -30.2022 12.3207 0.519033 -0.0594962 -0.246331 0.816325
1295965983 -5.05138 -30.3895 12.1383 -0.739289 -0.179912 0.332628 0.557174
1295965984 -5.41415 -31.2478 12.5013 -0.739236 -0.179428 0.332962 0.5572
1295965984 -6.17612 -31.1762 11.8576 -0.73942 -0.179483 0.332914 0.556967
1295965985 -5.91888 -32.1066 12.1187 -0.747744 -0.194119 0.313767 0.552039
1295965985 -5.05335 -32.5579 11.9014 -0.749624 -0.186003 0.322093 0.547469
1295965986 -4.38074 -33.2693 12.105 -0.756149 -0.204822 0.300842 0.543858
1295965986 -3.6542 -33.8436 12.4822 -0.776211 -0.245644 0.24882 0.524637
1295965987 -4.30183 -33.2132 12.0542 -0.257539 0.703482 -0.616942 0.241182
1295965987 -3.75272 -34.0106 11.8037 -0.729125 -0.114159 0.381531 0.556578
1295965988 -3.08436 -34.6873 12.1124 -0.748478 -0.141689 0.343766 0.549118
1295965988 -2.41568 -35.3573 12.4349 -0.751599 -0.143483 0.340471 0.546435
1295965989 -3.11795 -34.6932 12.1783 -0.161391 0.679643 -0.624677 0.349023
1295965989 -2.55015 -35.5161 12.2011 -0.616374 -0.106046 0.410944 0.663296
1295965990 -3.14052 -34.7689 12.5064 -0.0487448 0.674734 -0.599544 0.427673
1295965990 -2.6231 -35.6246 12.4978 -0.0979306 0.709013 -0.594476 0.36648
1295965991 -2.14454 -36.5027 12.4918 -0.600455 -0.0531016 0.436858 0.667674
1295965992 -1.59126 -37.2952 12.2352 -0.59536 -0.0471608 0.442999 0.668636
1295965993 -0.986412 -38.0503 11.9823 -0.592468 -0.043054 0.447582 0.66843
1295965993 -1.66868 -37.3816 12.2778 0.0349015 -0.526097 0.705683 -0.473303
1295965994 -2.18405 -36.5606 12.0321 0.0219264 0.480747 -0.710085 0.513984
1295965995 -1.73267 -37.2905 12.5453 -0.46806 0.0454723 0.528376 0.706874
1295965995 -2.1501 -36.5751 13.1056 0.0506198 0.473337 -0.703225 0.528076
1295965996 -1.63779 -37.2743 13.6043 -0.552049 0.0807647 0.508648 0.655741
1295965996 -1.14902 -38.06 13.2252 -0.550099 0.0820061 0.509266 0.656746
1295965997 -1.64634 -37.2896 13.624 0.105015 0.501158 -0.66662 0.541692
1295965997 -1.30826 -38.0187 14.2191 -0.466567 -0.01873 0.502516 0.727628
1295965998 -1.86701 -37.3899 14.7599 -0.0167998 0.397965 -0.755014 0.520861
1295965998 -2.20182 -36.6014 14.2439 0.0262922 0.365299 -0.755148 0.543707
1295965999 -1.4977 -36.9477 14.8638 -0.713485 -0.011219 0.388746 0.582828
1295965999 -0.977937 -37.7968 14.9579 -0.710564 -0.00934919 0.392215 0.584105
1295966000 -1.57603 -36.9962 14.9225 -0.0119727 0.677019 -0.612412 0.407987
1295966000 -2.08612 -36.1362 14.9105 -0.0193883 0.683277 -0.611756 0.398136
1295966001 -1.48519 -36.9355 14.9092 -0.731941 0.00453605 0.391906 0.557361
1295966001 -2.12012 -36.1852 14.7247 0.0564978 -0.648393 0.658969 -0.377033
1295966002 -1.6004 -37.0389 14.7592 -0.637294 0.0753982 0.470325 0.605777
1295966002 -2.10273 -36.1745 14.7371 0.0759974 -0.617693 0.686445 -0.37613
1295966003 -1.523 -36.9891 14.7539 -0.667459 0.116625 0.466217 0.568805
1295966003 -0.89936 -37.7703 14.7254 -0.698351 0.0799492 0.421114 0.573216
1295966004 -1.2835 -36.8694 14.5232 -0.139204 0.74851 -0.623104 0.179154
1295966004 -1.87555 -37.6359 14.2743 -0.277854 0.485065 0.747684 0.358438
1295966005 -1.60932 -38.5977 14.2104 -0.243642 0.504167 0.756152 0.338656
1295966005 -1.56368 -37.7103 14.669 0.53565 0.145334 -0.273943 0.785437
1295966006 -1.99255 -36.8543 14.3802 0.490845 0.25159 -0.34349 0.760124
1295966006 -2.37903 -35.9895 14.0597 -0.275129 0.683751 0.645477 0.200373
1295966007 -2.43372 -34.9911 14.0421 0.6778 0.224591 -0.164474 0.680511
1295966008 -2.44895 -33.9974 14.1525 0.672774 0.221074 -0.163619 0.686826
1295966008 -3.13033 -34.2062 14.854 0.672763 0.220688 -0.162944 0.687122
1295966009 -3.46593 -34.2204 13.9121 0.302952 -0.645574 0.696906 0.076
1295966009 -3.85295 -34.3925 14.818 0.312447 0.616859 0.367229 0.622097
1295966010 -4.15893 -34.3629 15.7696 0.311687 0.617049 0.367304 0.622246
1295966010 -5.08825 -34.7321 15.7638 0.311603 0.616954 0.367416 0.622315
1295966011 -4.12796 -34.4582 15.7108 -0.445778 0.239046 0.736755 -0.4487
1295966011 -3.27792 -34.0922 15.3321 -0.444904 0.23918 0.737133 -0.448875
1295966012 -2.43581 -33.638 15.0413 -0.445026 0.239324 0.737127 -0.448687
1295966012 -3.22528 -33.2145 15.4855 0.193984 -0.00625302 0.594479 0.780337
1295966013 -3.15853 -33.5257 16.4335 -0.0633693 -0.332952 -0.742251 0.578093
1295966013 -3.37059 -33.0719 17.2989 0.301935 0.0929249 0.539995 0.780132
