1295965766 -0.873861 0.0461666 0.483979 0.873762 -0.0461345 -0.48416 -4.09064e-05
1295965767 -1.01156 0.600369 -0.336936 0.873762 -0.0461345 -0.48416 -4.09064e-05
1295965767 -0.66703 0.46376 -1.26572 0.873978 -0.0460967 -0.483774 -6.93429e-05
1295965768 0.259063 0.576928 -1.62564 0.874015 -0.0460418 -0.483713 -6.68258e-05
1295965768 -0.738853 0.522495 -1.59098 0.874019 -0.0460482 -0.483705 -0.000140929
1295965769 -0.727997 1.50646 -1.76904 0.873895 -0.0447771 -0.484044 -0.00207408
1295965769 -1.51155 1.56433 -2.38766 0.87396 -0.0458207 -0.483824 -0.00300951
1295965770 -2.47517 1.5035 -2.64792 0.874007 -0.0457869 -0.483741 -0.00297596
1295965770 -2.58158 1.72593 -1.67879 0.0681561 -0.796224 0.19484 0.5687
1295965771 -3.54377 1.48363 -1.80322 0.0681459 -0.796209 0.19486 0.568715
1295965772 -2.72023 1.33701 -2.35121 0.925493 0.0356833 -0.371356 0.0654576
1295965772 -2.32182 1.54926 -1.4589 -0.0419253 0.998111 -0.000426174 0.0448984
1295965773 -3.02947 1.37511 -0.774131 -0.0419412 0.998097 -0.000321297 0.0451923
1295965773 -2.85599 1.02312 0.145652 0.8947 0.0303088 -0.259826 0.362055
1295965774 -2.10283 1.6003 0.461266 -0.218676 0.594429 0.352418 0.688938
1295965774 -1.48705 2.31388 0.795367 -0.148834 0.706595 0.378705 0.578926
1295965775 -0.947007 2.47576 1.62129 0.845119 -0.27438 0.192598 0.416407
1295965776 -0.190471 2.81061 2.18301 -0.0295495 0.75431 0.291601 0.587463
1295965776 -0.969313 2.21201 2.3703 -0.652193 0.0107241 0.658939 -0.374605
1295965777 -1.94541 2.00219 2.42691 0.161469 0.421819 0.528353 0.718916
1295965778 -1.1353 2.31507 2.92271 0.182466 0.449769 0.51875 0.703784
1295965778 -1.96693 2.13248 2.39826 -0.499483 0.20157 0.679132 -0.498664
1295965779 -1.12911 2.37963 1.91146 0.138072 0.525821 0.461719 0.700903
1295965779 -0.225361 2.41417 2.33812 0.140315 0.526337 0.463293 0.699029
1295965780 0.652632 2.71971 2.70659 0.148405 0.532793 0.46227 0.693119
1295965780 -0.201567 2.4782 2.24614 -0.569421 0.208166 0.641484 -0.470026
1295965781 -1.06254 2.19995 2.67194 -0.515819 0.171321 0.679959 -0.492174
1295965782 -0.214738 2.51233 2.2434 0.139694 0.532214 0.47184 0.688913
1295965782 0.112528 1.69712 2.72124 0.217057 0.592939 0.471132 0.615909
1295965783 1.06819 1.73895 3.01271 0.223062 0.591452 0.472321 0.614281
1295965784 0.250375 1.32301 2.615 0.434694 -0.365723 -0.547617 0.614332
1295965784 -0.547476 1.25434 3.21393 0.435132 -0.365936 -0.547085 0.614369
1295965785 -1.43383 1.58499 3.53804 0.435136 -0.366023 -0.547209 0.614203
1295965785 -2.39373 1.65448 3.80962 0.435017 -0.366214 -0.547203 0.61418
1295965786 -3.34314 1.50625 4.0865 0.435915 -0.366355 -0.546889 0.613738
1295965786 -4.29992 1.44267 4.37026 0.435912 -0.366456 -0.546837 0.613727
1295965787 -3.56805 2.04562 4.05275 0.605934 0.66453 0.343734 0.270353
1295965787 -4.32854 1.43679 4.27854 0.294778 -0.402278 -0.361586 0.78774
1295965788 -4.24483 0.739877 4.99079 0.295317 -0.402931 -0.361532 0.787229
1295965788 -3.26389 0.586604 4.87137 0.0247095 -0.0348047 0.917802 0.394737
1295965789 -3.54444 0.978097 5.74774 0.0247165 -0.0348208 0.917774 0.394801
1295965789 -3.7747 1.12888 4.78637 0.141758 -0.163136 -0.394243 0.893232
1295965790 -4.58618 1.65619 5.03825 0.656723 0.358578 -0.591728 -0.299991
1295965790 -3.6098 1.82691 5.17069 -0.376553 0.558766 -0.395673 0.624044
1295965791 -4.29348 1.15192 4.89324 0.860076 0.501101 -0.0952436 0.00978852
1295965792 -4.8598 0.586846 4.29326 -0.361662 0.572701 -0.181215 0.713004
1295965792 -5.77779 0.764928 4.64763 -0.00806883 -0.176704 0.912156 0.369706
1295965792 -5.71388 0.00412963 5.29347 -0.00824866 -0.17645 0.912124 0.369902
1295965793 -5.73686 0.451533 4.39943 -0.0764807 -0.185921 -0.397681 0.895229
1295965794 -5.40069 0.0635886 3.54124 0.0551883 -0.109556 0.913742 0.387333
1295965795 -5.3848 -0.267832 4.48459 0.0345329 -0.118636 0.913848 0.386802
1295965795 -5.35615 -0.0456412 3.51001 -0.105241 -0.0176658 -0.388519 0.915241
1295965796 -5.37294 -0.248297 2.53091 0.0374869 -0.123309 0.913411 0.386097
1295965796 -5.20706 -0.0969298 1.55645 -0.204657 0.0858085 -0.363752 0.904675
1295965797 -5.60077 -0.471334 0.716916 -0.133491 -0.0868925 0.923551 0.348832
1295965797 -5.25648 -0.420152 -0.220548 -0.117756 0.17704 -0.344797 0.914278
1295965798 -4.78553 -0.346779 0.658556 -0.119231 0.180576 -0.344792 0.913397
1295965798 -4.2531 -0.410791 1.50261 -0.110208 0.166667 -0.346099 0.916674
1295965799 -3.69232 -0.58732 2.31154 -0.0994059 0.133395 -0.349474 0.922059
1295965799 -3.93384 -0.715256 1.34961 -0.201436 -0.147808 0.905891 0.341962
1295965800 -4.38261 -0.678547 2.24251 -0.197886 -0.147527 0.906077 0.343658
1295965800 -4.40393 -1.06665 3.16388 0.148406 -0.328177 -0.355085 0.862664
1295965801 -3.90226 -0.874613 2.3204 0.519858 0.242858 0.755594 0.315982
1295965801 -4.82948 -0.95212 1.954 0.232985 -0.486808 -0.326926 0.775793
1295965802 -5.72768 -0.961966 2.39347 0.23342 -0.485369 -0.327987 0.776116
1295965802 -4.82929 -0.920095 1.95629 0.485583 0.244044 0.770124 0.334006
1295965803 -5.70815 -0.971624 1.482 0.187121 -0.467942 -0.316471 0.803656
1295965803 -6.5555 -1.02935 2.00989 0.191004 -0.460633 -0.32149 0.804971
1295965804 -6.58517 -1.7517 1.319 0.190428 -0.460606 -0.321071 0.805291
1295965804 -6.07804 -1.8076 0.458946 0.524613 0.574553 0.48625 0.397782
1295965805 -5.13308 -1.82413 0.132173 0.524629 0.574596 0.486156 0.397815
1295965805 -5.9122 -1.36858 0.562805 0.795207 -0.593865 -0.10519 -0.0624934
1295965806 -5.86614 -1.07043 -0.390604 0.795145 -0.593952 -0.105154 -0.0625105
1295965806 -5.16093 -1.05333 0.31819 -0.375963 -0.553297 0.570804 -0.476127
1295965807 -5.34573 -0.0889961 0.128709 -0.633204 0.33271 0.39017 0.579762
1295965807 -5.55973 0.877208 0.272422 -0.629425 0.334477 0.393752 0.580438
1295965808 -5.30918 -0.0792402 0.122647 0.405222 0.521439 -0.550327 0.510918
1295965808 -5.06149 -0.76709 0.80493 0.482501 0.433387 -0.4768 0.593321
1295965809 -5.13644 0.182812 0.501502 -0.526366 0.446647 0.511032 0.512144
1295965810 -5.06042 -0.802385 0.347853 0.514484 0.463635 -0.447181 0.566019
1295965810 -5.02942 -1.78925 0.506374 0.503383 0.47773 -0.461437 0.552681
1295965811 -4.99926 -0.810989 0.301218 -0.54102 0.366229 0.482553 0.583366
1295965811 -4.88014 -1.78238 0.0957707 0.420259 0.483032 -0.548279 0.538007
1295965812 -4.92377 -0.800364 -0.0879116 -0.483485 0.40316 0.534355 0.564065
1295965813 -4.80947 -1.75785 -0.352769 0.43904 0.394509 -0.534544 0.604872
1295965813 -4.83085 -0.844899 -0.760269 -0.479281 0.387823 0.54054 0.57245
1295965814 -4.69797 -1.791 -1.05561 0.405092 0.407968 -0.563082 0.593634
1295965814 -4.80547 -0.847232 -1.36824 -0.436719 0.461879 0.568526 0.522228
1295965815 -4.86809 0.117145 -1.11123 -0.432441 0.464931 0.571294 0.520054
1295965816 -4.84795 -0.846309 -1.37834 0.496981 0.3743 -0.485452 0.614203
1295965816 -4.84011 0.0676875 -1.78399 -0.508613 0.436721 0.507208 0.541596
1295965817 -4.75476 -0.916355 -1.94012 0.445476 0.463536 -0.537622 0.545572
1295965817 -4.70697 -1.85804 -1.60704 -0.543343 0.384086 0.471268 0.578933
1295965818 -4.58105 -2.80152 -1.91363 0.439812 0.485772 -0.538146 0.530085
1295965818 -4.63172 -3.63053 -1.35669 -0.564361 0.208942 0.415818 0.681862
1295965819 -4.15944 -4.50555 -1.46289 -0.638678 0.110774 0.312322 0.694459
1295965820 -4.05115 -3.52424 -1.62194 -0.641863 0.116719 0.29872 0.696531
1295965820 -4.2447 -2.54467 -1.56736 -0.642554 0.117286 0.298692 0.69581
1295965821 -3.94437 -3.47919 -1.75836 -0.132804 -0.628718 0.699146 -0.313483
1295965821 -3.92928 -2.49773 -1.94948 -0.454422 0.206882 0.436712 0.74832
1295965822 -4.09957 -1.59682 -1.55028 -0.450961 0.217913 0.441045 0.744733
1295965822 -4.3606 -0.760725 -1.06778 -0.452621 0.222289 0.443079 0.741217
1295965823 -4.94543 -0.112874 -0.579667 -0.503329 0.164158 0.400572 0.747833
1295965823 -5.10164 0.793059 -0.186115 -0.508918 0.157257 0.393147 0.749472
1295965824 -5.3576 1.63717 0.285009 -0.506654 0.162561 0.394482 0.749173
1295965824 -5.52229 2.52543 0.713808 -0.501378 0.169084 0.401772 0.747403
1295965825 -5.34898 1.61924 0.328083 -0.131209 -0.466454 0.777685 -0.400514
1295965825 -5.52324 2.46224 -0.180824 -0.476161 0.145328 0.401318 0.768827
1295965826 -5.2678 1.65209 -0.708467 -0.199732 -0.396189 0.773049 -0.453362
1295965826 -5.38416 2.46933 -1.2729 -0.457968 0.231964 0.433341 0.740725
1295965827 -5.5254 3.3032 -0.739313 -0.456283 0.234694 0.436471 0.739065
1295965827 -5.10716 4.18437 -0.95982 -0.465004 0.209433 0.431457 0.744147
1295965828 -4.64924 5.07237 -1.00174 -0.455979 0.214098 0.438363 0.744368
1295965828 -4.54984 4.18467 -1.45131 -0.177034 -0.437355 0.767216 -0.434463
1295965829 -4.11741 5.08229 -1.36588 0.102957 0.645353 0.628868 0.421241
1295965829 -4.74904 4.33036 -1.55469 0.599595 -0.115388 -0.424286 0.668695
1295965830 -4.11388 5.06325 -1.7985 0.13484 0.614458 0.661603 0.408095
1295965830 -3.45833 5.77868 -1.55682 0.137514 0.615131 0.660138 0.408561
1295965831 -2.80064 6.49012 -1.30923 0.138929 0.616709 0.659165 0.407271
1295965831 -3.47557 5.79642 -1.56073 0.593248 -0.1752 -0.387012 0.683801
1295965832 -2.79562 6.4807 -1.82424 0.163566 0.616596 0.664407 0.389382
1295965832 -2.1282 7.19053 -1.59909 0.174367 0.623309 0.659531 0.382231
1295965833 -2.38897 6.33248 -2.04153 0.124665 -0.0669416 -0.484211 0.863433
1295965833 -2.23085 6.62425 -2.98486 0.225088 0.200826 0.838648 0.453512
1295965834 -1.70789 7.02931 -2.23489 0.238954 0.199596 0.8385 0.447191
1295965834 -2.16012 6.69692 -3.06255 0.0840068 0.00573559 -0.485363 0.870249
1295965835 -2.14252 6.98643 -4.01956 0.202916 0.168031 0.853959 0.448714
1295965835 -2.65607 6.90299 -4.87355 0.136115 -0.13494 -0.453174 0.870573
1295965836 -3.04422 6.79463 -3.95835 0.178054 -0.211346 -0.438378 0.855251
1295965836 -2.58943 6.94457 -4.83623 0.333219 0.282583 0.800159 0.410922
1295965837 -3.31192 7.13907 -4.17278 0.929036 -0.29069 -0.098689 -0.206524
1295965837 -3.09896 7.261 -5.1422 0.936343 -0.267163 -0.0279205 -0.226067
1295965838 -3.17167 6.87664 -4.22189 0.255651 0.925544 -0.278977 0.0134887
1295965838 -3.31528 6.407 -5.09299 0.252423 0.926311 -0.279567 0.00855868
1295965839 -3.54305 5.90822 -5.92925 0.250739 0.926159 -0.281702 0.0016215
1295965839 -2.83307 6.34283 -5.37513 0.646342 -0.338236 -0.536254 -0.424583
1295965840 -3.28536 7.22231 -5.52325 0.643189 -0.339052 -0.542535 -0.420722
1295965841 -3.7258 8.12006 -5.51647 0.640627 -0.340925 -0.545434 -0.419368
1295965841 -3.30254 7.21428 -5.53647 0.332889 0.651547 -0.420402 0.536595
1295965842 -3.74261 8.11221 -5.52908 0.654385 -0.340199 -0.535151 -0.411896
1295965842 -3.29398 7.2233 -5.43655 0.32667 0.636528 -0.429554 0.551
1295965843 -3.73461 8.11965 -5.48544 0.685671 -0.295473 -0.488944 -0.451093
1295965843 -4.17315 9.01169 -5.59477 0.68344 -0.298458 -0.491887 -0.44931
1295965844 -3.72524 8.11798 -5.6203 0.316733 0.6601 -0.434852 0.524264
1295965844 -4.14839 9.01708 -5.73233 0.673666 -0.2728 -0.500137 -0.470762
1295965845 -3.84009 8.24759 -6.29165 0.590561 -0.27277 0.372066 0.662119
1295965846 -3.89637 9.23833 -6.4152 0.326126 0.559593 0.630128 -0.428294
1295965846 -3.83283 8.24197 -6.47203 0.318382 0.558193 0.622221 -0.447096
1295965847 -3.84477 9.22807 -6.30631 0.320394 0.557915 0.621212 -0.447407
1295965848 -3.74546 8.24087 -6.43108 0.606036 -0.270072 0.391447 0.637614
1295965848 -3.83651 9.23237 -6.52402 0.298726 0.604215 0.614319 -0.410244
1295965849 -4.15356 10.09 -6.11907 0.342452 0.571953 0.594852 -0.449164
1295965849 -4.46182 10.9555 -5.72432 0.363599 0.556414 0.583742 -0.46631
1295965850 -4.54847 11.9441 -5.60137 0.367507 0.554194 0.581201 -0.469057
1295965850 -4.59561 12.939 -5.51226 0.370995 0.550707 0.579085 -0.473018
1295965851 -4.58209 11.9461 -5.63006 0.493199 -0.350071 0.515323 0.607163
1295965851 -4.70967 12.8903 -5.93359 -0.359488 -0.448584 -0.608073 0.547529
1295965852 -4.8102 13.8219 -5.58426 -0.385303 -0.424695 -0.593252 0.565003
1295965852 -4.8438 14.7638 -5.24997 -0.41206 -0.396963 -0.575649 0.58417
1295965853 -4.85874 13.8256 -5.59585 0.39148 -0.412045 0.588899 0.574596
1295965853 -4.90068 12.8624 -5.33052 0.393374 -0.409846 0.587658 0.576144
1295965854 -5.01121 13.8447 -5.48198 -0.207775 -0.442781 -0.693489 0.529006
1295965854 -5.16257 14.649 -4.90741 -0.216276 -0.435884 -0.690597 0.535075
1295965855 -5.32239 15.4545 -4.33674 -0.249684 -0.411714 -0.680293 0.552586
1295965855 -5.22717 14.6462 -4.91775 0.393305 -0.223945 0.556675 0.696615
1295965856 -5.37021 15.478 -5.45404 -0.157218 -0.40509 -0.725663 0.533477
1295965856 -5.12352 14.6803 -6.00434 0.411598 -0.252004 0.549872 0.681705
1295965857 -5.20299 15.4132 -6.68003 -0.362276 -0.40091 -0.617245 0.57187
1295965857 -5.28806 16.1203 -5.97813 -0.390829 -0.364198 -0.600095 0.595398
1295965858 -5.4354 15.3819 -6.63615 0.44965 -0.152276 0.507484 0.719087
1295965858 -5.4508 16.2507 -7.13107 0.102629 0.640086 0.654118 -0.389725
1295965859 -5.05083 15.3677 -7.3768 0.646964 -0.0308765 0.335208 0.684193
1295965859 -5.49719 16.2443 -7.5565 0.0668838 0.618862 0.688608 -0.371961
1295965860 -5.92736 17.0934 -7.24976 0.0763422 0.615152 0.688572 -0.376336
1295965860 -5.57628 16.1804 -7.45785 0.613771 -0.0988254 0.390061 0.679243
1295965861 -5.2578 15.2581 -7.23916 0.605607 -0.111682 0.403348 0.676814
1295965861 -4.90662 14.3819 -6.90898 0.579687 -0.147387 0.440389 0.66955
1295965862 -4.51605 13.4713 -6.77416 0.540259 -0.216231 0.499642 0.641656
1295965863 -3.9344 13.2112 -6.00341 -0.63199 0.481318 0.238578 0.558571
1295965864 -3.7854 12.9142 -6.94658 0.502991 -0.233186 0.663122 0.502885
1295965865 -3.8651 13.7286 -6.37178 0.39193 -0.302024 0.74097 0.454022
1295965866 -4.07594 14.5905 -6.83297 0.306007 -0.344454 0.782895 0.418075
1295965866 -3.83642 13.668 -6.53023 -0.366038 -0.419216 -0.428879 0.711573
1295965867 -4.12872 14.5812 -6.24606 -0.358328 -0.431857 -0.435753 0.703719
1295965867 -3.72181 13.6799 -6.3952 0.28018 -0.474074 0.763393 0.337617
1295965868 -4.57571 13.8797 -5.91461 -0.565423 0.579845 0.574969 0.116135
1295965869 -3.88476 13.1569 -5.90146 0.372839 0.406303 -0.185491 0.813328
1295965869 -4.45711 13.8952 -6.25823 -0.371772 0.400516 0.822044 0.160049
1295965870 -4.96859 14.623 -5.80135 0.33004 0.38897 -0.203086 0.835782
1295965870 -5.52747 15.3049 -6.2732 -0.256449 0.389217 0.874782 0.132294
1295965871 -5.13686 14.564 -6.81949 0.368546 0.29866 -0.156211 0.866357
1295965871 -4.70462 13.8767 -6.23566 0.364658 0.309461 -0.160165 0.863484
1295965872 -4.26588 13.1617 -5.6914 0.36299 0.323489 -0.167222 0.857688
1295965872 -4.6075 14.026 -6.06059 0.329833 0.355317 -0.143936 0.862695
1295965873 -4.57398 14.5522 -6.91026 0.353429 0.177135 -0.081465 0.914918
1295965873 -4.35821 14.0782 -6.05661 0.348678 0.0541783 -0.0441993 0.934631
1295965874 -4.51661 14.5425 -6.92801 0.338895 0.0531315 -0.058802 0.93748
1295965874 -5.19883 15.1163 -7.3811 0.574163 0.27382 0.754736 -0.160416
1295965875 -4.47943 15.6698 -6.96144 0.541488 0.282862 0.778668 -0.143025
1295965876 -5.30464 15.1258 -7.11346 0.227705 -0.626532 0.205639 0.716464
1295965876 -5.29008 15.8218 -7.83139 -0.694141 0.372995 0.0521037 0.613455
1295965877 -4.73114 16.6366 -7.98543 -0.690262 0.305606 -0.0319658 0.655074
1295965878 -5.1036 15.7543 -7.69752 -0.229769 -0.570626 0.784204 0.0813401
1295965878 -4.65617 16.6066 -7.96847 -0.549595 0.217919 -0.0829348 0.802233
1295965879 -4.20265 17.4446 -7.66495 -0.549885 0.224115 -0.0782775 0.800794
1295965879 -4.80678 16.6917 -7.92618 -0.155503 -0.556672 0.804839 0.134796
1295965880 -5.32878 15.8983 -7.61314 -0.0821242 -0.542219 0.81456 0.189069
1295965881 -5.63919 16.7446 -8.04607 -0.139716 -0.416804 -0.490876 0.752193
1295965881 -6.17523 17.3187 -7.42716 -0.155767 -0.392997 -0.487482 0.763971
1295965882 -5.76463 16.7288 -8.12245 0.423527 -0.108764 0.744675 0.504236
1295965882 -6.3121 17.28 -8.75211 -0.121453 -0.345494 -0.506107 0.780858
1295965883 -6.03208 16.3395 -8.55979 -0.0662925 -0.440339 -0.51139 0.734974
1295965883 -6.57384 16.8802 -7.91625 -0.0688121 -0.434142 -0.510975 0.738709
1295965884 -5.91704 17.0397 -8.65325 0.917654 -0.0273048 0.287273 0.273203
1295965884 -6.00332 16.7031 -9.59094 0.895469 -0.0459128 0.355315 0.264158
1295965885 -6.71397 17.1435 -9.0423 0.0537888 0.835455 0.304235 -0.454492
1295965885 -7.45016 17.7282 -9.38307 0.0593398 0.830672 0.302924 -0.463357
1295965886 -8.201 18.2567 -9.77929 0.058202 0.829854 0.30344 -0.464627
1295965886 -8.94511 18.8291 -10.1237 0.0623561 0.826801 0.30305 -0.469758
1295965887 -9.70656 19.3658 -10.4873 0.063337 0.821945 0.303132 -0.478023
1295965887 -10.4202 19.9574 -10.8623 0.047815 0.841939 0.303479 -0.443568
1295965888 -11.1403 20.5196 -11.269 0.0488145 0.845869 0.303632 -0.43581
1295965888 -11.8757 21.0729 -11.6603 0.0522077 0.842326 0.304044 -0.441949
1295965889 -12.5862 21.6434 -12.0723 0.0535645 0.839448 0.304191 -0.447131
1295965889 -13.2675 22.2385 -12.4984 0.0520788 0.837333 0.305608 -0.450295
1295965890 -14.1329 22.7245 -12.6206 0.0588501 0.829079 0.303944 -0.465599
1295965890 -14.8023 23.1942 -13.1962 0.0567344 0.826253 0.309283 -0.467366
1295965891 -15.2746 23.8636 -13.7697 0.0480297 0.839879 0.308732 -0.443825
1295965892 -14.7838 23.1865 -13.2213 0.759466 -0.0155666 0.515956 0.395926
1295965892 -14.7483 23.5307 -12.283 0.61964 -0.138459 0.684767 0.357728
1295965893 -15.4988 24.1232 -12.5756 -0.179032 -0.526433 -0.335666 0.760358
1295965893 -16.2469 24.6867 -12.2252 -0.180403 -0.527652 -0.339289 0.757576
1295965894 -16.3523 24.5822 -13.2141 0.77834 0.431431 -0.274266 0.364462
1295965894 -16.2428 25.2561 -12.4835 0.79176 0.413138 -0.198204 0.403916
1295965895 -16.1759 24.4302 -13.0433 0.792462 0.410042 -0.19261 0.408375
1295965896 -16.4752 24.4089 -12.0894 0.124859 0.483722 0.763038 -0.410118
1295965896 -16.1362 25.2962 -12.4023 0.0467785 0.519671 0.77576 -0.354896
1295965897 -15.8651 24.4505 -12.862 0.504463 -0.0417411 0.357235 0.784957
1295965897 -15.6341 23.5851 -12.4173 0.506402 -0.0376013 0.35377 0.785487
1295965898 -15.2897 22.8605 -11.8204 0.507888 -0.0290596 0.34863 0.787186
1295965898 -15.6779 23.556 -12.425 0.16593 0.514996 0.732208 -0.413664
1295965899 -15.5928 24.2068 -11.6705 0.216199 0.492448 0.71455 -0.447404
1295965899 -15.4584 23.3354 -12.1423 0.487268 -0.178639 0.435361 0.735608
1295965900 -15.576 24.207 -12.6183 0.186564 0.525888 0.7165 -0.418644
1295965900 -15.5503 23.2097 -12.6879 0.0817355 0.577814 0.734864 -0.345579
1295965901 -14.8094 22.9386 -13.3024 0.00938574 0.604465 0.733331 -0.311062
1295965902 -14.0647 23.1615 -13.9315 0.0814084 0.753698 -0.644825 0.0975293
1295965902 -13.1479 22.8409 -13.6934 0.193798 0.727978 -0.614549 0.234138
1295965903 -13.2783 23.8163 -13.5155 -0.758232 0.208131 0.225971 0.575068
1295965903 -13.2154 22.8633 -13.2189 0.167357 0.754846 -0.606986 0.18376
1295965904 -12.9103 21.9215 -13.3593 0.184852 0.748099 -0.602751 0.207046
1295965904 -12.9323 22.9067 -13.1893 -0.675937 0.263365 0.337247 0.60001
1295965905 -12.8331 21.9116 -13.1793 0.277813 0.711578 -0.561957 0.317302
1295965906 -12.6459 20.9342 -13.2769 0.271288 0.715277 -0.565491 0.308222
1295965906 -12.5937 19.9638 -13.5129 0.267196 0.717192 -0.568733 0.301304
1295965907 -12.6459 20.9144 -13.2068 0.261758 0.7189 -0.57359 0.292676
1295965907 -12.6705 21.8918 -12.9969 -0.668311 0.29736 0.364486 0.57627
1295965908 -12.524 20.9119 -12.8615 0.257931 0.660334 -0.61508 0.34512
1295965908 -12.6677 21.9013 -12.8825 -0.662518 0.235794 0.330456 0.6295
1295965909 -12.8118 22.8874 -12.9649 -0.660599 0.239089 0.332946 0.628961
1295965909 -12.6127 21.9078 -12.9394 -0.223472 -0.609997 0.669752 -0.359717
1295965910 -12.4134 20.9388 -12.7935 -0.27306 -0.5812 0.648138 -0.409344
1295965910 -12.5817 21.9089 -12.9686 -0.615573 0.272134 0.384135 0.632023
1295965911 -12.4198 20.9322 -13.1099 -0.332556 -0.573405 0.602653 -0.444323
1295965911 -12.5239 21.9257 -13.1563 -0.557954 0.380021 0.46947 0.569094
1295965912 -12.618 22.9155 -13.2636 -0.519793 0.422347 0.508867 0.540826
1295965912 -12.5828 21.9242 -13.1364 -0.336116 -0.594761 0.598514 -0.418409
1295965913 -12.4679 22.8953 -12.9275 -0.391175 0.479783 0.603935 0.502049
1295965913 -11.5126 22.7453 -13.1823 -0.376792 0.445241 0.622749 0.521509
1295965914 -11.6272 23.7171 -12.9763 -0.351631 0.466474 0.638174 0.501489
1295965914 -11.7219 24.7052 -13.0973 -0.388179 0.437942 0.614751 0.528777
1295965915 -11.8052 23.8648 -12.5618 0.0454408 0.792824 -0.60393 0.0680762
1295965916 -12.062 24.8131 -12.7481 -0.462719 -0.164237 -0.15373 0.857487
1295965917 -12.0386 23.9337 -13.2236 0.231532 -0.362662 0.876804 0.214673
1295965917 -11.2373 23.603 -13.722 0.504928 -0.287329 0.758862 0.294309
1295965918 -10.8074 23.1747 -12.9272 0.462617 -0.306069 0.788833 0.264671
1295965918 -11.2658 23.9447 -13.371 -0.398057 -0.411792 -0.193828 0.796498
1295965919 -11.9221 24.633 -13.6802 -0.367949 -0.525334 -0.239624 0.728847
1295965919 -12.5113 24.6023 -14.4876 -0.357833 -0.472422 -0.120756 0.796361
1295965920 -13.0737 25.3384 -14.1108 -0.343211 -0.559775 -0.160353 0.736984
1295965920 -12.361 24.6519 -14.2547 0.611597 -0.328445 0.696404 0.181917
1295965921 -13.05 25.3749 -14.3037 -0.388051 -0.534488 -0.110535 0.742644
1295965921 -12.4013 24.6348 -14.481 -0.375845 -0.601655 -0.145837 0.689553
1295965922 -11.6918 23.9302 -14.471 0.598012 -0.366194 0.695835 0.155237
1295965922 -12.404 24.6312 -14.4335 -0.373916 -0.638064 -0.158913 0.654071
1295965923 -11.7844 23.8488 -14.371 0.653749 -0.283806 0.653883 0.253976
1295965923 -11.0547 23.1686 -14.4411 0.659169 -0.283417 0.647455 0.256852
1295965924 -10.3616 22.4477 -14.4396 0.66407 -0.280367 0.643182 0.258305
1295965924 -9.66231 21.7364 -14.5104 0.667882 -0.277236 0.639744 0.260387
1295965925 -8.96799 21.0192 -14.4515 0.672991 -0.276144 0.634555 0.261088
1295965925 -9.64753 21.7525 -14.4742 -0.322171 -0.633951 -0.210323 0.670877
1295965926 -10.3753 22.4342 -14.5485 -0.305409 -0.683758 -0.235468 0.61948
1295965926 -11.0111 23.1889 -14.7105 -0.291084 -0.718917 -0.251046 0.579141
1295965927 -11.6539 23.9448 -14.8345 -0.293181 -0.715924 -0.250705 0.581933
1295965927 -12.2941 24.6921 -15.0127 -0.284055 -0.739651 -0.262961 0.550527
1295965928 -11.6902 23.9744 -14.666 0.72377 -0.261524 0.565676 0.296265
1295965928 -11.6493 24.9524 -14.8706 0.646354 -0.263677 0.649459 0.301504
1295965929 -11.1182 24.489 -14.1612 0.625198 -0.277358 0.666559 0.296477
1295965930 -11.7727 25.231 -14.3065 -0.30893 -0.57253 -0.264991 0.711724
1295965930 -11.3152 24.4016 -14.6271 0.65601 -0.125053 0.605724 0.432562
1295965931 -10.6501 23.655 -14.6088 0.65657 -0.125413 0.608279 0.428001
1295965931 -10.0485 22.8766 -14.4297 0.626615 -0.13979 0.638769 0.424012
1295965932 -9.84699 21.939 -14.1463 0.550863 -0.158346 0.700181 0.425704
1295965932 -10.6267 22.5244 -14.3686 -0.0119119 -0.464105 -0.482142 0.742969
1295965933 -10.0358 22.0223 -15.0002 0.494195 0.11962 0.674256 0.535575
1295965933 -9.8413 22.6059 -14.2118 0.486166 0.121474 0.679427 0.535972
1295965934 -10.6326 22.9188 -14.737 0.0970537 -0.454806 -0.540999 0.700751
1295965934 -9.86518 22.8345 -15.3726 0.0907333 -0.44455 -0.542939 0.706654
1295965935 -9.11662 22.577 -15.9836 0.52123 0.106453 0.671509 0.515813
1295965935 -9.91249 23.0229 -16.3932 0.126616 -0.567404 -0.503492 0.639153
1295965936 -9.07351 22.55 -16.6624 0.53379 0.0954922 0.669298 0.507927
1295965936 -8.27341 22.1842 -16.187 0.533578 0.0957875 0.670562 0.506425
1295965937 -7.48422 21.6985 -15.8111 0.48508 0.0615874 0.706791 0.511225
1295965937 -6.74856 21.3387 -15.2372 0.492833 0.0645641 0.702662 0.509129
1295965938 -5.9186 21.0821 -14.742 0.510112 0.0701068 0.688282 0.511018
1295965938 -6.70103 21.4947 -15.2084 0.0775887 -0.501481 -0.52029 0.686873
1295965939 -5.99354 20.9604 -15.671 0.375738 0.0680918 0.733255 0.562603
1295965939 -5.36585 20.6132 -14.9742 0.381423 0.0709584 0.730775 0.561649
1295965940 -4.97046 20.2324 -14.1384 0.384473 0.0838085 0.7277 0.561791
1295965940 -5.62005 19.7707 -14.7424 -0.0619043 0.346575 -0.577903 0.736262
1295965941 -5.02731 19.4476 -14.0046 -0.0615761 0.346095 -0.578532 0.736021
1295965942 -4.44214 19.1268 -13.2599 -0.0468993 0.331768 -0.575793 0.745784
1295965942 -3.85352 18.7919 -12.5241 -0.0535531 0.336707 -0.578 0.741401
1295965943 -4.37145 19.0391 -13.343 -0.346123 -0.108457 0.724279 0.586392
1295965943 -4.99534 19.3378 -12.6208 -0.384849 -0.142659 0.705068 0.578289
1295965944 -4.27598 19.0206 -13.2388 -0.194869 0.423403 -0.573287 0.673869
1295965944 -5.0829 19.2493 -13.7834 -0.434236 -0.178848 0.679324 0.563889
1295965945 -5.79501 18.7532 -13.2867 0.0816163 -0.231285 -0.622451 0.743237
1295965945 -6.24207 18.9539 -12.415 0.0815344 -0.224477 -0.62325 0.744662
1295965946 -6.64567 18.7947 -11.514 0.0684221 -0.208485 -0.624578 0.749503
1295965946 -6.00433 18.1932 -11.9903 -0.012488 -0.428409 0.762769 0.484245
1295965947 -6.50382 17.5788 -11.3797 -0.11229 -0.487582 0.756293 0.421515
1295965947 -6.01804 18.2905 -11.887 -0.469702 0.153424 -0.391762 0.776121
1295965948 -6.56646 18.9985 -11.442 0.480112 0.863626 -0.0521583 0.144642
1295965948 -6.3631 18.7493 -12.3889 0.865546 -0.477902 -0.133142 -0.0686475
1295965949 -6.21154 18.5241 -11.4264 0.467438 0.875013 -0.116158 0.0485905
1295965949 -6.12976 18.6975 -10.445 0.862689 -0.47689 -0.15475 -0.066299
1295965950 -6.30819 18.8602 -11.4154 0.860727 -0.478918 -0.16129 -0.061421
1295965950 -6.232 18.8369 -10.4186 0.444211 0.871887 -0.191859 -0.0753675
1295965951 -6.53874 18.6184 -11.3449 0.452097 0.874705 -0.171601 -0.0324355
1295965951 -6.82631 18.2425 -12.2258 0.474885 0.869145 -0.0895941 0.105088
1295965952 -6.37954 17.4543 -11.8025 -0.237805 -0.0272457 -0.798009 0.553072
1295965953 -6.53735 16.557 -11.3905 -0.203804 -0.0491033 -0.796873 0.56661
1295965953 -6.77929 16.3003 -12.3262 0.114545 -0.129189 0.558589 0.811275
1295965954 -6.85118 16.0221 -11.3684 0.0501567 -0.226112 0.573879 0.785507
1295965954 -7.19881 15.1034 -11.1808 -0.413644 0.43042 0.71028 -0.373014
1295965955 -7.29796 16.0322 -10.8236 -0.524248 0.484174 0.633714 -0.298572
1295965956 -7.85276 16.8547 -10.6984 0.587104 -0.506348 -0.579828 0.250441
1295965957 -8.76444 17.1706 -10.9611 -0.5745 0.500611 0.594254 -0.257294
1295965958 -9.70839 17.4262 -11.1699 -0.572533 0.497622 0.598303 -0.258093
1295965958 -10.6573 17.6669 -11.3737 -0.566739 0.494382 0.604569 -0.262468
1295965959 -11.615 17.9122 -11.5249 -0.556847 0.493174 0.611046 -0.270783
1295965959 -12.5516 18.24 -11.6484 -0.552359 0.486863 0.618976 -0.273374
1295965960 -13.1303 19.0499 -11.5525 0.618638 -0.511237 -0.556326 0.215465
1295965960 -12.1949 18.782 -11.3219 0.497692 0.687822 0.108918 0.51705
1295965961 -12.9654 19.0846 -10.7609 -0.569358 0.412533 0.690436 -0.170135
1295965962 -13.942 19.2569 -10.6323 0.698663 -0.451718 -0.548189 0.0854955
1295965962 -14.8463 19.641 -10.4457 0.716268 -0.462942 -0.517098 0.0724861
1295965963 -14.0082 19.2767 -10.0395 0.717143 -0.463408 -0.515797 0.0700823
1295965963 -13.2998 19.0856 -9.36003 0.4999 0.830157 -0.016683 0.246295
1295965964 -13.7281 19.3685 -8.50178 0.838883 -0.506062 -0.20018 -0.0102221
1295965964 -14.0248 19.588 -9.43118 0.838523 -0.506584 -0.20033 -0.0109493
1295965965 -13.7894 19.5358 -8.46069 0.49722 0.86054 -0.100951 0.0453023
1295965965 -14.0014 19.7387 -9.41665 0.495466 0.8605 -0.116607 0.021359
1295965966 -14.1849 19.7245 -10.3996 0.492524 0.860773 -0.128254 -0.00629779
1295965967 -14.1551 20.3535 -9.62273 -0.685039 0.353517 -0.392604 0.501607
1295965967 -13.463 19.634 -9.56624 0.249794 0.0500752 0.589971 0.766178
1295965968 -13.8275 19.7273 -10.4927 -0.148507 -0.175587 -0.739724 0.632394
1295965968 -13.9671 19.9377 -9.52511 -0.210545 -0.11175 -0.725845 0.645238
1295965969 -13.8976 20.8075 -10.0136 -0.332148 0.00265734 -0.678761 0.654946
1295965969 -14.3932 20.6129 -10.86 0.112664 -0.154229 0.653036 0.732847
1295965970 -14.4733 20.2932 -9.91593 0.0885449 -0.182065 0.656233 0.726891
1295965970 -14.2943 20.4473 -10.8876 0.0945981 -0.169289 0.656365 0.729093
1295965971 -14.3834 20.0769 -9.96305 0.103776 -0.171359 0.654401 0.729127
1295965971 -15.0018 20.2039 -9.18748 -0.67779 -0.326308 -0.422647 0.505464
1295965972 -15.1073 20.9422 -9.85364 0.116948 0.817488 -0.534301 0.180439
1295965972 -14.3346 21.2164 -9.28124 0.0906925 0.812222 -0.544086 0.189844
1295965973 -14.254 20.372 -9.81088 0.0222694 0.829285 -0.551143 0.0896215
1295965973 -14.2247 19.4803 -10.2626 0.0103849 0.831726 -0.550386 0.072111
1295965974 -14.2356 20.3845 -9.83575 -0.840247 0.060209 0.146161 0.518648
1295965974 -14.3016 19.4719 -9.43225 -0.0122477 0.893922 -0.44773 -0.0170315
1295965975 -14.0621 20.2422 -8.84121 0.88977 -0.0793256 -0.161396 -0.419486
1295965975 -13.9551 19.4778 -8.20542 0.0299959 0.900133 -0.429694 0.0649895
1295965976 -13.8211 20.2321 -7.56276 0.867334 -0.120015 -0.254323 -0.410669
1295965976 -13.9912 20.9763 -8.20869 0.86471 -0.125028 -0.265359 -0.407713
1295965977 -13.8228 20.2788 -7.51216 0.0154586 0.867998 -0.488701 0.0866759
1295965977 -13.8217 21.1308 -6.98848 0.849363 -0.0749122 -0.192528 -0.485699
1295965978 -13.9013 21.9836 -7.50456 0.847465 -0.0811401 -0.200505 -0.484785
1295965978 -13.7998 21.1209 -7.00904 0.00261363 0.877526 -0.47676 0.0513976
1295965979 -13.3004 21.9532 -6.76834 -0.534546 0.180676 0.535339 0.628514
1295965980 -13.1893 21.0955 -7.27042 0.292171 0.691088 -0.469033 0.465878
1295965980 -13.5139 22.0014 -6.99827 0.632843 -0.361501 -0.54928 -0.4088
1295965981 -13.8918 22.9075 -7.18817 0.624675 -0.365338 -0.558174 -0.405895
1295965981 -14.1881 23.8616 -7.23265 0.420392 0.662344 -0.342225 0.517159
1295965982 -14.1981 22.9062 -7.52787 0.4218 0.666726 -0.337753 0.513307
1295965982 -13.7652 22.0304 -7.74112 0.421502 0.666704 -0.338217 0.513275
1295965983 -13.6792 22.8627 -7.19347 -0.228935 0.262738 0.845356 0.404883
1295965983 -14.2596 23.1765 -7.94492 -0.230117 0.261879 0.845391 0.404698
1295965984 -13.6427 22.4232 -7.71686 -0.290427 0.850565 -0.413075 0.146836
1295965984 -13.3135 22.5208 -8.65608 0.8981 0.22775 -0.029156 0.375095
1295965985 -13.8421 22.9217 -7.90782 -0.00610439 0.780883 0.45671 -0.426146
1295965985 -13.3998 22.3235 -7.23958 0.639539 -0.310683 0.685728 0.155704
1295965986 -14.174 22.9564 -7.24641 -0.322659 -0.607544 -0.132941 0.713518
1295965986 -13.4968 22.2248 -7.16736 0.56389 -0.195189 0.764621 0.243482
1295965987 -12.7964 21.5582 -6.91237 0.563141 -0.194413 0.765256 0.243842
1295965987 -12.1466 20.9098 -6.51561 0.526526 -0.206451 0.790738 0.23427
1295965988 -12.7148 21.626 -6.92087 -0.400488 -0.457656 -0.100214 0.787475
1295965988 -12.187 20.7977 -7.10843 0.459257 -0.261653 0.827821 0.187971
1295965989 -11.5723 20.1098 -6.72234 0.461948 -0.258294 0.827178 0.188852
1295965989 -10.9587 19.5528 -6.1627 0.485056 -0.253351 0.813439 0.197106
1295965990 -10.2211 19.0369 -5.72695 0.51198 -0.247933 0.796352 0.205497
1295965990 -9.58774 18.4519 -5.22042 -0.268733 -0.439052 -0.183519 0.837459
1295965991 -10.1725 18.9668 -4.59356 -0.277831 -0.4018 -0.173125 0.855216
1295965992 -9.61186 18.3669 -5.16432 0.443903 -0.278189 0.832217 0.181595
1295965993 -10.2255 19.0182 -5.61063 -0.307333 -0.449715 -0.16453 0.822333
1295965993 -10.887 19.7106 -5.32255 -0.293979 -0.498614 -0.181739 0.794941
1295965994 -10.3777 18.9768 -5.77207 0.660027 -0.138346 0.662444 0.326179
1295965995 -9.59533 18.3669 -5.64584 0.662584 -0.134678 0.659527 0.328432
1295965995 -8.80192 17.7649 -5.55534 0.66964 -0.134325 0.652904 0.327499
1295965996 -8.07997 17.0765 -5.48556 0.672192 -0.131854 0.650414 0.328229
1295965996 -8.84779 17.7158 -5.52687 -0.140397 -0.700481 -0.313919 0.625356
1295965997 -9.60881 18.3613 -5.59173 -0.141071 -0.697594 -0.314587 0.62809
1295965997 -10.441 18.9007 -5.7205 -0.142793 -0.697211 -0.313996 0.628421
1295965998 -11.1829 19.5699 -5.76093 -0.141471 -0.695982 -0.315565 0.629296
1295965998 -10.4117 18.9945 -6.03298 0.849085 0.000299543 0.367028 0.379929
1295965999 -10.1393 18.1066 -6.40363 0.841932 -0.000229117 0.376702 0.386324
1295965999 -10.8228 18.7532 -6.06506 0.0450526 0.821543 0.354207 -0.444493
1295966000 -11.4941 19.4097 -6.40922 0.0475396 0.819225 0.353161 -0.449319
1295966000 -10.7461 18.7983 -6.15066 0.845454 -0.00786729 0.380264 0.374894
1295966001 -10.1332 18.105 -6.52961 0.849268 -0.00346373 0.370568 0.376048
1295966001 -9.5627 17.3622 -6.88002 0.83944 -0.0115939 0.390056 0.378237
1295966002 -8.87605 16.6936 -7.16554 0.820885 -0.0283471 0.427809 0.377258
1295966002 -8.16152 16.0117 -7.32178 0.820721 -0.0264709 0.426439 0.379296
1295966003 -7.51506 15.2671 -7.48822 0.781643 -0.0550951 0.490825 0.380906
1295966003 -8.12589 16.035 -7.2951 0.136744 0.829482 0.262567 -0.473623
1295966004 -8.89845 16.6437 -7.47581 0.10688 0.870787 0.273093 -0.394622
1295966004 -9.73621 16.9504 -7.02404 0.124572 0.851087 0.266084 -0.435124
1295966005 -8.88702 16.4463 -6.86641 0.949296 -0.0436867 0.133771 0.281131
1295966005 -8.77442 15.9001 -7.69645 0.950614 -0.0405317 0.128524 0.279593
1295966006 -9.34774 16.5721 -7.22765 0.122068 0.903 0.0229352 -0.411296
1295966006 -8.55282 16.1582 -6.784 -0.129428 -0.819281 -0.016809 0.55834
1295966007 -9.43041 16.3526 -7.22225 -0.136712 -0.818264 -0.0118014 0.558225
1295966008 -8.50225 16.2919 -6.85505 0.810831 -0.202408 0.542045 -0.0881573
1295966008 -8.73766 16.4774 -7.80909 0.241546 0.621714 -0.00794208 0.745026
1295966009 -9.00702 15.6769 -8.34452 0.242451 0.622067 -0.00676317 0.744449
1295966009 -8.97166 15.4223 -9.31091 0.23984 0.619396 -0.00719534 0.747512
1295966010 -9.06583 16.1238 -8.6045 0.201116 -0.561303 0.691932 0.407089
1295966010 -8.62537 16.9292 -9.00111 -0.740829 -0.053491 -0.203319 0.637944
1295966011 -8.17888 17.8228 -9.04686 -0.740886 -0.0534869 -0.203318 0.637878
1295966011 -8.71996 16.9835 -8.99366 0.238977 -0.58224 0.644167 0.434668
1295966012 -8.26936 17.7158 -9.50431 -0.751362 0.0421544 -0.120281 0.647464
1295966012 -8.47608 18.6928 -9.45253 -0.750862 0.0415097 -0.120405 0.648063
1295966013 -8.26953 19.6297 -9.73463 -0.75096 0.0420232 -0.12043 0.647912
1295966013 -7.91682 20.535 -9.9714 -0.750917 0.041887 -0.120694 0.647922
