1295878709 0 0 0 0 0 0 0
1295878712 0.00200741 -0.00980133 0 0 0 0.305044 -0.0522769
1295878713 0.00847954 -0.00787036 0 0 0 0.383675 -0.236504
1295878714 0.0154365 0.00250056 0 0 0 0.246791 -0.398457
1295878716 -0.352204 0.324795 0 0 0 0.042172 -0.186717
1295878718 -0.698094 0.171875 0 0 0 0.00515471 -0.0510592
1295878719 -0.517205 0.120283 0 0 0 0.000620316 -0.00877763
1295878721 -0.433712 0.109061 0 0 0 0.00214837 -0.0572792
1295878723 -0.596772 0.0517631 0 -0 0 -3.28782e-05 -0.0208107
1295878724 0.000115414 2.8666e-06 0 0 0 8.2979e-08 6.92499e-06
1295878726 -0.0638186 -0.00167243 0 0 0 -2.68588e-05 -0.00206424
1295878728 -0.916635 -0.0361856 0 0 0 -0.000174946 -0.00934593
1295878730 -0.473709 -0.011138 0 0 0 -0.000599036 0.0651544
1295878732 -0.286961 0.0636118 0 0 0 -0.00854009 0.0951162
1295878734 -0.612357 0.168519 0 0 0 0.000815886 -0.00604009
1295878736 -0.522958 0.133214 0 0 0 0.000812702 -0.00631273
1295878738 0.000624805 -0.000157825 0 0 0 -5.42436e-06 4.32122e-05
1295878740 0 0 0 0 0 0 0
1295878741 -0.0536956 0.0135458 0 0 0 0.000142129 -0.00113732
1295878743 -0.543794 0.123734 0 0 0 0.000764543 -0.00631017
1295878745 0.000619601 -0.000111606 0 0 0 4.5709e-08 -3.87572e-07
1295878746 0.000275496 -4.96206e-05 0 0 0 -8.59896e-07 7.29095e-06
1295878748 -0.878927 -0.304554 0 0 0 0.00115979 -0.0102913
1295878750 -0.648686 0.140358 0 0 0 -0.000193041 0.00178144
1295878751 -0.862461 0.17858 0 0 0 0.00100707 -0.00964979
1295878753 -1.09392 0.100819 0 0 0 0.00484829 -0.0878797
1295878755 -1.05555 0.161278 0 0 0 -0.0233152 0.203865
1295878757 -0.558019 0.4104 0 0 0 -0.0711474 0.20944
1295878759 -0.41584 0.814347 0 0 0 -0.0716575 0.127641
1295878760 -0.159387 0.629157 0 0 0 -0.107912 0.135754
1295878762 0.124181 0.975563 0 0 0 -0.130795 0.11585
1295878763 0.182118 0.60158 0 0 0 0.00308793 -0.00229588
1295878765 0.373963 0.935161 0 0 0 -0.0782175 0.0528301
1295878767 0.529097 0.943671 0 0 0 -0.0378511 0.021922
1295878769 0.552991 0.878355 0 0 0 0.00541221 -0.00300028
1295878770 0.377197 0.615052 0 0 0 0.00562018 -0.00316216
1295878772 0.529638 0.808191 0 0 0 -0.133517 0.0631521
1295878773 0.506992 0.43523 0 0 0 -0.015733 0.00591271
1295878775 0.75261 0.604869 0 0 0 -0.0995618 0.0306853
1295878777 1.007 -0.0400246 0 0 0 -0.525387 -0.00998923
1295878779 0.792589 -0.752284 0 0 0 -0.19487 -0.0802008
1295878781 0.543767 -0.937001 0 0 0 -0.0270258 -0.01517
1295878783 0.383468 -0.653158 0 0 0 0.0105361 0.00604533
1295878784 0.432454 -0.769997 0 0 0 -0.0670891 -0.0415308
1295878786 0.11984 -0.644494 0 0 0 -0.163262 -0.137728
1295878787 -0.396882 -0.839096 0 0 0 -0.220544 -0.359144
1295878789 -1.01331 -0.338419 0 0 0 -0.0518021 -0.233018
1295878792 -1.0914 -0.083948 0 0 -0 -0.00469255 -0.119698
1295878794 -1.07305 0.0381215 0 0 0 -0.000108976 0.00616917
1295878796 -1.07894 0.00761049 0 0 0 0.000814601 0.0574824
1295878798 -1.02838 -0.351085 0 0 0 0.0322133 0.21238
1295878800 -0.539082 -0.445716 0 0 0 0.0418702 0.124693
1295878802 -0.73004 -0.74348 0 0 0 0.00500819 0.0119701
1295878803 -0.473829 -0.510565 0 0 0 -0.0531135 -0.161569
1295878805 -0.772607 -0.135448 0 0 -0 -0.00644976 -0.431576
1295878806 -0.765767 0.456819 0 0 0 0.202086 -0.427729
1295878808 -0.135888 0.741755 0 0 0 0.192335 -0.182013
1295878809 0.033654 0.816376 0 0 0 0.011955 -0.00849346
1295878811 0.11261 0.751843 0 0 0 -0.0191133 0.0137069
1295878812 0.121006 0.798089 0 0 0 -0.0640147 0.0512287
1295878814 0.179042 0.912001 0 0 0 0.112285 -0.0845763
1295878815 0.491914 0.556092 0 0 0 0.287883 -0.127567
1295878817 0.836296 0.168771 0 0 0 0.231581 -0.0330574
1295878818 0.709345 0.0409405 0 0 0 -0.00705724 0.00019826
1295878820 0.935743 0.0280072 0 -0 0 0.0624049 -2.54724e-05
1295878821 0.605229 -0.0523655 0 0 0 0.0799974 0.0056821
1295878823 0.954492 -0.316182 0 0 0 0.0525452 0.0072733
1295878825 1.02637 -0.348276 0 0 0 0.0239701 0.00426894
1295878827 0.97409 -0.492891 0 0 0 0.0464333 0.0100024
1295878829 0.663918 -0.331816 0 0 0 -0.00682458 -0.00161533
1295878830 0.756414 -0.436642 0 0 0 0.129162 0.0394579
1295878832 0.441272 -0.668746 0 0 0 0.233157 0.126494
1295878833 0.0385194 -0.824202 0 0 0 0.193094 0.185096
1295878835 -0.182756 -0.702108 0 0 0 0.0289948 0.0382684
1295878836 -0.495284 -0.742207 0 0 0 0.125479 0.23474
1295878840 -1.17586 -0.989364 0 0 0 0.00318362 0.00864598
1295878842 -0.962232 -0.0851422 0 0 0 0.0154346 0.636459
1295878843 -0.414917 0.527447 0 0 0 -0.0807512 0.189472
1295878845 -0.705908 0.638168 0 0 0 0.0444715 -0.0907913
1295878847 -0.675936 0.8218 0 0 0 -0.0943646 0.171531
1295878848 -0.269542 0.839821 0 0 0 -0.0189815 0.0267357
1295878851 -0.574847 1.1387 0 0 0 0.110534 -0.191767
1295878853 -0.831995 0.704652 0 0 0 0.0290777 -0.0745332
1295878854 -0.668216 0.408487 0 0 0 0.0284404 -0.0986883
1295878856 -0.645418 0.504888 0 0 0 -0.0942181 0.248455
1295878858 -0.11387 1.218 0 0 0 -0.305649 0.343209
1295878860 0.742648 0.739385 0 0 0 -0.366187 0.159303
1295878862 1.63166 0.716096 0 0 0 -0.00975479 0.00202148
1295878864 1.43886 0.122717 0 0 0 -0.357586 0.00699587
1295878866 0.758381 -0.69657 0 0 0 -0.418318 -0.171058
1295878867 0.248339 -0.770486 0 0 0 -0.00988717 -0.00709135
1295878869 0.0543269 -0.984761 0 0 0 -0.273577 -0.300994
1295878871 -0.956794 -0.468653 0 0 0 -0.132732 -0.399232
1295878873 -1.0623 -0.186823 0 0 -0 -0.00544061 -0.140349
1295878875 -1.40308 0.269118 0 0 0 0.00563266 -0.0790206
1295878877 -0.884217 0.694761 0 0 0 0.0690895 -0.269946
1295878879 -0.821403 0.954079 0 0 0 0.114297 -0.20526
1295878881 -0.44907 1.42735 0 0 0 0.0013325 -0.0018393
1295878883 -0.555494 0.92814 0 0 0 -0.114872 0.205264
1295878885 -0.0617461 0.0609788 0 0 0 -0.00365469 0.00895491
1295878888 -0.00415034 0.0169883 0 0 0 0.000710035 -0.00175928
1295878890 0.0363781 0.182548 0 0 0 0.0880489 -0.169115
1295878892 -0.100767 0.140934 0 0 0 -0.0883011 0.169739
1295878894 -0.141187 0.257544 0 0 0 0.00553902 -0.0134315
1295878895 -0.105751 0.098756 0 0 0 -0.0214059 0.0554021
1295878897 -0.195313 0.145858 0 0 0 -0.0112416 0.033787
1295878898 -0.245163 0.168818 0 0 0 -0.00148837 0.00479652
1295878900 -0.240834 0.164459 0 0 0 -0.000346867 0.00113021
1295878901 -0.371067 0.282436 0 0 0 0.013369 -0.0405411
1295878903 -0.511909 0.417586 0 0 0 0.00095349 -0.00268433
1295878905 -0.528767 0.486045 0 0 0 0.0338197 -0.0828652
1295878907 -0.439127 0.74578 0 0 0 0.0787308 -0.139894
1295878909 -0.398416 0.960937 0 0 0 -0.010373 0.0157107
1295878911 0.135835 0.199757 0 0 0 -0.116886 0.251538
1295878913 -0.00274661 0.000524963 0 0 0 0.000108463 -0.000355596
1295878915 -0.000924646 0.000177188 0 0 0 8.75811e-06 -2.86929e-05
1295878916 0 0 0 0 0 0 0
1295878917 -1.2126e-06 2.33635e-07 0 0 0 1.21747e-07 -3.98842e-07
1295878918 -4.25456e-06 8.15961e-07 0 0 0 -1.1208e-06 3.67175e-06
1295878919 -6.03177e-07 1.15462e-07 0 0 0 -2.98332e-07 9.77343e-07
1295878920 0 0 0 0 0 0 0
1295878921 0 0 0 0 0 0 0
1295878922 -6.05648e-07 1.15934e-07 0 0 0 -2.1415e-07 7.01563e-07
1295878923 -7.28125e-06 1.39607e-06 0 0 0 -1.35269e-06 4.43151e-06
1295878924 -0.00028845 5.52768e-05 0 0 0 4.41888e-06 -1.44763e-05
1295878925 -3.03546e-06 5.85096e-07 0 0 0 3.04862e-07 -9.98702e-07
1295878926 0 0 0 0 0 0 0
1295878927 -6.09706e-07 1.17524e-07 0 0 0 6.12352e-08 -2.00601e-07
1295878928 0 0 0 0 0 0 0
1295878929 0 0 0 0 0 0 0
1295878931 0 0 0 0 0 0 0
