1295878709 -4.99315e-08 -4.99315e-08 0 -0.000594858 0.0001703 2.34021e-06 3.45241e-06
1295878712 0.00184386 -0.00990565 0 0.000735563 -0.00187749 0.305669 -0.0499493
1295878713 0.00823055 -0.00803922 0 0.000428706 -0.00263046 0.380097 -0.228391
1295878714 0.0150201 0.00160301 0 -0.00206026 -0.00162654 0.248293 -0.382017
1295878716 -0.340944 0.339639 0 -0.0027413 0.000918328 0.049444 -0.198566
1295878718 -0.676704 0.182151 0 8.59433e-05 0.00252781 0.00681241 -0.0614083
1295878719 -0.532562 0.124354 0 -0.00056637 -0.000277056 0.00101338 -0.0138677
1295878721 -0.435532 0.10472 0 0.00224957 0.000694231 0.00214155 -0.0699914
1295878723 -0.597311 0.0279577 0 -0.00698068 0.000988276 -0.000664791 -0.0326954
1295878724 0.000103157 7.67097e-06 0 -0.000539885 0.000370372 4.339e-06 0.000196303
1295878726 -0.0652681 -0.00498052 0 0.0023517 -0.000294865 -0.000102309 -0.00277646
1295878728 -0.91212 -0.0947463 0 -0.000997734 0.0022234 -0.00150011 -0.0277759
1295878730 -0.472159 -0.0621828 0 -0.000625826 -0.000347648 0.00211393 0.04966
1295878732 -0.291092 0.0277296 0 -0.000531856 0.000167791 -0.00248601 0.0902596
1295878734 -0.626815 0.0810583 0 -0.000201604 -0.000494103 0.00100567 -0.0154153
1295878736 -0.538054 0.0501339 0 -0.00358976 0.000761136 0.000749946 -0.0155443
1295878738 0.000430323 -3.49396e-05 0 0.000140857 -0.000626458 -2.14582e-05 0.000635175
1295878740 -2.29656e-07 -2.29656e-07 0 7.56779e-05 -0.000322668 2.64418e-06 -2.30077e-06
1295878741 -0.0410464 0.00336859 0 0.00426452 0.000559972 6.19161e-05 -0.00123406
1295878743 -0.571141 0.0273791 0 -0.00419718 0.00140607 0.00051371 -0.0163722
1295878745 0.000615386 4.39916e-06 0 0.000485272 0.000326887 -1.29782e-05 0.000508356
1295878746 0.000294799 1.76846e-06 0 -6.57543e-05 0.000125378 -2.3275e-06 3.56925e-05
1295878748 -0.790032 -0.473494 0 0.0041136 -0.000805354 0.000334589 -0.0273958
1295878750 -0.649693 -0.0122456 0 -0.00133827 0.000908129 -7.3666e-05 -0.00933739
1295878751 -0.913071 -0.0501888 0 -9.33748e-05 0.000266673 -0.00068166 -0.0270886
1295878753 -1.06383 -0.228517 0 0.0028515 -0.000100828 -0.0110652 -0.114655
1295878755 -1.04129 -0.213986 0 -0.00387343 -0.00305594 0.0114122 0.182218
1295878757 -0.660903 0.162117 0 0.00019632 -0.000192925 -0.0261833 0.200166
1295878759 -0.728294 0.58512 0 -0.00102263 0.00112692 -0.0392144 0.127635
1295878760 -0.402773 0.459853 0 -0.000226593 -0.00110549 -0.0604984 0.129716
1295878762 -0.382164 0.945597 0 0.00130689 -0.000610594 -0.0910147 0.135957
1295878763 -0.141276 0.575958 0 0.000663582 0.001223 0.011066 -0.0141828
1295878765 -0.208415 1.02269 0 0.000604311 0.00139605 -0.0447864 0.0543503
1295878767 -0.12367 1.07846 0 -0.000942453 -0.000460805 -0.0113393 0.0126017
1295878769 -0.112041 1.03539 0 0.0026974 0.00152885 0.0181552 -0.0203977
1295878770 -0.108935 0.704597 0 0.00177005 -0.000771953 0.0120882 -0.0142094
1295878772 -0.167426 0.954262 0 0.00200162 0.00128234 -0.0803156 0.0855003
1295878773 0.0455406 0.675527 0 -0.00207277 0.000104783 -0.00192435 0.00182357
1295878775 0.058172 0.957858 0 -0.000133442 0.00151773 -0.060763 0.0527598
1295878777 0.687795 0.753109 0 -0.00298507 -0.00348735 -0.46584 0.206567
1295878779 1.07369 0.167196 0 1.78781e-05 -0.00269379 -0.183665 0.012432
1295878781 1.0771 -0.0860349 0 -0.00102076 -0.00121067 -0.00855881 -0.000244713
1295878783 0.745602 -0.0258429 0 0.00286171 0.00240309 0.0304641 0.000539798
1295878784 0.892921 -0.0129224 0 -0.000139881 -0.00088989 -0.0555441 -0.00169296
1295878786 0.621766 -0.193344 0 -0.00153542 -0.00125909 -0.195976 -0.0311661
1295878787 0.589118 -0.736369 0 0.000346781 -0.000688464 -0.3634 -0.180706
1295878789 -0.0995025 -1.05279 0 0.000120959 -0.000840246 -0.158634 -0.156086
1295878792 -0.320473 -1.05491 0 0.000202741 -0.00139876 -0.0532325 -0.0719079
1295878794 -0.372618 -1.01355 0 0.00201337 -0.000223487 0.0177641 0.0255226
1295878796 -0.295498 -1.04509 0 -0.000240504 0.000766872 0.0514526 0.0655792
1295878798 0.119436 -1.06131 0 0.00414247 -0.00147298 0.175535 0.161635
1295878800 0.335768 -0.60416 0 0.00186782 -0.00121691 0.125204 0.0769398
1295878802 0.636849 -0.834712 0 0.00177107 0.00230659 0.0329579 0.0162793
1295878803 0.459792 -0.514695 0 -0.00100066 -0.00218225 -0.125386 -0.070589
1295878805 0.0926537 -0.769435 0 -0.000674214 0.0017148 -0.291742 -0.297135
1295878806 -0.484179 -0.77151 0 -0.0113732 -0.00266119 1.83899 -0.634278
1295878808 -0.752469 -0.130893 0 0.00224688 -0.000306127 -0.0080696 0.257441
1295878809 -0.771579 0.0218294 0 -0.00113079 -7.89772e-05 -6.23866e-05 0.000366698
1295878811 -0.814982 0.0836528 0 0.000407841 0.00216424 0.00566079 -0.0399393
1295878812 -0.773653 0.0565685 0 -0.000874616 0.000739173 0.00701143 -0.0982886
1295878814 -0.936369 0.0742577 0 -0.000253619 -0.000388815 -0.00981775 0.119521
1295878815 -0.613343 0.389405 0 -0.000318718 -0.000322163 -0.0831824 0.28017
1295878817 -0.334552 0.806827 0 0.00239475 0.000285149 -0.114631 0.188717
1295878818 -0.189596 0.642876 0 0.000998536 0.00141094 0.0146511 -0.0195017
1295878820 -0.282305 0.923865 0 -0.000303474 0.00321472 -0.023524 0.0308299
1295878821 -0.13415 0.604728 0 0.001422 -0.00116547 -0.0424669 0.0500464
1295878823 -0.0181654 1.00953 0 0.000890684 -0.000184888 -0.0220441 0.0235357
1295878825 -0.06292 1.08385 0 -0.00141727 0.00335637 -0.0001999 0.000183272
1295878827 0.0422157 1.08054 0 0.00327952 -0.000544864 -0.0184187 0.0185367
1295878829 -0.0111833 0.708655 0 0.00144815 0.00062275 0.022286 -0.0225714
1295878830 -6.52707e-05 0.921588 0 -0.0014508 0.0021768 -0.085446 0.0794178
1295878832 0.30236 0.686377 0 -0.00118535 -0.000333434 -0.196603 0.126941
1295878833 0.689803 0.519739 0 -0.00273222 -0.00246243 -0.256726 0.0851969
1295878835 0.66776 0.245986 0 0.00238732 -0.000351581 -0.0300676 0.00514457
1295878836 0.912566 0.0503487 0 -0.00171631 -0.000892571 -0.252694 0.00694209
1295878840 1.51472 -0.279084 0 0.000673573 -0.000634566 0.0244438 0.00213539
1295878842 0.721768 -0.669098 0 -0.00100632 -0.00120125 -0.578227 -0.239771
1295878843 -0.0846529 -0.651166 0 -0.00174265 -0.00236421 -0.12565 -0.129864
1295878845 0.0766669 -0.941672 0 0.00345794 0.000530003 0.0808689 0.0888309
1295878847 -0.0192726 -1.06369 0 0.000504717 -0.000271904 -0.11123 -0.128484
1295878848 -0.305933 -0.831883 0 -0.000958427 0.000569796 -0.00773155 -0.010787
1295878851 -0.183333 -1.26305 0 0.00286881 -0.00193765 0.171975 0.187321
1295878853 0.335901 -1.02436 0 0.00162201 -0.000544045 0.0813594 0.0617774
1295878854 0.368517 -0.667571 0 0.000181559 -6.91219e-05 0.103609 0.06183
1295878856 0.359193 -0.774181 0 0.000765606 0.0010892 -0.205436 -0.141366
1295878858 -0.40997 -1.13617 0 -0.0112778 -0.00194333 1.58245 -1.14485
1295878859 -0.936424 -0.418135 0 0.00245659 -0.000977812 0.0821561 0.365308
1295878862 -1.8183 -0.176863 0 -0.000740814 0.0026404 -0.00157559 -0.0321787
1295878864 -1.4374 0.220715 0 0.00126892 -0.00073807 -0.0311473 0.320829
1295878866 -0.635711 0.803831 0 0.000711919 0.000768549 -0.187003 0.370329
1295878867 -0.162127 0.775698 0 0.00168055 0.0012788 0.00365567 -0.00458009
1295878869 -0.003622 1.00934 0 -0.000805718 -0.00151923 -0.288545 0.247447
1295878871 0.960058 0.477142 0 0.000522864 -0.000658146 -0.370442 0.123247
1295878873 1.04832 0.241196 0 0.00148593 0.00455426 -0.116844 0.00773149
1295878875 1.42714 -0.118934 0 0.000824848 -0.00268006 -0.0473686 -0.000760228
1295878877 0.98292 -0.54265 0 -4.50406e-07 -0.000557804 -0.254787 -0.0435875
1295878879 1.00836 -0.770385 0 -0.00169243 -0.000921597 -0.192246 -0.0821315
1295878881 0.807042 -1.25038 0 0.00507038 0.00387087 0.025677 0.0137997
1295878883 0.820389 -0.707742 0 0.00245529 -0.000195681 0.243039 0.088594
1295878886 0.0749367 -0.0347085 0 0.00108455 0.000630911 0.00891384 0.00193779
1295878888 0.0106039 -0.0165233 0 -0.00119079 -0.001356 -0.00199182 -0.000413343
1295878890 0.0263724 -0.181989 0 0.000244979 0.00100801 -0.18087 -0.0575177
1295878892 0.143299 -0.0998509 0 0.000266852 -0.00243272 0.181488 0.0576491
1295878894 0.221528 -0.193021 0 0.000752581 -0.00127627 -0.0086834 -0.00191776
1295878895 0.122813 -0.0514873 0 0.000192144 0.00215151 0.0556772 0.0108612
1295878897 0.242036 -0.0709442 0 -0.000597245 -0.00183333 0.0427873 0.00615622
1295878898 0.282219 -0.0661287 0 0.000123914 0.000993216 0.0129277 0.00148651
1295878900 0.306567 -0.0664262 0 -0.000681971 -0.000635798 0.00965206 0.00100662
1295878901 0.41619 -0.0986868 0 0.000744626 0.00110273 -0.020776 -0.00227804
1295878903 0.675058 -0.163221 0 0.000580334 -0.000307574 0.00422773 0.000492461
1295878905 0.685007 -0.194657 0 -0.00110898 -0.000462694 -0.0769954 -0.011942
1295878907 0.747707 -0.443677 0 -0.00131857 -0.000251064 -0.133684 -0.0358734
1295878909 0.837178 -0.608259 0 0.00214011 0.00147298 0.0361109 0.0116475
1295878911 -0.00845093 -0.24006 0 8.39746e-05 0.000282207 0.26763 0.0425418
1295878913 0.00267468 0.00100483 0 -0.000565351 -0.000459603 -0.00110518 -1.84355e-05
1295878915 0.000881999 0.000328978 0 -0.00063113 0.000269359 -0.000350606 -3.03866e-06
1295878916 -8.37275e-08 -8.37276e-08 0 -0.000384196 0.000166714 -4.79978e-07 2.81319e-06
1295878917 1.07884e-06 3.51571e-07 0 -7.87373e-05 0.000297883 -2.55842e-06 -1.1529e-07
1295878918 4.01673e-06 1.47018e-06 0 -0.000274203 -0.000229282 6.2873e-06 2.83357e-06
1295878919 5.56657e-07 1.95929e-07 0 4.27774e-05 -7.83355e-05 1.51301e-06 -1.24092e-07
1295878920 -5.48869e-08 -5.48869e-08 0 -0.000295683 0.000293085 -1.44789e-06 1.54124e-06
1295878921 -8.03736e-09 -8.03736e-09 0 0.000263323 0.000340587 -3.25065e-06 -2.96258e-06
1295878922 5.33497e-07 1.71292e-07 0 -0.000191952 0.000203832 -1.90035e-07 8.70428e-07
1295878923 6.92856e-06 2.5709e-06 0 0.00037597 2.33927e-05 3.26422e-06 -2.89437e-06
1295878924 0.00027518 0.00010247 0 0.000327613 0.000270326 -6.88795e-05 -5.09157e-06
1295878925 2.84506e-06 1.02396e-06 0 -0.000116249 0.000615063 2.45061e-05 -6.87759e-07
1295878926 -2.73636e-08 -2.73637e-08 0 0.000771021 0.000215755 -5.00463e-06 -7.53247e-06
1295878927 5.25045e-07 1.59263e-07 0 -0.000139358 -3.53602e-05 6.89548e-07 1.38913e-06
1295878928 -5.53376e-08 -5.53377e-08 0 0.000255207 0.000740123 -7.51279e-06 -5.72986e-06
1295878929 -2.36003e-08 -2.36004e-08 0 -0.000242729 -8.90935e-05 1.96669e-06 2.62594e-06
1295878931 -9.10969e-08 -9.10971e-08 0 -0.000323931 -8.41895e-05 2.27498e-06 3.23153e-06
