1295878709 -0.457699 0.146655 -0.876929 -4.68895e-05 0.000183247 -0.000419223 1
1295878712 0.119379 -0.431125 -0.299736 0.577486 -0.577135 0.577429 0.000374908
1295878713 0.284485 0.254148 -1.00906 0.70144 -0.556262 0.42067 0.146939
1295878714 0.329084 -0.654401 -1.42445 0.827357 -0.47923 0.012002 0.292704
1295878716 0.262283 -0.846704 -2.40351 0.746508 -0.286628 -0.345563 0.491077
1295878718 0.66321 -0.0186105 -2.0117 0.668471 -0.192801 -0.481758 0.532806
1295878719 1.48755 0.543495 -1.94459 0.643664 -0.158562 -0.516784 0.541746
1295878721 2.20837 1.22792 -2.05406 0.636799 -0.152384 -0.520617 0.547927
1295878723 2.90346 1.94557 -2.09665 0.595822 -0.119166 -0.558818 0.564374
1295878724 3.35883 2.82829 -2.21268 0.537404 -0.0873671 -0.599111 0.587051
1295878726 3.93257 2.33261 -1.56066 0.53725 -0.0873909 -0.598917 0.587388
1295878728 4.63751 3.04179 -1.54934 0.528981 -0.0848255 -0.602942 0.591138
1295878730 5.45355 2.76116 -2.05463 0.560551 -0.109995 -0.596514 0.563786
1295878732 6.35166 3.07488 -2.36281 0.586348 -0.135685 -0.571487 0.557842
1295878734 7.30114 2.86662 -2.59758 0.64946 -0.187849 -0.511509 0.530352
1295878736 8.07318 3.50157 -2.62579 0.635615 -0.177211 -0.526801 0.535789
1295878738 9.00592 3.81981 -2.79526 0.637471 -0.169193 -0.529553 0.533459
1295878740 9.19543 2.93143 -3.21342 0.638632 -0.170111 -0.528927 0.532398
1295878741 9.16874 3.82614 -2.76758 0.638539 -0.169301 -0.528925 0.532771
1295878743 9.08355 4.71671 -2.32078 0.63688 -0.172756 -0.527226 0.535325
1295878744 9.60764 5.53564 -2.55462 0.618641 -0.162569 -0.54323 0.543834
1295878746 10.3474 4.90731 -2.79529 0.620479 -0.163495 -0.54169 0.542999
1295878748 10.589 4.06945 -3.28478 0.620529 -0.163948 -0.541614 0.54288
1295878749 11.3605 4.4024 -3.82707 0.588514 -0.154621 -0.562512 0.559754
1295878751 12.2217 4.87732 -4.00792 0.586969 -0.148439 -0.568231 0.557267
1295878753 12.8008 5.46342 -4.57458 0.554429 -0.158392 -0.575675 0.579758
1295878755 13.501 6.11682 -4.86248 0.484423 -0.0905877 -0.628457 0.601805
1295878757 14.0733 6.15386 -5.68163 0.598578 -0.216111 -0.482529 0.601802
1295878759 15.0623 6.26444 -5.78006 0.685355 -0.309117 -0.383808 0.536122
1295878760 16.0396 6.37601 -5.96052 0.668455 -0.344768 -0.397721 0.525473
1295878762 16.1184 7.29323 -5.57001 0.66677 -0.398222 -0.388904 0.495571
1295878763 16.9983 7.76819 -5.57895 0.714407 -0.470975 -0.274802 0.438508
1295878765 17.8168 8.23571 -5.24487 0.702614 -0.470768 -0.285129 0.451012
1295878767 18.6764 8.67119 -4.97778 0.696923 -0.510496 -0.243485 0.440916
1295878769 19.6183 8.76359 -4.65466 0.689791 -0.541535 -0.210736 0.431879
1295878770 20.2634 9.49269 -4.4263 0.68357 -0.509887 -0.22629 0.47068
1295878772 20.7762 10.2162 -3.96406 0.675877 -0.497061 -0.248994 0.483863
1295878773 21.0354 11.1804 -3.90904 0.664642 -0.462583 -0.264552 0.523718
1295878775 21.971 11.5334 -3.89997 0.659575 -0.474194 -0.244123 0.529626
1295878777 22.5889 11.9409 -3.22757 0.714302 -0.478028 -0.227542 0.457698
1295878779 21.9513 11.9829 -3.99684 0.170159 0.361 -0.447963 0.800034
1295878781 21.5258 11.9434 -4.90091 0.230669 0.176912 -0.406846 0.866008
1295878782 21.4089 12.459 -5.74972 0.234653 0.160666 -0.399394 0.871555
1295878784 21.028 13.1275 -6.38852 0.219244 0.189937 -0.406997 0.866146
1295878785 20.8468 13.1786 -7.37065 0.212495 0.0941308 -0.395992 0.888356
1295878787 20.9912 12.5775 -8.15667 0.237912 -0.161455 -0.324171 0.901245
1295878789 20.4427 12.492 -7.32497 0.330257 -0.504477 -0.229416 0.76407
1295878792 21.4168 12.3124 -7.18783 0.376364 -0.678754 -0.139474 0.614972
1295878794 22.3187 12.7301 -7.07786 0.381164 -0.720775 -0.121698 0.566027
1295878796 23.0919 13.2187 -6.67362 0.386803 -0.700724 -0.142635 0.582258
1295878798 23.7848 13.8439 -6.31435 0.392202 -0.64618 -0.18569 0.627813
1295878800 24.0158 14.7845 -6.56294 0.337051 -0.441575 -0.308015 0.772357
1295878802 24.673 14.9287 -7.30276 0.274443 -0.333651 -0.344707 0.833388
1295878803 25.3053 15.1443 -8.04684 0.257654 -0.307827 -0.348141 0.847145
1295878805 25.877 15.2832 -8.85544 0.246576 -0.326385 -0.340908 0.846437
1295878806 25.101 14.8903 -8.36202 -0.224506 0.817038 -0.107982 0.519986
1295878808 24.2493 14.4916 -8.70199 -0.174942 0.623816 -0.173117 0.741809
1295878809 25.1501 14.7681 -8.36715 -0.576715 -0.0506474 0.795952 0.176903
1295878811 25.8056 14.9352 -9.10364 -0.593404 -0.0493781 0.784182 0.17462
1295878812 26.7669 14.9047 -8.82979 -0.496462 0.00144007 0.852903 0.161493
1295878814 27.7061 15.0325 -9.14833 -0.43279 0.0296794 0.88836 0.150426
1295878815 28.0295 15.2018 -10.0793 -0.614071 0.0294795 0.77698 0.135461
1295878817 28.5335 15.426 -10.9135 0.833482 -0.0100662 -0.541919 -0.10738
1295878818 27.828 15.6717 -11.5783 0.931945 -0.0350799 -0.338283 -0.125747
1295878820 28.3527 15.4384 -10.7596 0.924021 -0.0411267 -0.360141 -0.121622
1295878821 28.6783 15.8369 -9.90209 0.930068 -0.0349021 -0.357022 -0.079318
1295878823 29.3175 15.6389 -9.15903 0.93927 -0.0302104 -0.332119 -0.0809725
1295878825 29.9373 15.4245 -8.40413 0.959677 -0.030712 -0.265615 -0.0867511
1295878827 30.7476 14.9306 -8.08852 0.967946 -0.0403834 -0.212722 -0.127279
1295878828 31.6002 15.246 -7.67187 0.99582 -0.0262998 -0.0772898 -0.0409575
1295878830 32.2654 15.3918 -6.93959 0.998976 -0.00663573 -0.038714 -0.0224588
1295878831 32.2116 15.6648 -5.97907 0.99941 0.00170868 0.0332631 0.00834461
1295878833 31.3018 15.6892 -5.56468 0.995324 0.0847587 -0.0459373 0.0059455
1295878834 31.5145 16.0887 -4.67296 0.958796 0.0924348 0.25575 0.082206
1295878836 31.0972 16.3573 -3.80478 0.954426 0.0943949 0.26952 0.0867173
1295878840 31.7888 16.4772 -4.51701 0.874529 0.0903946 0.469705 0.0800368
1295878842 31.1607 16.8724 -3.84672 0.858219 0.116365 0.487085 0.112549
1295878843 30.4473 17.2839 -3.27942 0.837837 0.450104 0.308812 0.00843742
1295878845 29.7933 17.1571 -2.53363 0.766623 0.436728 0.459119 0.103765
1295878847 28.8988 17.0444 -2.10101 0.824243 0.446799 0.345118 0.0434404
1295878848 28.5958 17.407 -1.21969 0.739323 0.434704 0.495437 0.137752
1295878851 28.0752 17.1694 -0.399596 0.724922 0.422887 0.525389 0.140077
1295878853 27.4988 16.4267 -0.740245 0.840156 0.46117 0.285399 0.00251895
1295878854 26.9023 16.0915 -0.0109744 0.864697 0.460597 0.196574 -0.0388204
1295878856 26.4049 15.7611 0.791177 0.878777 0.458425 0.104326 -0.0819387
1295878858 26.2747 15.9631 1.76187 0.831084 0.475385 0.283397 0.0547283
1295878859 27.101 16.0412 1.20417 0.700362 0.441371 0.489659 0.273713
1295878862 26.1203 16.1011 1.39 0.558767 0.372103 0.633331 0.384982
1295878864 25.3255 16.067 0.784016 0.494657 0.434894 0.609089 0.441806
1295878866 24.3648 15.8481 0.95441 0.699633 0.0133008 0.284774 0.655165
1295878867 24.4646 14.8579 1.05212 -0.566523 0.137318 -0.350625 0.732979
1295878869 23.8639 14.0876 0.837898 -0.565581 0.130051 -0.349053 0.735777
1295878871 24.7915 14.1761 1.20093 -0.485031 -0.0228395 -0.452748 0.747825
1295878873 25.0897 13.3641 1.70275 -0.223433 -0.404342 -0.639343 0.614676
1295878875 25.2278 12.4454 1.33281 -0.141174 -0.475261 -0.65465 0.570641
1295878877 25.5385 11.692 0.753256 -0.119772 -0.507515 -0.654164 0.547861
1295878879 25.6781 10.8456 0.239276 -0.0287068 0.644451 0.647886 -0.405095
1295878881 25.1646 9.98824 0.204317 -0.200567 0.791241 0.547031 -0.185653
1295878883 26.1 9.63514 0.222988 -0.14674 0.775583 0.540696 -0.290836
1295878886 27.0154 9.29204 0.43336 0.054039 -0.631507 -0.552674 0.541138
1295878888 27.6914 8.57252 0.592682 0.0542978 -0.634565 -0.555972 0.53411
1295878890 26.9429 9.02765 0.11038 0.0509695 -0.640529 -0.549952 0.533551
1295878892 27.8124 8.69824 -0.257522 -0.153342 0.719089 0.534218 -0.417143
1295878894 26.8369 8.90325 -0.178277 0.0517698 -0.636894 -0.554465 0.533155
1295878895 27.6792 8.50022 -0.536157 0.0557872 -0.641314 -0.55171 0.530302
1295878897 28.5992 8.46152 -0.926088 0.0282646 -0.613456 -0.555207 0.560908
1295878898 29.3973 7.94282 -1.23272 0.00100187 -0.584742 -0.555509 0.591173
1295878900 30.1373 7.3735 -1.59087 -0.00299127 -0.579649 -0.554638 0.59697
1295878901 30.8182 6.78867 -2.03171 -0.0140139 -0.571416 -0.553551 0.605697
1295878903 31.4957 6.15913 -2.41214 -0.00494946 -0.580523 -0.554405 0.596325
1295878905 32.2614 5.64232 -2.79506 -0.00553827 -0.577038 -0.555101 0.599049
1295878907 32.9283 5.00066 -3.17387 0.0301384 -0.618542 -0.553478 0.55692
1295878909 33.5214 4.48212 -3.78975 -0.0590144 0.685043 0.535905 -0.489937
1295878911 34.2698 3.82176 -3.72749 0.0586168 -0.668032 -0.544013 0.504329
1295878913 34.3476 4.68634 -4.22394 -0.10539 -0.498826 -0.533536 0.674836
1295878915 34.3792 3.99493 -3.50217 -0.104599 -0.499362 -0.53339 0.674679
1295878916 34.4079 3.30725 -2.77672 -0.103873 -0.500141 -0.533654 0.674005
1295878917 34.4307 3.97262 -3.52289 -0.104613 -0.499327 -0.533424 0.674676
1295878918 34.3891 3.34121 -2.74855 -0.103149 -0.500994 -0.533292 0.673769
1295878919 34.2905 2.74159 -1.95436 -0.102289 -0.501994 -0.533881 0.672689
1295878920 33.8964 2.4437 -1.0849 -0.100398 -0.505278 -0.533662 0.670686
1295878921 34.228 2.80909 -1.9547 -0.100376 -0.505463 -0.533305 0.670833
1295878922 34.3359 3.40284 -2.75207 -0.103009 -0.501584 -0.532963 0.673612
1295878923 34.5552 3.82911 -3.62968 -0.103105 -0.501684 -0.532978 0.673511
1295878924 34.8932 4.38599 -4.3884 -0.103 -0.501592 -0.532855 0.673693
1295878925 35.0401 3.65707 -3.71974 -0.103242 -0.501311 -0.532959 0.673782
1295878926 34.9177 3.01889 -2.95966 -0.102036 -0.502905 -0.533528 0.672327
1295878927 34.5344 3.04856 -2.03649 -0.101969 -0.502819 -0.533461 0.672455
1295878928 34.4195 2.47902 -1.2226 -0.102358 -0.502283 -0.533238 0.672972
1295878929 34.0852 2.21987 -0.316441 -0.103518 -0.500961 -0.533294 0.673735
1295878931 33.7473 1.87421 0.558966 -0.103223 -0.500926 -0.533141 0.673929
