1295878709 0 0 0 0 0 0 0
1295878710 0 0 0 0 0 0 0
1295878711 0.000980281 9.52067e-05 0 0 0 -0.116544 -0.00513192
1295878712 0.00102713 -0.00989653 0 0 0 0.421588 -0.0471449
1295878713 0.00847954 -0.00787036 0 0 0 0.383675 -0.236504
1295878714 0.0151177 0.00224275 0 0 0 0.244669 -0.392084
1295878715 -0.0973557 0.0891043 0 0 0 0.0146675 -0.0474362
1295878716 -0.25453 0.235949 0 0 0 0.0296262 -0.145654
1295878717 -0.339139 0.0846564 0 0 0 0.00447605 -0.0425124
1295878718 -0.374672 0.0908655 0 0 0 0.000717801 -0.0090698
1295878719 -0.368734 0.0847017 0 0 0 0.000388123 -0.00540236
1295878720 -0.352493 0.0778272 0 0 0 0.00183927 -0.0360648
1295878721 -0.213973 0.0631681 0 0 0 0.000502151 -0.0240667
1295878722 -0.476816 0.0541414 0 -0 0 2.19887e-06 -0.0173984
1295878723 -0.119956 -0.00237832 0 0 0 -3.50771e-05 -0.00341232
1295878724 0.000103066 2.56834e-06 0 0 0 5.60729e-08 4.67911e-06
1295878725 3.89266e-05 9.41829e-07 0 0 0 4.3477e-08 3.62928e-06
1295878726 -0.0546892 -0.00141422 0 0 0 -2.22938e-05 -0.00173551
1295878727 -0.433785 -0.0152173 0 0 0 -9.38862e-05 -0.00567256
1295878728 -0.486902 -0.0209904 0 0 0 -8.39364e-05 -0.00393052
1295878729 -0.43071 -0.0143526 0 0 0 -0.000123787 0.0514419
1295878730 -0.0514478 0.00319851 0 0 0 -0.000490643 0.0139657
1295878731 -0.138043 0.0228725 0 0 0 -0.00844512 0.0942005
1295878732 -0.145573 0.0405186 0 0 0 -8.12736e-05 0.000589453
1295878733 -0.308667 0.0859068 0 0 0 0.000361768 -0.00264405
1295878734 -0.303691 0.0826121 0 0 0 0.000454118 -0.00339604
1295878735 -0.298979 0.0787958 0 0 0 0.000513071 -0.00394816
1295878736 -0.223979 0.0544182 0 0 0 0.000299631 -0.00236457
1295878737 0.000624805 -0.000157825 0 0 0 -5.44825e-06 4.34025e-05
1295878738 3.01981e-14 -4.77396e-14 0 0 0 2.38863e-08 -1.90253e-07
1295878739 0 0 0 0 0 0 0
1295878740 0 0 0 0 0 0 0
1295878741 -0.00697069 0.00176553 0 0 0 4.08893e-05 -0.000326113
1295878742 -0.406668 0.100303 0 0 0 0.000515235 -0.00418634
1295878743 -0.18385 0.0352109 0 0 0 0.000350547 -0.00293503
1295878744 0.000549414 -9.89643e-05 0 0 0 -7.18865e-08 6.09532e-07
1295878745 0.000217649 -3.92011e-05 0 0 0 -4.02495e-07 3.41274e-06
1295878746 0.000128033 -2.30615e-05 0 0 0 -3.39805e-07 2.88111e-06
1295878747 -0.30884 -0.121675 0 0 0 0.00361521 -0.0363472
1295878748 -0.570086 -0.182879 0 0 0 -0.00245542 0.0260559
1295878749 -0.537317 0.115876 0 0 0 -0.000169415 0.001565
1295878750 -0.462226 0.0974757 0 0 0 0.000403511 -0.00376648
1295878751 -0.516843 0.10664 0 0 0 0.000580052 -0.00566803
1295878752 -0.548551 0.0834348 0 0 0 0.00470943 -0.0789587
1295878753 -0.540131 0.0163299 0 0 0 0.000138745 -0.00891986
1295878754 -0.544223 0.0209416 0 0 0 -0.00165314 0.0474426
1295878755 -0.50587 0.137876 0 0 0 -0.0212819 0.154688
1295878757 -0.456052 0.300158 0 0 0 -0.0465626 0.153219
1295878758 -0.308598 0.43271 0 0 0 -0.0909499 0.176932
1295878759 -0.21467 0.494338 0 0 0 -0.00567252 0.00866511
1295878760 -0.149367 0.522218 0 0 0 -0.0844104 0.11007
1295878761 -0.000833351 0.547468 0 0 0 -0.0775772 0.0785962
1295878762 0.114994 0.535034 0 0 0 -0.0767188 0.0629382
1295878763 0.159697 0.526527 0 0 0 0.00207264 -0.00153897
1295878764 0.15717 0.516401 0 0 0 -0.0267432 0.0192345
1295878765 0.236492 0.488535 0 0 0 -0.0505187 0.032875
1295878766 0.249939 0.486934 0 0 0 -0.00530148 0.00320432
1295878767 0.28188 0.462015 0 0 0 -0.03249 0.0186814
1295878768 0.291956 0.460029 0 0 0 -0.000886563 0.000487306
1295878769 0.257945 0.413318 0 0 0 0.00628275 -0.00347864
1295878770 0.322395 0.524042 0 0 0 0.00389137 -0.00218427
1295878771 0.280863 0.473013 0 0 0 0.00708586 -0.00403638
1295878772 0.29848 0.423304 0 0 0 -0.135301 0.0648226
1295878773 0.419604 0.362308 0 0 0 -0.0196392 0.00741934
1295878774 0.415791 0.354175 0 0 0 0.00414844 -0.00152804
1295878775 0.43758 0.334316 0 0 0 -0.105777 0.0326912
1295878776 0.513837 0.125236 0 0 0 -0.274888 0.0291648
1295878777 0.497449 -0.174023 0 0 0 -0.251628 -0.0408047
1295878778 0.428378 -0.337857 0 0 0 -0.0671996 -0.0225695
1295878779 0.354738 -0.408474 0 0 0 -0.124125 -0.0565861
1295878780 0.278113 -0.471758 0 0 0 -0.0263469 -0.0147753
1295878781 0.268307 -0.469902 0 0 0 -0.000650678 -0.000378258
1295878782 0.270876 -0.465009 0 0 0 0.00835375 0.00480675
1295878783 0.271619 -0.450438 0 0 0 0.0030288 0.00171643
1295878784 0.273026 -0.508591 0 0 0 -0.0693378 -0.0429542
1295878785 0.116152 -0.503002 0 0 0 -0.127667 -0.1027
1295878786 -0.078263 -0.539071 0 0 0 -0.13928 -0.164196
1295878787 -0.321243 -0.439301 0 0 0 -0.116277 -0.231305
1295878788 -0.473827 -0.225495 0 0 0 -0.0502796 -0.223666
1295878789 -0.524402 -0.107384 0 0 0 -0.000740055 -0.00718527
1295878791 -0.548617 -0.089783 0 0 0 -0.0039855 -0.0561334
1295878792 -0.536437 0.00293018 0 0 -0 -0.000699591 -0.0633969
1295878793 -0.544291 0.0214844 0 0 0 -4.84977e-05 0.00249667
1295878794 -0.551381 0.0174776 0 0 0 -5.9125e-05 0.00361198
1295878795 -0.538025 0.0127789 0 0 0 -6.75785e-05 0.00579317
1295878796 -0.546978 -0.00631244 0 0 0 0.00100498 0.0544378
1295878797 -0.522477 -0.119545 0 0 0 0.0145981 0.130507
1295878798 -0.494577 -0.230545 0 0 0 0.0174926 0.0791079
1295878798 -0.120083 -0.0722934 0 0 0 0.00748633 0.0268336
1295878800 -0.410977 -0.365494 0 0 0 0.034355 0.0977888
1295878801 -0.416484 -0.35387 0 0 0 0.00137306 0.00332619
1295878802 -0.321578 -0.397537 0 0 0 0.00366394 0.00871406
1295878803 -0.289994 -0.349968 0 0 0 -0.0132093 -0.0325819
1295878804 -0.456034 -0.27885 0 0 0 -0.0652379 -0.303435
1295878805 -0.541432 -0.0131027 0 0 -0 0.0230405 -0.276399
1295878806 -0.514034 0.212085 0 0 0 0.102676 -0.267755
1295878807 -0.304342 0.449235 0 0 0 0.177266 -0.230348
1295878808 -0.0418737 0.556959 0 0 0 0.110562 -0.0925402
1295878809 0.0189901 0.565848 0 0 0 0.0106258 -0.00755745
1295878810 0.0452162 0.560458 0 0 0 0.00396019 -0.00276368
1295878811 0.103593 0.52836 0 0 0 -0.0339044 0.0246074
1295878812 0.0822862 0.544005 0 0 0 -0.0511011 0.041466
1295878813 0.0713943 0.54049 0 0 0 -0.001503 0.00130655
1295878814 0.131406 0.530979 0 0 0 0.118429 -0.0886459
1295878815 0.318147 0.423077 0 0 0 0.197974 -0.0975777
1295878816 0.476827 0.238903 0 0 0 0.23482 -0.0541329
1295878817 0.52628 0.0472554 0 0 0 0.0810374 -0.00528884
1295878818 0.547657 0.0307489 0 0 0 -0.00687462 0.000192501
1295878819 0.54509 0.0355445 0 0 0 -0.00289915 9.53681e-05
1295878820 0.54698 0.0029655 0 -0 0 0.0651455 -0.000114341
1295878821 0.544302 -0.0400802 0 0 0 0.048622 0.00268539
1295878822 0.50657 -0.152143 0 0 0 0.0873748 0.0108514
1295878823 0.514211 -0.176636 0 0 0 -0.0034783 -0.000582173
1295878824 0.520626 -0.174811 0 0 0 -0.0021561 -0.000354545
1295878825 0.505742 -0.173465 0 0 0 0.0261262 0.00462348
1295878826 0.49414 -0.243309 0 0 0 0.0521723 0.0114
1295878827 0.474647 -0.24687 0 0 0 -0.00569101 -0.00138606
1295878828 0.496188 -0.249194 0 0 0 -0.00655036 -0.00155174
1295878829 0.486834 -0.2392 0 0 0 -0.00167985 -0.000390454
1295878830 0.455354 -0.294155 0 0 0 0.135568 0.0417128
1295878831 0.332605 -0.429231 0 0 0 0.161448 0.0799229
1295878832 0.161654 -0.519138 0 0 0 0.141499 0.104926
1295878833 -0.0260741 -0.527885 0 0 0 0.117518 0.123876
1295878834 -0.131962 -0.529807 0 0 0 0.00961989 0.0122478
1295878835 -0.197973 -0.500667 0 0 0 0.0784828 0.117952
1295878836 -0.353556 -0.423032 0 0 0 0.0673983 0.144509
1295878837 -0.415235 -0.329322 0 0 0 0.0027689 0.00752504
1295878840 -0.751739 -0.65242 0 0 0 -0.000499928 -0.00137252
1295878841 -0.483216 -0.213361 0 0 0 0.0600686 0.309155
1295878842 -0.496935 0.133391 0 0 0 -0.0469654 0.338426
1295878843 -0.333851 0.405755 0 0 0 -0.0897235 0.200996
1295878844 -0.346083 0.399199 0 0 0 0.0906137 -0.203793
1295878845 -0.427542 0.351742 0 0 0 -0.0342131 0.0920747
1295878846 -0.372186 0.388911 0 0 0 0.0010582 -0.00247829
1295878847 -0.303749 0.432888 0 0 0 -0.0954228 0.174009
1295878848 -0.168733 0.516647 0 0 0 -0.0199069 0.0279928
1295878849 -0.159337 0.508388 0 0 0 0.00236615 -0.00322256
1295878850 -0.211585 0.515403 0 0 0 0.0480679 -0.0721021
1295878851 -0.304734 0.438081 0 0 0 0.0610249 -0.1177
1295878852 -0.414263 0.354336 0 0 0 0.034587 -0.0909768
1295878853 -0.417733 0.350316 0 0 0 -0.00550927 0.0164436
1295878854 -0.444001 0.294016 0 0 0 0.0261325 -0.0890135
1295878855 -0.484577 0.255437 0 0 0 -0.00933911 0.0354645
1295878856 -0.394396 0.378155 0 0 0 -0.0862339 0.210028
1295878857 -0.17722 0.515453 0 0 0 -0.131205 0.184958
1295878858 0.0752897 0.695573 0 0 0 -0.173322 0.153313
1295878859 0.403448 0.54448 0 0 0 -0.263756 0.130844
1295878860 0.671417 0.335219 0 0 0 -0.103345 0.0274115
1295878861 0.635045 0.277433 0 0 0 -0.000530058 0.000110495
1295878862 0.640823 0.282237 0 0 0 -0.00305489 0.000630987
1295878863 0.749461 0.198843 0 0 0 -0.158572 0.0194679
1295878864 0.725192 -0.0721726 0 0 0 -0.207084 -0.0128004
1295878865 0.554667 -0.360694 0 0 0 -0.255665 -0.0790489
1295878866 0.188901 -0.330975 0 0 0 -0.157297 -0.0911288
1295878867 0.198436 -0.615284 0 0 0 -0.0120668 -0.00867934
1295878868 0.162886 -0.523027 0 0 0 -0.0269018 -0.0203595
1295878869 -0.0586568 -0.616935 0 0 0 -0.244496 -0.279047
1295878870 -0.422398 -0.342985 0 0 0 -0.129617 -0.373794
1295878871 -0.534396 -0.125668 0 0 0 -0.0031149 -0.0254379
1295878872 -0.525634 -0.121219 0 0 0 0.000737807 0.00654104
1295878873 -0.536666 -0.0656045 0 0 -0 -0.00617841 -0.14689
1295878874 -0.650197 0.110285 0 0 0 0.00482585 -0.0715094
1295878875 -0.745817 0.157234 0 0 0 0.00073203 -0.00683684
1295878876 -0.510708 0.272887 0 0 0 0.0784685 -0.292491
1295878877 -0.380572 0.423472 0 0 0 -0.00930418 0.0218708
1295878878 -0.47237 0.45173 0 0 0 -0.00522086 0.0129449
1295878879 -0.353851 0.516175 0 0 0 0.120512 -0.219579
1295878880 -0.219438 0.705206 0 0 0 0.00340343 -0.00466395
1295878881 -0.224814 0.708315 0 0 0 -0.0030653 0.00419806
1295878882 -0.23135 0.515746 0 0 0 -0.0812677 0.132458
1295878883 -0.320767 0.408925 0 0 0 -0.0333367 0.0721593
1295878884 -0.0651245 0.0644492 0 0 0 -0.00392181 0.0095998
1295878886 1.75023e-06 -1.74088e-06 0 0 0 -5.76252e-07 1.43171e-06
1295878887 0 0 0 0 0 0 0
1295878888 -0.00415034 0.0169883 0 0 0 0.000710035 -0.00175928
1295878889 0.0479 0.174632 0 0 0 0.0193649 -0.0446887
1295878890 -0.011522 0.007916 0 0 0 0.0686841 -0.124427
1295878891 -0.0198915 0.047502 0 0 0 -0.0531988 0.0924533
1295878892 -0.0825639 0.0956449 0 0 0 -0.0351142 0.0773154
1295878893 -0.0924286 0.164372 0 0 0 0.0459464 -0.0980966
1295878894 -0.0470695 0.0909588 0 0 0 -0.0403955 0.0846356
1295878895 -0.0918902 0.0867791 0 0 0 -0.0187087 0.0478497
1295878896 -0.096862 0.0770553 0 0 0 -0.0109244 0.0318756
1295878897 -0.112312 0.0807796 0 0 0 -0.00301443 0.00946388
1295878898 -0.14489 0.100266 0 0 0 -0.00105344 0.00338603
1295878899 -0.17591 0.120039 0 0 0 -0.000583758 0.00189481
1295878900 -0.184942 0.128156 0 0 0 -0.000196215 0.000639905
1295878901 -0.316059 0.240297 0 0 0 0.011223 -0.0344082
1295878902 -0.247644 0.198841 0 0 0 0.0035012 -0.00994014
1295878903 -0.299529 0.245698 0 0 0 -0.00040356 0.00112888
1295878904 -0.286285 0.235568 0 0 0 0.00503359 -0.0137867
1295878905 -0.242482 0.250477 0 0 0 0.0287861 -0.0690785
1295878906 -0.231542 0.308147 0 0 0 0.0308486 -0.0612511
1295878907 -0.207585 0.437633 0 0 0 0.0478822 -0.0786428
1295878908 -0.188923 0.46321 0 0 0 -0.00225785 0.00336537
1295878909 -0.204824 0.487641 0 0 0 -0.00663482 0.0100636
1295878910 -0.157882 0.262392 0 0 0 -0.115514 0.244621
1295878911 0.289215 -0.0525805 0 0 0 -0.00287779 0.00928214
1295878912 -0.00284601 0.000543737 0 0 0 0.0001361 -0.000446269
1295878913 -6.7964e-05 1.30209e-05 0 0 0 -2.09685e-06 6.86988e-06
1295878914 -0.000720636 0.000138074 0 0 0 2.32903e-05 -7.62959e-05
1295878915 -0.00020401 3.91143e-05 0 0 0 -1.45322e-05 4.76029e-05
1295878916 0 0 0 0 0 0 0
1295878917 -1.2126e-06 2.33635e-07 0 0 0 1.21747e-07 -3.98842e-07
1295878918 -4.25456e-06 8.15961e-07 0 0 0 -1.1208e-06 3.67175e-06
1295878919 -6.03177e-07 1.15462e-07 0 0 0 -2.98332e-07 9.77343e-07
1295878920 0 0 0 0 0 0 0
1295878921 0 0 0 0 0 0 0
1295878922 -6.05648e-07 1.15934e-07 0 0 0 -2.1415e-07 7.01563e-07
1295878923 -7.28125e-06 1.39607e-06 0 0 0 -1.35269e-06 4.43151e-06
1295878924 -0.00028845 5.52768e-05 0 0 0 4.41888e-06 -1.44763e-05
1295878925 -3.03546e-06 5.85096e-07 0 0 0 3.04862e-07 -9.98702e-07
1295878926 0 0 0 0 0 0 0
1295878927 -6.09706e-07 1.17524e-07 0 0 0 6.12352e-08 -2.00601e-07
1295878928 0 0 0 0 0 0 0
1295878929 0 0 0 0 0 0 0
1295878930 0 0 0 0 0 0 0
1295878931 0 0 0 0 0 0 0
