1295878709 0.167334 0.0893376 0.981844 -0.000242881 -0.000276905 -0.000454433 1
1295878710 -0.409171 0.666932 0.403894 0.577772 -0.577228 0.57705 0.000242724
1295878711 -0.806533 1.52022 0.741532 0.577678 -0.577161 0.577211 -0.0010776
1295878712 -1.58975 1.51119 1.36321 0.503941 -0.566802 0.646732 -0.0807232
1295878713 -0.972392 1.03827 1.99187 0.38628 0.215473 0.895991 0.0394783
1295878714 -1.62271 1.00333 1.23302 0.4088 0.187068 0.893223 -0.0063382
1295878715 -2.06908 1.22248 2.10061 0.268598 0.224618 0.933803 -0.0735764
1295878716 -2.30204 0.784045 1.23257 0.317542 0.220202 0.918232 -0.0867683
1295878717 -1.42408 1.14094 0.913501 0.346184 0.212888 0.904686 -0.127979
1295878718 -1.82862 0.759602 0.0822779 0.392099 0.21058 0.884955 -0.137003
1295878719 -2.37628 0.274395 -0.599364 0.405044 0.207863 0.879194 -0.140536
1295878720 -2.9504 -0.17523 -1.28363 0.413124 0.207373 0.87543 -0.141232
1295878721 -3.49504 -0.626035 -1.99085 0.446458 0.202262 0.85866 -0.149894
1295878722 -3.99036 -1.02373 -2.76318 0.474405 0.203611 0.842937 -0.151455
1295878723 -4.93498 -1.10097 -3.08211 0.462637 0.228833 0.848906 -0.113844
1295878724 -5.53314 -1.57519 -3.72812 0.470183 0.227152 0.844603 -0.118221
1295878725 -4.5953 -1.31537 -3.49804 0.469298 0.22741 0.84487 -0.119325
1295878726 -5.13566 -1.58023 -4.29669 0.469554 0.227275 0.844786 -0.119172
1295878727 -5.90817 -2.05369 -4.71986 0.473101 0.234382 0.841271 -0.116207
1295878728 -5.67243 -2.52281 -5.57095 0.515852 0.214588 0.810985 -0.173644
1295878729 -6.11926 -2.70445 -4.69497 0.342804 0.226338 0.90264 -0.128439
1295878730 -6.64619 -3.17915 -5.39996 0.317085 0.23051 0.912015 -0.120629
1295878731 -7.19043 -3.60698 -6.1216 0.309732 0.235766 0.913674 -0.116959
1295878732 -7.98161 -4.21804 -6.14691 0.216902 0.237589 0.942155 -0.0940686
1295878733 -8.37606 -4.58022 -6.99144 0.219528 0.240179 0.940987 -0.0930883
1295878734 -8.75514 -5.08108 -7.76954 0.226575 0.239973 0.939016 -0.0965726
1295878735 -9.08826 -5.59098 -8.56266 0.233534 0.239519 0.937197 -0.0987668
1295878736 -9.3147 -6.00086 -9.44624 0.245189 0.24006 0.933903 -0.100393
1295878737 -9.64854 -6.4983 -10.2469 0.251139 0.234228 0.933542 -0.102789
1295878738 -10.3587 -6.2042 -9.6073 0.251323 0.234073 0.933508 -0.103
1295878739 -11.2157 -6.37333 -9.12039 0.0219418 0.953755 -0.222888 0.200474
1295878740 -11.4483 -6.87413 -9.9541 0.0219361 0.953741 -0.222913 0.200515
1295878741 -10.8017 -7.37552 -10.5289 0.0217134 0.95379 -0.222863 0.200364
1295878742 -11.135 -7.99846 -9.82124 0.0214065 0.953314 -0.225286 0.19995
1295878743 -11.4712 -7.5367 -9.00039 0.0188859 0.955075 -0.226025 0.190758
1295878744 -11.7017 -7.09705 -8.13231 0.0192041 0.957416 -0.221913 0.183683
1295878745 -11.6393 -7.22844 -9.12167 0.876115 -0.14035 -0.451364 0.0948386
1295878746 -10.8515 -7.64834 -9.57236 0.877306 -0.140859 -0.449076 0.0939372
1295878747 -11.2376 -7.82177 -10.4784 0.186244 0.977421 0.0373691 -0.0925437
1295878748 -10.992 -8.01034 -11.4292 0.190414 0.971414 0.0237954 -0.139755
1295878749 -11.1996 -7.91118 -10.4561 0.188541 0.974117 0.0292436 -0.121219
1295878750 -10.8524 -8.06084 -9.53028 0.18948 0.972225 0.0290438 -0.134283
1295878751 -10.8996 -7.98199 -8.53451 0.187285 0.972832 0.0308722 -0.132552
1295878752 -10.7375 -7.8683 -7.55429 0.185556 0.972504 0.033668 -0.136647
1295878753 -9.96454 -8.21346 -8.08657 0.19506 0.965854 0.0360809 -0.166663
1295878754 -9.45332 -8.46556 -7.26493 0.194551 0.960511 0.0259049 -0.197225
1295878755 -9.03645 -8.68913 -6.38389 0.192522 0.965642 0.0269973 -0.172457
1295878757 -9.3684 -8.25977 -5.54397 0.174048 0.97925 0.0977258 0.0350054
1295878758 -9.34361 -7.7738 -6.4176 0.0767753 0.98637 0.0992393 0.106448
1295878759 -9.76683 -8.32258 -5.69667 0.8709 -0.204184 -0.0729636 0.441042
1295878760 -9.6304 -7.47533 -5.18328 0.852701 -0.260731 -0.0684312 0.447479
1295878761 -9.7489 -6.56616 -4.78408 0.839825 -0.270757 -0.113397 0.456647
1295878762 -9.60033 -6.08535 -3.91993 0.813615 -0.36738 -0.0869823 0.442149
1295878763 -10.4534 -5.86059 -3.44901 0.85181 -0.357017 -0.115274 0.365611
1295878764 -10.1135 -5.32252 -2.67767 0.85111 -0.352362 -0.129424 0.367017
1295878765 -9.70858 -4.83899 -1.90163 0.856306 -0.355309 -0.119329 0.355326
1295878766 -9.26545 -4.25929 -1.21783 0.860276 -0.369974 -0.0750527 0.342653
1295878767 -8.74315 -3.63339 -0.638645 0.857934 -0.36308 -0.0723371 0.356215
1295878768 -8.39502 -3.03227 0.0807035 0.860013 -0.371236 -0.0540152 0.345895
1295878769 -8.10106 -2.43547 0.827301 0.860084 -0.368715 -0.057053 0.347921
1295878770 -7.79726 -1.82432 1.5582 0.857571 -0.36287 -0.075658 0.356614
1295878771 -7.503 -1.21759 2.29663 0.85543 -0.358584 -0.0890205 0.36295
1295878772 -6.87574 -0.824545 2.96899 0.854727 -0.357134 -0.0902668 0.365716
1295878773 -6.13329 -1.25592 3.48152 0.854643 -0.440726 0.098366 0.256262
1295878774 -6.31351 -0.693027 4.28817 0.860158 -0.437289 0.0907195 0.246324
1295878775 -6.63052 -0.212223 5.10569 0.875758 -0.41611 0.059037 0.237519
1295878776 -6.09344 -0.844305 5.66427 0.830908 -0.488882 0.245257 0.102153
1295878777 -6.50472 -0.204776 5.01477 0.920964 -0.384321 0.0209618 0.0606906
1295878778 -6.5827 -0.603194 4.10089 -0.258154 0.0763752 0.739569 0.616896
1295878779 -6.3223 -1.13989 3.2983 -0.29439 0.0419611 0.726065 0.620002
1295878780 -6.37089 -0.292496 2.76956 -0.45583 -0.100749 0.625771 0.624883
1295878781 -5.63796 -0.785003 2.30024 -0.466373 -0.111398 0.620406 0.620631
1295878782 -4.93209 -1.32735 1.84461 -0.461283 -0.103512 0.627483 0.618683
1295878783 -4.2467 -1.84483 1.3323 -0.446158 -0.0897294 0.636341 0.622866
1295878784 -3.56375 -2.28746 0.75122 -0.438365 -0.0816148 0.643476 0.622185
1295878785 -3.07343 -2.57268 -0.0723275 -0.470925 -0.137256 0.609794 0.622529
1295878786 -2.68722 -2.14202 -0.888029 -0.579246 -0.293163 0.472419 0.596112
1295878787 -3.26206 -1.32779 -0.80685 -0.580498 -0.340731 0.498403 0.546368
1295878788 -2.62281 -2.0154 -0.46252 0.616892 0.24442 -0.564245 -0.491254
1295878789 -1.64062 -2.18615 -0.54088 0.721972 0.338067 -0.427261 -0.426516
1295878791 -0.752422 -2.53674 -0.243898 0.72357 0.337276 -0.426238 -0.425456
1295878792 0.142256 -2.8968 0.0204984 0.735977 0.351989 -0.402388 -0.415361
1295878793 0.979211 -3.33288 0.351171 0.752981 0.370145 -0.368708 -0.400083
1295878794 1.77138 -3.71907 0.823738 0.746654 0.363892 -0.383032 -0.404199
1295878795 2.60645 -4.09984 1.22082 0.741759 0.357863 -0.393354 -0.408657
1295878796 3.41533 -4.53142 1.62014 0.733333 0.349669 -0.40817 -0.416356
1295878797 4.27391 -4.95616 1.90724 0.707734 0.32746 -0.449428 -0.435772
1295878798 5.09209 -5.46277 2.17916 0.639059 0.262667 -0.543324 -0.476874
1295878798 5.92222 -5.93176 2.48069 -0.588694 -0.217292 0.602505 0.493165
1295878800 6.89842 -6.10668 2.35248 -0.572991 -0.201384 0.617105 0.500307
1295878801 7.80566 -6.27847 1.96854 -0.544363 -0.210087 0.645609 0.492668
1295878802 8.74255 -6.56547 1.76888 -0.545027 -0.204663 0.646534 0.493004
1295878803 9.67157 -6.78785 1.47312 -0.525525 -0.191755 0.661223 0.499838
1295878804 10.5826 -7.03966 1.14668 -0.541612 -0.193189 0.653454 0.492273
1295878805 11.2562 -7.7252 0.870459 -0.533925 -0.212973 0.628103 0.524455
1295878806 11.0357 -6.81294 0.525251 0.737838 0.432024 -0.287924 -0.431335
1295878807 10.1945 -6.52269 0.0691358 0.693541 0.464528 -0.411687 -0.36569
1295878808 9.278 -6.62848 -0.316711 -0.596584 -0.116851 0.695043 0.383861
1295878809 10.0844 -6.63474 -0.908092 0.688414 0.174815 -0.601301 -0.366009
1295878810 10.8032 -6.46407 -1.58197 0.70042 0.196737 -0.582879 -0.361881
1295878811 11.7916 -6.5504 -1.70677 0.698009 0.1952 -0.586373 -0.361728
1295878812 12.708 -6.94079 -1.79597 0.662718 0.181981 -0.621991 -0.375253
1295878813 13.4247 -6.67221 -2.43951 0.649048 0.180926 -0.637295 -0.373975
1295878814 14.3514 -7.0475 -2.45946 -0.635549 -0.175799 0.647748 0.381569
1295878815 15.3067 -7.33963 -2.41449 0.698648 0.203231 -0.585418 -0.357594
1295878816 16.2835 -7.14028 -2.3355 0.83453 0.235443 -0.410624 -0.281984
1295878817 16.723 -7.65714 -1.60088 0.913379 0.237796 -0.227252 -0.239891
1295878818 16.9583 -8.2429 -0.825318 0.926052 0.240949 -0.175927 -0.231129
1295878819 17.294 -8.69262 0.00237281 0.92002 0.240173 -0.196726 -0.23912
1295878820 17.7023 -9.0827 0.827682 0.91711 0.237414 -0.208304 -0.243213
1295878821 18.1846 -9.48789 1.60434 0.924855 0.248133 -0.16722 -0.234756
1295878822 18.5813 -9.86245 2.44241 0.929028 0.255584 -0.144061 -0.225455
1295878823 18.9542 -10.2412 3.2895 0.937596 0.270562 -0.0724768 -0.20605
1295878824 19.0932 -10.594 4.21477 0.936338 0.269521 -0.0883971 -0.206918
1295878825 19.3393 -10.9633 5.1109 0.934986 0.265559 -0.10036 -0.212622
1295878826 19.6333 -11.2817 6.01211 0.937438 0.265029 -0.0875992 -0.208078
1295878827 19.9048 -11.6409 6.90502 0.94177 0.271574 -0.0452635 -0.19305
1295878828 19.8699 -12.2668 7.68418 0.936899 0.270211 -0.0720776 -0.209788
1295878829 19.8071 -12.9257 8.43372 0.93224 0.258792 -0.110389 -0.227528
1295878830 20.0231 -13.3281 9.32333 0.931959 0.251121 -0.124742 -0.229848
1295878831 20.9854 -13.1521 9.53094 0.932772 0.288976 0.102698 -0.189426
1295878832 21.8873 -13.0419 9.94848 0.859723 0.308347 0.380241 -0.145655
1295878833 21.2084 -13.294 10.6381 0.801233 0.320119 0.500513 -0.0709613
1295878834 20.415 -13.8756 10.8173 0.743262 0.374519 0.551636 -0.0547247
1295878835 19.6225 -14.3712 11.1729 0.740978 0.373441 0.555829 -0.0504791
1295878836 19.4838 -13.8532 12.0169 0.55288 0.376275 0.736647 0.100461
1295878837 19.1968 -13.2733 12.7793 0.267891 0.288942 0.886545 0.242456
1295878840 18.6629 -13.748 12.0796 0.270474 0.28972 0.885716 0.241688
1295878841 18.0932 -14.1679 11.3731 0.295094 0.297552 0.877237 0.234174
1295878842 18.6981 -13.6453 11.974 0.0124529 0.273048 0.954992 0.11524
1295878843 18.3463 -13.13 12.7555 -0.0870158 0.296955 0.94392 0.115153
1295878844 18.0151 -12.5138 13.47 -0.245824 0.275971 0.911243 0.181788
1295878845 17.8565 -11.9582 14.2862 -0.0388424 0.312438 0.940722 0.126154
1295878846 17.7711 -12.5623 13.4939 -0.117856 0.29976 0.934513 0.151456
1295878847 17.9904 -13.2095 12.7638 -0.100587 0.304054 0.935778 0.147487
1295878848 17.6808 -12.5316 13.4307 -0.241755 0.272396 0.911052 0.193233
1295878849 18.1165 -13.0908 12.7253 -0.258592 0.270862 0.905974 0.197422
1295878850 18.5215 -13.6969 12.0408 -0.246054 0.27371 0.909749 0.192088
1295878851 18.9415 -14.365 11.4266 -0.160777 0.288939 0.928509 0.168924
1295878852 19.8019 -14.7164 11.0575 -0.0188981 0.319222 0.940523 0.114701
1295878853 20.1498 -15.3943 10.4099 0.0930539 0.329421 0.936261 0.0789849
1295878854 20.0703 -16.0139 9.62896 0.0835312 0.327916 0.937339 0.0830044
1295878855 19.7848 -16.6841 8.94392 0.107939 0.323762 0.937016 0.0743531
1295878856 19.7378 -16.9592 7.98364 0.101334 0.347403 0.927695 0.0917849
1295878857 19.1696 -17.5857 7.45009 0.0733853 0.326696 0.933325 0.129569
1295878858 18.2328 -17.4425 7.13087 -0.223002 0.280217 0.902221 0.240305
1295878859 17.3809 -16.9231 7.06372 -0.490976 0.134536 0.795208 0.329373
1295878860 16.5371 -16.4045 6.92586 -0.574343 0.0635272 0.76577 0.282295
1295878861 16.9568 -16.921 7.6722 -0.568498 0.0512602 0.77304 0.276753
1295878862 17.8527 -17.3227 7.48222 -0.552407 0.0579267 0.785364 0.273303
1295878863 18.7148 -17.7194 7.16717 -0.541808 0.0663325 0.793012 0.27051
1295878864 19.4325 -18.2183 6.68124 -0.630771 0.023999 0.718124 0.293
1295878865 20.143 -18.6121 6.09809 0.756237 0.0726826 -0.56942 -0.31398
1295878866 19.1786 -18.6413 5.83533 0.854604 0.0712631 -0.400389 -0.322897
1295878867 19.5509 -19.1888 6.58476 0.854585 0.0710324 -0.401828 -0.321205
1295878868 20.1882 -19.8094 7.04171 0.850744 0.0778835 -0.403571 -0.327565
1295878869 20.9005 -20.3067 7.53701 0.856515 0.0804215 -0.393446 -0.324215
1295878870 21.7399 -20.8194 7.7175 0.931971 0.181283 -0.097102 -0.29856
1295878871 22.0082 -21.4353 8.45822 0.929993 0.205716 -0.0179365 -0.304094
1295878872 22.1908 -22.0916 9.19033 0.929263 0.210054 -0.00501665 -0.303846
1295878873 22.3392 -22.7092 9.96261 0.928371 0.205919 -0.0170649 -0.308922
1295878874 22.37 -21.9564 9.30512 0.921067 0.239542 0.0823088 -0.295771
1295878875 22.2693 -22.6345 10.0331 0.915734 0.256645 0.128275 -0.281267
1295878876 21.9295 -23.1669 10.8084 0.920745 0.254204 0.10401 -0.277112
1295878877 21.304 -22.7969 11.4954 0.924916 0.277027 0.0810618 -0.247416
1295878878 20.74 -23.0424 12.2838 0.930089 0.274602 0.0383891 -0.240947
1295878879 20.1902 -23.7901 12.6563 0.920972 0.279708 -0.0220465 -0.270347
1295878880 20.2761 -22.9974 12.0528 0.945102 0.217076 -0.0172472 -0.243645
1295878881 21.0273 -22.8203 12.6886 0.952221 0.214951 0.102181 -0.191392
1295878882 20.7988 -23.2368 13.5685 0.953753 0.213824 0.0834867 -0.194072
1295878883 20.624 -23.3426 14.5474 0.987508 0.0622342 0.118285 -0.0834425
1295878884 20.8369 -23.2221 13.5778 0.994378 0.042285 0.060872 -0.0756213
1295878886 20.8772 -23.2715 14.5758 0.994732 0.0429926 0.0600126 -0.0711239
1295878887 21.6046 -23.0287 13.934 0.99482 0.0422169 0.0595928 -0.0707133
1295878888 20.9808 -23.0074 14.7153 0.990641 0.108723 0.0463067 -0.0683057
1295878889 21.6856 -22.5048 14.2146 0.991105 0.110354 0.0427291 -0.0608894
1295878890 20.8657 -22.6517 14.768 0.988655 0.109624 0.0833901 -0.0599198
1295878891 21.2949 -22.343 13.9192 0.970798 0.11156 0.206388 -0.0500991
1295878892 20.3616 -22.4521 14.2611 0.985065 0.104497 0.123098 -0.0597843
1295878893 20.1725 -22.663 15.2201 0.992395 0.0973968 0.0343743 -0.0669717
1295878894 19.9221 -22.7754 16.1817 0.985583 0.10088 0.123063 -0.0574832
1295878895 19.5169 -22.886 17.0893 0.992603 0.0959667 0.038336 -0.063723
1295878896 19.3624 -22.9374 18.0759 0.99305 0.0952645 -0.00773842 -0.0686775
1295878897 19.3016 -23.0985 19.061 0.992533 0.0904435 -0.0415526 -0.0705048
1295878898 19.2914 -23.2435 20.0504 0.991971 0.0894984 -0.0535599 -0.0715172
1295878899 19.3554 -23.3821 21.0386 0.991373 0.0903211 -0.0621033 -0.0718679
1295878900 19.4067 -23.5508 22.023 0.990943 0.0894714 -0.068706 -0.0728395
1295878901 19.467 -23.7207 23.0066 0.990426 0.0893163 -0.0763689 -0.0724343
1295878902 19.5822 -23.8404 23.9927 0.991553 0.0901616 -0.0599233 -0.0714381
1295878903 19.6634 -23.9595 24.9822 0.99203 0.0899013 -0.0545727 -0.0693964
1295878904 19.7518 -24.1367 25.9624 0.991685 0.0891326 -0.058676 -0.0719297
1295878905 19.7068 -24.288 26.9499 0.992084 0.0879964 -0.0544693 -0.0711261
1295878906 19.6688 -24.399 27.943 0.99369 0.0922813 0.00418459 -0.0636149
1295878907 19.7765 -24.4301 28.9367 0.992232 0.0951015 0.0556644 -0.0577221
1295878908 20.1138 -24.4145 29.878 0.980589 0.104684 0.16026 -0.0424716
1295878909 19.909 -24.7001 30.8142 0.981881 0.103306 0.148268 -0.0570459
1295878910 19.4704 -24.8524 31.6999 0.984555 0.100827 0.131042 -0.0575647
1295878911 18.8249 -24.7823 32.4604 0.976372 -0.0728474 0.174542 0.104531
1295878912 19.0794 -25.0438 31.5294 0.974639 -0.0671538 0.181675 0.112091
1295878913 18.9769 -24.9825 32.5222 0.974966 -0.0668933 0.180192 0.11179
1295878914 19.2187 -24.013 32.4819 0.974764 -0.0665029 0.180525 0.113242
1295878915 19.1559 -24.3869 31.5566 0.974741 -0.066175 0.180896 0.113036
1295878916 19.894 -24.8462 32.0508 -0.171052 0.205499 0.475118 0.838317
1295878917 20.8298 -24.98 31.7245 -0.0528744 0.920216 0.184697 -0.341018
1295878918 20.1395 -25.7036 31.7309 -0.567076 0.0950991 0.524037 0.628304
1295878919 20.8682 -25.468 32.374 -0.568066 0.0965539 0.523145 0.627931
1295878920 21.5954 -24.8469 32.0819 0.276178 -0.80262 -0.157922 0.504566
1295878921 20.6841 -24.9547 31.6847 0.276204 -0.802531 -0.157848 0.504718
1295878922 19.7367 -25.1006 31.3998 0.275469 -0.803041 -0.15858 0.504078
1295878923 20.3224 -24.6554 30.7225 0.276205 -0.80389 -0.158164 0.502449
1295878924 21.0795 -24.8816 31.3353 0.276211 -0.803909 -0.15821 0.502402
1295878925 22.0792 -24.8717 31.313 0.276488 -0.80394 -0.157724 0.502353
1295878926 22.105 -25.8652 31.4239 -0.411978 0.280883 0.359817 0.788613
1295878927 22.2546 -24.9207 31.7163 -0.412228 0.280556 0.359827 0.788594
1295878928 23.008 -24.493 31.2168 -0.414397 0.278077 0.358913 0.788752
1295878929 23.5881 -25.19 30.7952 -0.414325 0.277855 0.359231 0.788723
1295878930 24.3419 -25.677 31.2362 -0.423097 0.280075 0.359329 0.783218
1295878931 24.1966 -26.3921 30.5525 -0.42303 0.280769 0.358746 0.783272
