1295965766 0 0 0 0 0 0 0
1295965767 0 0 0 0 0 0 0
1295965767 0 0 0 0 0 0 0
1295965768 0 0 0 0 0 0 0
1295965768 0 0 0 0 0 0 0
1295965769 0 0 0 0 0 0 0
1295965769 0 0 0 0 0 0 0
1295965770 0 0 0 0 0 0 0
1295965771 0 0 0 0 0 0 0
1295965771 0 0 0 0 0 0 0
1295965771 0 0 0 0 0 0 0
1295965772 0 0 0 0 0 0 0
1295965773 -0.000269189 0.000978501 0 0 0 0.0355977 -0.000608054
1295965773 -0.00135418 -0.00436418 0 0 0 0.247282 -0.0400236
1295965774 0.00210632 -0.00443637 0 0 0 0.170525 -0.0676964
1295965774 0.00726666 -0.00446759 0 0 0 0.245863 -0.176106
1295965775 -0.0139557 0.0411339 0 0 0 0.137738 -0.167268
1295965776 -0.0585238 0.124885 0 0 0 0.0078813 -0.0122135
1295965777 -0.154042 0.245303 0 0 0 0.051116 -0.0905812
1295965777 -0.121746 0.14191 0 0 0 0.0134112 -0.028035
1295965778 -0.12956 0.141938 0 0 0 0.000448075 -0.000976695
1295965778 -0.076881 0.0836282 0 0 0 0.00084004 -0.00183859
1295965779 -0.0800985 0.0858833 0 0 0 0.000839752 -0.00184785
1295965779 -0.156026 0.159999 0 0 0 0.00164873 -0.00365728
1295965780 -0.123411 0.12563 0 0 0 0.000844541 -0.0018887
1295965780 -0.193807 0.171344 0 0 0 0.0313911 -0.0793341
1295965781 -0.140766 0.0983112 0 0 0 0.00706552 -0.0211103
1295965782 -0.387277 0.144908 0 0 0 0.0313685 -0.123948
1295965782 -0.233071 0.0327059 0 0 0 0.000542243 -0.00293968
1295965783 -0.0391399 0.002625 0 0 0 0.000164565 -0.000902032
1295965784 2.46363e-06 -1.43403e-07 0 0 0 -2.11632e-07 1.16304e-06
1295965784 0 0 0 0 0 0 0
1295965785 0 0 0 0 0 0 0
1295965785 0 0 0 0 0 0 0
1295965786 0 0 0 0 0 0 0
1295965786 0 0 0 0 0 0 0
1295965787 0 0 0 0 0 0 0
1295965787 0 0 0 0 0 0 0
1295965788 0 0 0 0 0 0 0
1295965788 6.09435e-07 -3.31711e-08 0 0 0 1.74951e-07 -9.61454e-07
1295965789 0 0 0 0 0 0 0
1295965789 0 0 0 0 0 0 0
1295965790 0 0 0 0 0 0 0
1295965790 0 0 0 0 0 0 0
1295965791 0 0 0 0 0 0 0
1295965792 0 0 0 0 0 0 0
1295965792 -0.0040645 0.000340941 0 0 0 -2.79e-06 1.5332e-05
1295965793 -0.161574 0.0321454 0 0 0 0.000180484 -0.000994631
1295965793 -0.23101 0.0516069 0 0 0 -0.000171142 0.000943289
1295965794 -0.301063 0.0825956 0 0 0 -0.00554213 0.0281622
1295965794 -0.176121 0.0545995 0 0 0 -0.00035325 0.00166132
1295965795 -0.0903734 0.0341073 0 0 0 2.26613e-05 -0.000106161
1295965795 -0.0845107 0.0418688 0 0 0 -0.00864533 0.0370446
1295965796 -0.125313 0.0657882 0 0 0 0.00513706 -0.0212335
1295965796 -0.0687856 0.0337038 0 0 0 0.00324499 -0.0145811
1295965797 -0.126356 0.0605797 0 0 0 -0.00397509 0.0177268
1295965797 -0.0726595 0.0356313 0 0 0 9.98172e-05 -0.000427353
1295965798 -0.106192 0.0552655 0 0 0 -0.00715824 0.0287463
1295965798 -0.0480974 0.0295253 0 0 0 -0.00998083 0.0350915
1295965799 -0.0953698 0.0630148 0 0 0 -0.000552271 0.00180906
1295965799 -0.0791467 0.0529263 0 0 0 0.000226669 -0.000741011
1295965800 -0.14031 0.0769033 0 0 0 0.0259022 -0.104708
1295965800 -0.0842207 0.0338143 0 0 0 0.00241377 -0.0131249
1295965801 -0.234779 0.0837896 0 0 0 0.000572384 -0.003265
1295965801 -0.116627 0.0409006 0 0 0 6.16398e-05 -0.000355446
1295965802 -0.268533 0.0898079 0 0 0 0.000422155 -0.00245515
1295965802 -0.149304 0.0460731 0 0 0 1.53609e-05 -9.00311e-05
1295965803 -0.224137 0.0678335 0 0 0 0.000146506 -0.000861186
1295965803 -0.00132169 0.00039503 0 0 0 3.07288e-05 -0.000181208
1295965804 0.000327167 -9.72483e-05 0 0 0 -1.21144e-06 7.14768e-06
1295965804 0.000100062 -2.97335e-05 0 0 0 -3.26071e-07 1.92382e-06
1295965805 0.000101031 -3.00242e-05 0 0 0 -3.21545e-07 1.8971e-06
1295965805 5.04709e-05 -1.49968e-05 0 0 0 -3.6737e-07 2.16743e-06
1295965806 -0.00870968 -0.00126559 0 0 0 0.000109718 -0.000648614
1295965806 -0.119063 0.00531407 0 0 0 0.000280364 -0.00166933
1295965807 -0.309926 0.0167117 0 0 0 -0.000164128 0.000979345
1295965807 -0.239689 0.0288624 0 0 0 -0.0124841 0.0621468
1295965808 -0.300104 0.112634 0 0 0 -0.0476575 0.149548
1295965808 -0.215353 0.145501 0 0 0 -0.00796731 0.0189842
1295965809 -0.237869 0.193508 0 0 0 -0.000666605 0.00154008
1295965809 -0.180661 0.145739 0 0 0 0.00526931 -0.0123731
1295965810 -0.245946 0.17989 0 0 0 0.00821272 -0.0202704
1295965810 -0.210761 0.146206 0 0 0 0.00660981 -0.0173109
1295965811 -0.230395 0.141447 0 0 0 0.0100078 -0.0282472
1295965811 -0.239448 0.134726 0 0 0 0.00513531 -0.0156386
1295965812 -0.257319 0.123181 0 0 0 0.0100865 -0.0336162
1295965812 -0.257746 0.116963 0 0 0 0.000397169 -0.00141733
1295965813 -0.241382 0.108901 0 0 0 0.000228307 -0.00081839
1295965813 -0.250619 0.110012 0 0 0 0.00177097 -0.00644183
1295965814 -0.248027 0.111924 0 0 0 5.20489e-05 -0.000191906
1295965814 -0.224856 0.100517 0 0 0 -5.04541e-05 0.000186028
1295965815 -0.266764 0.117101 0 0 0 0.0011623 -0.00432211
1295965816 -0.249101 0.107802 0 0 0 0.000199305 -0.000748969
1295965816 -0.248916 0.111485 0 0 0 -0.00546532 0.0197523
1295965817 -0.250905 0.134548 0 0 0 -0.0125936 0.0405109
1295965817 -0.206654 0.151989 0 0 0 -0.0385965 0.097971
1295965818 -0.166818 0.203856 0 0 0 -0.069842 0.127613
1295965818 -0.0934442 0.260238 0 0 0 -0.120153 0.151532
1295965819 0.0667403 0.528577 0 0 0 -0.129733 0.113178
1295965820 0.0765149 0.281365 0 0 0 -0.018941 0.0135088
1295965820 0.0930231 0.235148 0 0 0 -0.0654172 0.0418438
1295965821 0.124279 0.242827 0 0 0 -0.0149038 0.00856565
1295965821 0.127194 0.239513 0 0 0 0.00222331 -0.00125624
1295965822 0.124693 0.237091 0 0 0 0.000626335 -0.000355254
1295965822 0.150427 0.237986 0 0 0 -0.0779434 0.0398407
1295965823 0.163021 0.200064 0 0 0 -0.0136555 0.00611886
1295965823 0.183302 0.210226 0 0 0 -0.000179865 7.89637e-05
1295965824 0.178251 0.199402 0 0 0 0.00304177 -0.00134107
1295965824 0.178933 0.20142 0 0 0 0.00319527 -0.00142178
1295965825 0.187252 0.225886 0 0 0 0.00134858 -0.000604093
1295965825 0.169795 0.211805 0 0 0 0.00106732 -0.000479801
1295965826 0.161957 0.204727 0 0 0 0.00271019 -0.00122509
1295965826 0.171174 0.218478 0 0 0 -0.00215738 0.000975989
1295965827 0.186627 0.21175 0 0 0 -0.0579811 0.0239882
1295965827 0.183137 0.175557 0 0 0 -0.0117964 0.00436781
1295965828 0.228153 0.200173 0 0 0 -0.00174574 0.000632096
1295965828 0.18732 0.156193 0 0 0 -0.00261447 0.000939799
1295965829 0.219971 0.181501 0 0 0 0.00223041 -0.000801231
1295965829 0.193479 0.161796 0 0 0 0.00410894 -0.00149171
1295965830 0.228001 0.19189 0 0 0 -0.00136225 0.000496803
1295965830 0.195027 0.163432 0 0 0 0.000547526 -0.00019941
1295965831 0.214122 0.181089 0 0 0 0.00401219 -0.0014723
1295965831 0.196215 0.168681 0 0 0 0.00301282 -0.00111839
1295965832 0.22238 0.193717 0 0 0 0.00298548 -0.00111912
1295965832 0.195316 0.158932 0 0 0 -0.040829 0.0143781
1295965833 0.23892 0.163262 0 0 0 -0.0265012 0.00828685
1295965833 0.207867 0.136097 0 0 0 0.000150052 -4.46565e-05
1295965834 0.25553 0.154389 0 0 0 -0.0538736 0.0144152
1295965834 0.233593 0.0908426 0 0 0 -0.0992063 0.0183698
1295965835 0.280943 0.0436642 0 0 0 -0.118678 0.00868997
1295965835 0.26442 -0.018826 0 0 0 -0.107617 -0.00434133
1295965836 0.258583 -0.0779638 0 0 0 -0.111778 -0.0169801
1295965836 0.226129 -0.128351 0 0 0 -0.107074 -0.0288036
1295965837 0.217605 -0.196495 0 0 0 -0.0862194 -0.0328881
1295965837 0.162266 -0.172984 0 0 0 -0.00166913 -0.00072839
1295965838 0.211945 -0.228192 0 0 0 0.000731972 0.00031987
1295965838 0.172724 -0.185073 0 0 0 0.00158385 0.000689757
1295965839 0.196852 -0.209726 0 0 0 0.00138283 0.000599555
1295965839 0.172535 -0.182878 0 0 0 0.000720795 0.000311535
1295965840 0.199108 -0.211213 0 0 0 -0.00369063 -0.00160222
1295965841 0.155614 -0.205288 0 0 0 -0.0992765 -0.0500821
1295965841 0.119529 -0.249955 0 0 0 -0.0595797 -0.0371849
1295965842 0.0926554 -0.226765 0 0 0 0.000441408 0.000297355
1295965842 0.117925 -0.286739 0 0 0 0.00320221 0.00214698
1295965843 0.096302 -0.232824 0 0 0 -0.00554477 -0.00372896
1295965843 0.0789375 -0.275593 0 0 0 -0.0883985 -0.0673369
1295965844 0.0100926 -0.244651 0 0 0 -0.0950654 -0.0927403
1295965844 -0.0783349 -0.280282 0 0 0 -0.10568 -0.141025
1295965845 -0.135753 -0.202982 0 0 0 -0.0665017 -0.126732
1295965845 -0.225108 -0.179047 0 0 0 -0.0535977 -0.157272
1295965846 -0.492369 -0.190265 0 0 0 -0.0170798 -0.0830266
1295965847 -0.527716 -0.103312 0 0 0 -0.0128496 -0.158283
1295965848 -0.267905 0.0236982 0 0 -0 0.00411791 -0.0921882
1295965848 -0.36404 0.0375939 0 0 0 -0.00410799 0.085966
1295965849 -0.15722 0.00167642 0 0 0 -1.0201e-05 0.00602006
1295965849 -0.302437 -0.00153573 0 0 0 7.84923e-06 0.00285927
1295965850 -0.254209 -0.00278322 0 0 0 1.41885e-05 0.00259317
1295965850 -0.284923 -0.00446694 0 0 0 1.20966e-05 0.0015985
1295965851 -0.244794 -0.00416929 0 0 0 -2.12067e-06 -0.000257424
1295965851 -0.296853 -0.0120456 0 0 0 0.00128545 0.0432225
1295965852 -0.235604 -0.0347855 0 0 0 0.00272043 0.0384528
1295965852 -0.302906 -0.0559137 0 0 0 0.000262597 0.00286679
1295965853 -0.242819 -0.0461529 0 0 0 0.000195329 0.0020757
1295965853 -0.27149 -0.0535187 0 0 0 0.000477836 0.00489405
1295965854 -0.259391 -0.0547708 0 0 0 0.00105939 0.0100671
1295965854 -0.271593 -0.0761372 0 0 0 0.00531217 0.0405234
1295965855 -0.251904 -0.0854062 0 0 0 0.00516793 0.030773
1295965855 -0.270924 -0.105207 0 0 0 0.00152087 0.0080779
1295965856 -0.226536 -0.0945332 0 0 0 0.00398564 0.0196389
1295965856 -0.259802 -0.128183 0 0 0 0.0136349 0.0559487
1295965857 -0.125852 -0.0824347 0 0 0 0.0133285 0.0444915
1295965857 -0.0497419 -0.0362463 0 0 0 0.00109573 0.00335071
1295965858 -0.0765776 -0.0566063 0 0 0 0.000468032 0.00141916
1295965858 -0.115388 -0.0858874 0 0 0 0.000240707 0.000727106
1295965859 -0.178615 -0.13354 0 0 0 0.000603858 0.00181592
1295965859 -0.239095 -0.180685 0 0 0 0.000795127 0.00237358
1295965860 -0.202392 -0.153408 0 0 0 6.54128e-05 0.000194394
1295965860 -0.222822 -0.160507 0 0 0 -0.00921476 -0.0288089
1295965861 -0.223367 -0.127637 0 0 0 -0.0189032 -0.0718393
1295965861 -0.279962 -0.0948111 0 0 0 -0.0194084 -0.121263
1295965862 -0.525596 0.0311189 0 0 -0 0.0094726 -0.26503
1295965864 -0.443041 0.304747 0 0 0 0.0815588 -0.259102
1295965865 -0.230232 0.473772 0 0 0 0.12823 -0.203698
1295965866 -0.00595557 0.534403 0 0 0 0.138425 -0.13966
1295965866 0.0504384 0.241677 0 0 0 0.0134406 -0.0109291
1295965867 0.0306968 0.296967 0 0 0 -0.102848 0.0946638
1295965867 -0.041248 0.233669 0 0 0 -0.0793941 0.095257
1295965868 -0.0945122 0.274748 0 0 0 -0.0142281 0.0199069
1295965868 -0.0877888 0.236925 0 0 0 -0.000291368 0.000418617
1295965869 -0.101277 0.273058 0 0 0 0.000227692 -0.000327171
1295965869 -0.0715845 0.233799 0 0 0 0.0459203 -0.0608676
1295965870 -0.0137529 0.284614 0 0 0 0.102296 -0.107874
1295965870 0.0243348 0.244494 0 0 0 0.00718861 -0.00646822
1295965871 0.0327664 0.318706 0 0 0 -0.0168412 0.0153546
1295965871 0.0142446 0.227352 0 0 0 0.00581319 -0.00537974
1295965872 0.0734765 0.268494 0 0 0 0.156088 -0.117412
1295965872 0.142459 0.196441 0 0 0 0.150378 -0.0750611
1295965873 0.226436 0.161272 0 0 0 0.125386 -0.0405649
1295965873 0.236476 0.127554 0 0 0 0.00635768 -0.00158064
1295965874 0.255807 0.104621 0 0 0 0.102479 -0.0195194
1295965874 0.254724 0.0532929 0 0 0 0.0563143 -0.00608913
1295965875 0.282657 0.0452434 0 0 0 -0.000399944 3.18969e-05
1295965875 0.252286 0.0387459 0 0 0 0.0141817 -0.00103248
1295965876 0.283969 -0.000709613 0 -0 0 0.141264 0.000724105
1295965876 0.231736 -0.0661143 0 0 0 0.135831 0.0197657
1295965877 0.240152 -0.152768 0 0 0 0.137594 0.0403021
1295965877 0.200988 -0.177443 0 0 0 0.0135228 0.00515064
1295965878 0.207671 -0.190762 0 0 0 -0.000814233 -0.000316485
1295965878 0.188819 -0.175412 0 0 0 -0.00826854 -0.0031677
1295965879 0.232282 -0.169652 0 0 0 -0.0934478 -0.030172
1295965879 0.225253 -0.107407 0 0 0 -0.0840029 -0.0187968
1295965880 0.279871 -0.0796365 0 0 0 -0.0805548 -0.0110577
1295965881 0.531448 -0.0910813 0 0 0 -0.0170432 -0.00148989
1295965881 0.264352 -0.0410878 0 0 0 -0.00426793 -0.000327145
1295965882 0.27386 -0.0550125 0 0 0 0.0684383 0.00747501
1295965883 0.48938 -0.204883 0 0 0 0.0724632 0.0131903
1295965883 0.240405 -0.110605 0 0 0 -0.00117257 -0.000257646
1295965884 0.469316 -0.265667 0 0 0 0.0584243 0.0146579
1295965885 0.245519 -0.150079 0 0 0 -0.0028467 -0.000801522
1295965885 0.215736 -0.131518 0 0 0 0.00155127 0.000435651
1295965886 0.249844 -0.152748 0 0 0 -0.00215726 -0.000605104
1295965886 0.211569 -0.127504 0 0 0 -0.00343709 -0.000953333
1295965887 0.249508 -0.165387 0 0 0 0.0511405 0.0155685
1295965887 0.197749 -0.153698 0 0 0 0.0181434 0.00625191
1295965888 0.226779 -0.183998 0 0 0 0.00160325 0.000571257
1295965888 0.193202 -0.157555 0 0 0 -0.00105396 -0.000375884
1295965889 0.222742 -0.181218 0 0 0 -0.000170893 -6.08221e-05
1295965889 0.190957 -0.154842 0 0 0 -0.00189349 -0.000671572
1295965890 0.22997 -0.184717 0 0 0 -0.00256806 -0.000903993
1295965891 0.204184 -0.168718 0 0 0 0.0289757 0.0106606
1295965891 0.165114 -0.207414 0 0 0 0.154295 0.0752818
1295965892 0.0854924 -0.239626 0 0 0 0.129108 0.0920217
1295965892 0.039598 -0.282759 0 0 0 0.0235011 0.0203696
1295965893 0.0267442 -0.257897 0 0 0 0.0124036 0.0112818
1295965893 -0.0165623 -0.288914 0 0 0 0.0957888 0.10193
1295965894 -0.0769192 -0.242774 0 0 0 0.0645548 0.0886319
1295965895 -0.250534 -0.484315 0 0 0 0.0560634 0.0983719
1295965895 -0.190446 -0.195368 0 0 0 0.0509879 0.122274
1295965896 -0.216007 -0.140406 0 0 0 0.0233172 0.0788038
1295965896 -0.249349 -0.125381 0 0 0 0.00549612 0.0229795
1295965897 -0.231422 -0.11139 0 0 0 -0.000257864 -0.00113431
1295965897 -0.262603 -0.126912 0 0 0 -0.000275977 -0.00120728
1295965898 -0.230312 -0.117922 0 0 0 -0.00781532 -0.0317054
1295965898 -0.240487 -0.157628 0 0 0 -0.0156613 -0.0533003
1295965899 -0.198565 -0.145574 0 0 0 -0.00303452 -0.00920578
1295965899 -0.233063 -0.180814 0 0 0 0.00473347 0.0144952
1295965900 -0.23657 -0.119983 0 0 0 0.0352008 0.149601
1295965900 -0.270515 -0.0443483 0 0 0 0.0118398 0.160149
1295965901 -0.495859 0.150667 0 0 0 -0.0434924 0.285195
1295965902 -0.200328 0.168745 0 0 0 -0.0380302 0.103745
1295965902 -0.188853 0.199585 0 0 0 -0.00245767 0.00565889
1295965903 -0.175437 0.188542 0 0 0 0.000411192 -0.000940163
1295965903 -0.193575 0.217199 0 0 0 -0.0172634 0.0374065
1295965904 -0.127667 0.213183 0 0 0 -0.0623764 0.109906
1295965904 -0.115201 0.274936 0 0 0 -0.00981161 0.0147086
1295965905 -0.122581 0.307916 0 0 0 0.0012468 -0.00183814
1295965905 -0.0757955 0.188429 0 0 0 0.0010827 -0.00160337
1295965906 -0.0980574 0.240042 0 0 0 0.00167374 -0.00249188
1295965906 -0.106598 0.257927 0 0 0 0.000828783 -0.00123991
1295965907 -0.0958762 0.229118 0 0 0 0.00134244 -0.0020169
1295965907 -0.113949 0.268901 0 0 0 0.00124667 -0.00188255
1295965908 -0.103562 0.242573 0 0 0 -0.000159544 0.000241438
1295965908 -0.108084 0.254166 0 0 0 -0.000367321 0.00055529
1295965909 -0.105465 0.249105 0 0 0 -0.00311988 0.00468431
1295965909 -0.0837641 0.271808 0 0 0 -0.0541175 0.0733036
1295965910 -0.0519369 0.248464 0 0 0 -0.00403053 0.00493648
1295965910 -0.0704766 0.289794 0 0 0 0.0262545 -0.033367
1295965911 -0.0673713 0.231775 0 0 0 0.00281786 -0.00376041
1295965911 -0.098094 0.272933 0 0 0 0.0445066 -0.064861
1295965912 -0.117756 0.206459 0 0 0 0.0330825 -0.0565552
1295965912 -0.164489 0.247923 0 0 0 0.00738106 -0.0138829
1295965913 -0.167247 0.185452 0 0 0 0.0520935 -0.117805
1295965913 -0.20862 0.162602 0 0 0 0.00931113 -0.0265031
1295965914 -0.12239 0.278242 0 0 0 -0.0192867 0.052543
1295965914 -0.148289 0.103648 0 0 0 0.0212024 -0.058309
1295965915 -0.107535 -0.0219189 0 0 0 -0.0030414 0.0091006
1295965916 -0.368265 0.27472 0 0 0 -0.00950107 0.0267306
1295965917 -0.191733 0.211269 0 0 0 -0.0710833 0.151245
1295965917 -0.101241 0.220488 0 0 0 -0.0508971 0.0793767
1295965918 -0.117651 0.346979 0 0 0 -0.0171213 0.0233923
1295965918 -0.0319789 0.180346 0 0 0 -0.0671537 0.0799614
1295965919 0.0281383 0.284595 0 0 0 -0.133046 0.119201
1295965919 0.0996083 0.22898 0 0 0 -0.114017 0.0736009
1295965920 0.170428 0.230402 0 0 0 -0.0621461 0.0316035
1295965920 0.171976 0.157771 0 0 0 -0.0973208 0.0392211
1295965921 0.255697 0.138952 0 0 0 -0.106907 0.0301683
1295965921 0.228722 0.106818 0 0 0 -0.00152171 0.000338194
1295965922 0.265348 0.120522 0 0 0 -0.0001251 2.76922e-05
1295965922 0.229774 0.0976166 0 0 0 0.00203265 -0.000452032
1295965923 0.264495 0.120149 0 0 0 0.00159574 -0.000357985
1295965923 0.235991 0.108995 0 0 0 0.00136705 -0.000308861
1295965924 0.264553 0.126618 0 0 0 0.00162674 -0.000370158
1295965924 0.214608 0.104102 0 0 0 0.00162792 -0.000373286
1295965925 0.273151 0.131832 0 0 0 -0.00592887 0.00134575
1295965925 0.232228 0.0854146 0 0 0 -0.0918926 0.0161051
1295965926 0.279809 0.051027 0 0 0 -0.0607275 0.00586771
1295965926 0.24933 0.0333744 0 0 0 6.81044e-05 -4.49109e-06
1295965927 0.295566 0.0275215 0 0 0 -0.0605883 0.00215573
1295965927 0.246301 -0.0213458 0 0 0 -0.103646 -0.00483915
1295965928 0.186718 -0.053775 0 0 0 -0.140028 -0.0239867
1295965928 0.0604514 -0.0358212 0 0 0 -0.0637406 -0.0179056
1295965929 0.160207 -0.112577 0 0 0 -0.00632051 -0.00202662
1295965929 0.128696 -0.0944473 0 0 0 -0.00904742 -0.00298182
1295965930 0.162788 -0.133531 0 0 0 -0.0394479 -0.0141357
1295965930 0.139513 -0.124478 0 0 0 -0.00280924 -0.00107844
1295965931 0.116625 -0.116396 0 0 0 -0.0520454 -0.0217752
1295965931 0.115361 -0.16198 0 0 0 -0.0959309 -0.0497638
1295965932 0.0900441 -0.206416 0 0 0 -0.0880943 -0.0584074
1295965932 0.0384546 -0.191519 0 0 0 -0.0846191 -0.0703215
1295965933 0.00543802 -0.241001 0 0 0 -0.0340435 -0.0331555
1295965933 -0.00142675 -0.274956 0 0 0 0.000499029 0.000509306
1295965934 -0.00226673 -0.256148 0 0 0 0.00172164 0.00175153
1295965934 -0.00241805 -0.275793 0 0 0 0.00261237 0.00264138
1295965935 -7.06772e-05 -0.270322 0 0 0 -0.00206993 -0.0020913
1295965935 -0.0132184 -0.269531 0 0 0 -0.0219656 -0.0229771
1295965936 -0.0225189 -0.275345 0 0 0 -0.00888817 -0.00972606
1295965936 -0.0524607 -0.27332 0 0 0 -0.048036 -0.0574518
1295965937 -0.0665359 -0.260963 0 0 0 6.00415e-05 7.75271e-05
1295965937 -0.0622634 -0.256072 0 0 0 0.00942497 0.0119788
1295965938 -0.0616732 -0.275474 0 0 0 0.00159905 0.00199553
1295965938 -0.0567752 -0.261872 0 0 0 0.00213735 0.00265108
1295965939 -0.0556033 -0.263654 0 0 0 0.00117341 0.00144763
1295965939 -0.0707075 -0.343836 0 0 0 0.00208764 0.00256194
1295965940 -0.0751953 -0.379384 0 0 0 0.00204725 0.00249568
1295965941 -0.0738196 -0.373799 0 0 0 -0.00690164 -0.00847979
1295965941 -0.0943013 -0.364903 0 0 0 -0.0180496 -0.023112
1295965942 -0.100009 -0.361158 0 0 0 0.00116227 0.00153104
1295965942 -0.114537 -0.366578 0 0 0 -0.0304631 -0.0422923
1295965943 -0.16606 -0.339013 0 0 0 -0.0364579 -0.057631
1295965943 -0.179507 -0.321718 0 0 0 0.000779843 0.00132879
1295965944 -0.182163 -0.330614 0 0 0 0.0015404 0.00261103
1295965944 -0.186734 -0.343713 0 0 0 0.00202483 0.00340488
1295965945 -0.181859 -0.336864 0 0 0 0.0012445 0.00207758
1295965945 -0.130228 -0.223133 0 0 0 0.00112742 0.00187233
1295965946 -0.146104 -0.233377 0 0 0 -0.0429856 -0.0790438
1295965946 -0.191813 -0.182749 0 0 0 -0.0569301 -0.144477
1295965947 -0.253259 -0.109158 0 0 0 -0.0349309 -0.159125
1295965947 -0.329808 -0.0404794 0 0 0 -0.00825025 -0.0944702
1295965948 -0.383952 -0.0211457 0 0 0 -0.000421107 -0.0126159
1295965948 -0.390127 0.0481119 0 0 -0 0.00166689 -0.0907823
1295965949 -0.351937 0.0888272 0 0 0 0.00191653 -0.0250567
1295965949 -0.347072 0.150579 0 0 0 2.23813e-05 -0.000250726
1295965950 -0.34233 0.169151 0 0 0 -0.000302661 0.00345322
1295965950 -0.349954 0.132582 0 0 0 0.00992002 -0.0787125
1295965951 -0.262038 0.166691 0 0 0 0.0456854 -0.174872
1295965951 -0.162758 0.214424 0 0 0 0.0765968 -0.164102
1295965952 -0.0998095 0.281591 0 0 0 0.0540742 -0.0830837
1295965952 -0.0992315 0.377417 0 0 0 0.00175062 -0.00241094
1295965953 -0.0888219 0.386813 0 0 0 0.0407399 -0.0522069
1295965953 -0.00414113 0.284832 0 0 0 0.095601 -0.0996124
1295965954 0.0567827 0.246961 0 0 0 0.102458 -0.0814035
1295965954 0.167832 0.291301 0 0 0 0.146767 -0.0842638
1295965955 0.448148 0.453294 0 0 0 0.0470343 -0.0204879
1295965956 0.545729 0.514558 0 0 0 -0.000540231 0.000219195
1295965957 0.57836 0.481024 0 0 0 0.00891731 -0.00357137
1295965958 0.306044 0.244722 0 0 0 -0.00444109 0.00176622
1295965958 0.268758 0.228444 0 0 0 -0.00687867 0.00278437
1295965959 0.279767 0.274242 0 0 0 -0.00171231 0.000702371
1295965959 0.226002 0.186736 0 0 0 0.103542 -0.0360838
1295965960 0.233372 0.113417 0 0 0 0.11833 -0.0264383
1295965961 0.360652 0.0577057 0 -0 0 0.167921 -0.0125943
1295965961 0.430085 -0.10298 0 0 0 0.220154 0.0266678
1295965962 0.255395 -0.137278 0 0 0 0.0278253 0.00698654
1295965962 0.317651 -0.190723 0 0 0 0.0118062 0.00322257
1295965963 0.316838 -0.206365 0 0 0 0.0197305 0.00573467
1295965963 0.302998 -0.215435 0 0 0 -0.00324417 -0.000973181
1295965964 0.285009 -0.261415 0 0 0 -0.000659957 -0.000196508
1295965964 0.282136 -0.246035 0 0 0 -0.00612287 -0.0017996
1295965965 0.273672 -0.256051 0 0 0 -0.00267108 -0.000771792
1295965965 0.239952 -0.219125 0 0 0 -0.0279216 -0.00759018
1295965966 0.235137 -0.148374 0 0 0 -0.145002 -0.0259721
1295965967 0.285715 -0.0855179 0 0 -0 -0.119419 -0.00522332
1295965967 0.358085 -0.0544633 0 0 0 -0.0174816 0.000434234
1295965968 0.355409 -0.0122164 0 0 0 -0.101161 0.00855428
1295965968 0.26024 0.0739295 0 0 0 -0.142966 0.0302138
1295965969 0.297127 0.147743 0 0 0 -0.0162834 0.00485731
1295965969 0.341629 0.148103 0 0 0 0.0447576 -0.0126348
1295965970 0.350699 0.137718 0 0 0 -0.00211976 0.000547985
1295965970 0.329904 0.125138 0 0 0 -0.00783963 0.00206976
1295965971 0.241934 0.146309 0 0 0 -0.135951 0.0472048
1295965971 0.158398 0.216558 0 0 0 -0.176529 0.098135
1295965972 0.0621312 0.24827 0 0 0 -0.141333 0.11932
1295965972 -0.0226531 0.286711 0 0 0 -0.0761806 0.0870018
1295965973 -0.0755241 0.375854 0 0 0 -0.0097097 0.0126843
1295965973 -0.066229 0.369393 0 0 0 -0.00482286 0.00645972
1295965974 -0.0803841 0.354851 0 0 0 -0.0321901 0.0461394
1295965974 -0.0950162 0.331748 0 0 0 -0.00783116 0.0121157
1295965975 -0.108997 0.339362 0 0 0 -0.00313255 0.004956
1295965975 -0.113364 0.360444 0 0 0 -0.00204643 0.00327276
1295965976 -0.0947346 0.366005 0 0 0 -0.00558903 0.00908442
1295965976 -0.134336 0.36835 0 0 0 -0.019375 0.0333004
1295965977 -0.153726 0.356544 0 0 0 -0.00442237 0.00803585
1295965977 -0.148297 0.346101 0 0 0 -0.00231369 0.00427492
1295965978 -0.140612 0.333319 0 0 0 0.00836902 -0.0152345
1295965978 -0.0921129 0.349117 0 0 0 0.0801407 -0.121314
1295965979 -0.00484696 0.282637 0 0 0 0.0279297 -0.0346232
1295965979 0.0120824 0.282474 0 0 0 -0.00323116 0.00384763
1295965980 -0.00592735 0.260332 0 0 0 -0.00328179 0.00394847
1295965980 -0.0239124 0.279429 0 0 0 -0.00686978 0.00840105
1295965981 -0.0483893 0.226959 0 0 0 -0.00232105 0.00288093
1295965981 -0.0110172 0.0497599 0 0 0 -0.000469071 0.000584879
1295965982 -1.65621e-05 7.33787e-05 0 0 0 -1.02618e-05 1.28053e-05
1295965982 -3.91902e-07 1.76658e-06 0 0 0 4.00062e-07 -4.99232e-07
1295965983 0 0 0 0 0 0 0
1295965983 0 0 0 0 0 0 0
1295965984 0 0 0 0 0 0 0
1295965984 -0.000117293 -0.000238932 0 0 0 0.0180076 -0.021831
1295965985 -0.000773942 0.0117213 0 0 0 -0.00284178 0.0033625
1295965985 -0.0171316 0.126216 0 0 0 0.0260438 -0.0297402
1295965986 -0.00146715 0.148394 0 0 0 0.0493863 -0.0504927
1295965986 0.00802651 0.148353 0 0 0 0.00429901 -0.00407124
1295965987 0.0135351 0.114478 0 0 0 0.0432275 -0.0383994
1295965987 0.0143811 0.0630792 0 0 0 0.0431475 -0.0341753
1295965988 0.0298565 0.102727 0 0 0 0.00619975 -0.00460149
1295965988 0.0431659 0.139888 0 0 0 -0.000999152 0.000736569
1295965989 0.0390668 0.141473 0 0 0 -0.0210978 0.0160093
1295965989 0.0310991 0.141811 0 0 0 -0.0262851 0.0212233
1295965990 0.0147856 0.139482 0 0 0 -0.0688708 0.0632548
1295965990 -0.00303496 0.0838415 0 0 0 -0.0270154 0.0283369
1295965991 -0.0149194 0.171367 0 0 0 -0.00216247 0.00236664
1295965992 -0.0107948 0.115837 0 0 0 -0.000481723 0.000529286
1295965992 -0.0140687 0.147807 0 0 0 -0.000988326 0.0010883
1295965993 -0.00759899 0.161496 0 0 0 0.0517882 -0.053022
1295965993 0.0122966 0.127531 0 0 0 0.0743616 -0.0640469
1295965994 0.0282696 0.127082 0 0 0 0.00102687 -0.000799054
1295965995 0.0834402 0.340492 0 0 0 0.000213496 -0.000165861
1295965995 0.0414423 0.172092 0 0 0 0.000398966 -0.000309702
1295965996 0.0382639 0.171817 0 0 0 -0.0011787 0.000915913
1295965996 0.0331992 0.179126 0 0 0 -0.0022139 0.00172796
1295965997 0.0227809 0.0978825 0 0 0 -0.0005881 0.000460702
1295965997 0.016072 0.0643825 0 0 0 0.00116176 -0.000909411
1295965998 0.0206256 0.0606822 0 0 0 0.0580776 -0.0421265
1295965998 0.0371138 0.0920612 0 0 0 0.00606835 -0.00404562
1295965999 0.0656189 0.155847 0 0 0 -0.00227559 0.00150959
1295965999 0.0644769 0.154733 0 0 0 -0.00224172 0.0014959
1295966000 0.0830108 0.204288 0 0 0 -0.00532338 0.00358746
1295966000 0.0814749 0.207395 0 0 0 -0.00250861 0.00170786
1295966001 0.0766652 0.181321 0 0 0 0.0198489 -0.0132131
1295966001 0.0808474 0.161861 0 0 0 0.0445219 -0.0272534
1295966002 0.0889059 0.153073 0 0 0 0.00825944 -0.0047119
1295966002 0.109497 0.147151 0 0 0 0.092971 -0.0462634
1295966003 0.114099 0.108667 0 0 0 0.068728 -0.0268851
1295966003 0.13906 0.0252193 0 0 0 0.0922109 -0.0273032
1295966004 0.152281 -0.0744836 0 0 0 -0.0544988 0.0149674
1295966004 0.114556 0.0510266 0 0 0 -0.0340103 0.0110511
1295966005 0.195531 0.159475 0 0 0 -0.00722867 0.00252361
1295966005 0.163752 0.195967 0 0 0 -0.133468 0.0584261
1295966006 0.0241535 0.0202628 0 0 0 -0.139974 0.0894605
1295966006 -0.0469125 -0.206728 0 0 0 -0.00527007 0.0040495
1295966007 -0.0156337 -0.0603777 0 0 0 0.000987655 -0.000763158
1295966008 3.28527e-06 1.25404e-05 0 0 0 6.51094e-07 -5.02449e-07
1295966008 1.55299e-07 5.95288e-07 0 0 0 6.45643e-07 -4.98242e-07
1295966009 0 0 0 0 0 0 0
1295966009 0 0 0 0 0 0 0
1295966010 0 0 0 0 0 0 0
1295966010 7.8287e-07 2.98508e-06 0 0 0 -6.43927e-07 4.96917e-07
1295966011 0 0 0 0 0 0 0
1295966011 0 0 0 0 0 0 0
1295966012 0 0 0 0 0 0 0
1295966012 0 0 0 0 0 0 0
1295966013 0 0 0 0 0 0 0
1295966013 0 0 0 0 0 0 0
