1295965766 -0.873861 0.0461666 0.483979 1.18575e-05 -0.000208302 -4.32416e-05 1
1295965767 -1.45092 0.62358 -0.0935984 1.18575e-05 -0.000208302 -4.32416e-05 1
1295965767 -2.42922 0.556858 -0.289748 3.72437e-05 -0.000651423 -1.39822e-05 1
1295965768 -1.64454 0.353501 -0.87534 5.87949e-05 -0.000722156 3.68219e-05 1
1295965768 -2.19737 0.489485 -0.0532175 0.000120074 -0.000734417 -4.47267e-06 1
1295965769 -2.12036 -0.499098 0.0762901 0.00244026 -0.000467656 0.000164038 0.999997
1295965769 -2.22526 -0.474956 -0.917899 0.00274195 -0.000734197 -0.00119776 0.999995
1295965770 -1.94059 -0.600813 -1.86823 0.00272519 -0.000828001 -0.00114978 0.999995
1295965770 -1.04782 -0.430353 -1.45122 0.00218074 0.00318436 -0.00149539 0.999991
1295965771 -0.853764 -0.310197 -0.477618 0.00215561 0.00320222 -0.00149482 0.999991
1295965772 -0.0390734 -0.0363789 0.03356 0.00228607 0.00346432 -0.000916096 0.999991
1295965772 0.293894 0.0384592 0.973524 0.00226937 0.00343475 -0.000813995 0.999991
1295965773 -0.356318 0.153622 1.7245 -0.657976 0.118757 0.743613 0.00178492
1295965773 0.614419 0.385884 1.78553 -0.639787 0.117376 0.759536 0.000469556
1295965774 -0.197346 0.56921 2.34 -0.530146 0.213961 0.818544 -0.0561378
1295965774 -1.02748 0.856838 2.81765 -0.37854 0.205742 0.898442 -0.084727
1295965775 -1.31766 0.495235 1.93163 -0.536095 0.183672 0.819916 -0.0812617
1295965776 -1.15097 0.400388 0.95019 -0.630306 0.255326 0.733158 0.00145828
1295965777 -0.178919 0.16633 0.931671 -0.624276 0.255707 0.738169 -0.00044001
1295965777 -0.0197677 0.633114 1.8016 -0.52682 0.25904 0.80844 -0.0422452
1295965778 0.898726 0.315309 1.5663 -0.494047 0.257837 0.828835 -0.0496911
1295965778 1.76089 -0.00469425 1.17352 -0.492246 0.258834 0.82957 -0.0501278
1295965779 2.56887 -0.380448 0.71968 -0.489796 0.25887 0.830904 -0.0518181
1295965779 3.42881 -0.742774 0.360193 -0.484716 0.258219 0.833996 -0.05315
1295965780 4.25617 -1.10354 -0.070302 -0.476722 0.257662 0.838632 -0.0551535
1295965780 5.05472 -1.45209 -0.56104 -0.477147 0.258222 0.838033 -0.0579046
1295965781 5.85676 -1.7129 -1.09836 -0.411293 0.255218 0.870823 -0.0858468
1295965782 6.63276 -2.04213 -1.63635 -0.387098 0.253681 0.881565 -0.0929741
1295965782 7.12481 -1.40464 -1.04348 -0.284321 0.209999 0.92898 -0.109807
1295965783 7.47231 -1.84758 -1.86995 -0.28198 0.205315 0.931113 -0.106589
1295965784 8.02142 -1.91669 -2.70284 -0.276642 0.2062 0.932581 -0.106032
1295965784 8.49125 -2.00082 -3.58157 -0.277269 0.206202 0.932363 -0.106313
1295965785 8.3658 -1.56609 -2.6898 -0.277293 0.206197 0.932382 -0.10609
1295965785 7.97971 -1.10985 -1.88806 -0.277307 0.2064 0.932344 -0.105998
1295965786 7.40302 -0.71756 -1.17145 -0.278227 0.205918 0.932191 -0.105867
1295965786 7.90888 -1.12817 -1.93007 -0.278297 0.205999 0.932154 -0.105852
1295965787 8.80048 -1.23431 -2.37028 -0.278866 0.205552 0.931914 -0.107325
1295965787 7.96098 -1.40863 -1.85564 -0.278833 0.205611 0.931909 -0.10734
1295965788 7.00914 -1.71261 -1.89566 -0.279711 0.205448 0.931727 -0.10695
1295965788 6.90125 -1.15032 -1.07579 0.264678 -0.220768 0.232268 0.909538
1295965789 6.64936 -0.749332 -1.95656 0.264678 -0.220788 0.232199 0.90955
1295965789 7.02022 -0.0398275 -2.55578 0.264705 -0.220609 0.232176 0.909592
1295965790 6.24661 -0.662595 -2.6728 0.264482 -0.219684 0.231414 0.910074
1295965790 5.8368 -1.20405 -1.93872 0.264477 -0.219703 0.231428 0.910068
1295965791 5.05267 -1.78374 -1.71711 0.264385 -0.219782 0.231324 0.910102
1295965792 4.41326 -2.53526 -1.55472 0.263944 -0.220301 0.231018 0.910182
1295965792 4.13682 -2.26082 -2.47573 0.264006 -0.220425 0.230898 0.910164
1295965792 3.38108 -2.70738 -1.99673 0.263683 -0.220449 0.230768 0.910285
1295965793 3.82037 -2.06488 -2.6246 0.259939 -0.217047 0.232009 0.911863
1295965794 4.21127 -1.46989 -3.32687 0.260768 -0.216575 0.232242 0.911679
1295965794 4.57124 -0.924083 -4.08352 0.255288 -0.237648 0.23593 0.907022
1295965795 4.88732 -0.320921 -4.81584 0.256406 -0.236151 0.234131 0.907563
1295965795 5.14884 0.169817 -5.64697 0.252816 -0.231782 0.233809 0.909777
1295965796 5.39521 0.708312 -6.45278 0.247735 -0.258726 0.243228 0.901404
1295965796 5.62509 1.19751 -7.29411 0.252494 -0.237411 0.235724 0.907919
1295965797 5.98903 1.66156 -8.1017 0.259527 -0.220066 0.227834 0.912309
1295965797 6.24773 2.2122 -8.89535 0.256431 -0.231389 0.232169 0.909286
1295965798 6.51474 2.73774 -9.70313 0.257018 -0.227906 0.230809 0.910345
1295965798 6.68057 3.24246 -10.5503 0.255169 -0.244525 0.234642 0.90556
1295965799 6.70412 3.72714 -11.4247 0.245399 -0.275992 0.244517 0.89656
1295965799 7.12416 4.34202 -12.0922 0.246867 -0.275251 0.244985 0.896257
1295965800 7.34188 4.98597 -12.8256 0.248611 -0.272582 0.242844 0.897172
1295965800 6.7102 4.27592 -12.5145 0.272187 -0.180963 0.21859 0.919448
1295965801 6.70978 4.74326 -13.3985 0.273305 -0.163511 0.212717 0.923753
1295965801 6.85167 5.3078 -14.2116 0.277455 -0.1583 0.211417 0.923722
1295965802 7.05301 5.85891 -15.0214 0.278873 -0.157337 0.210679 0.923628
1295965802 7.22364 6.4251 -15.8278 0.277159 -0.151371 0.207931 0.925762
1295965803 7.37224 6.94398 -16.6697 0.278303 -0.148067 0.208064 0.925923
1295965803 7.46709 7.5065 -17.491 0.286494 -0.144009 0.204812 0.924789
1295965804 8.00562 6.99712 -18.1622 0.1814 0.978914 0.0280064 0.0896476
1295965804 8.02046 7.48627 -19.0343 0.180656 0.979034 0.0279885 0.0898447
1295965805 8.30945 7.34413 -19.981 0.180689 0.979034 0.0278906 0.089807
1295965805 7.71834 7.75927 -19.2894 0.180713 0.979043 0.0278513 0.0896734
1295965806 7.55672 7.89362 -18.3118 0.180819 0.979021 0.0278337 0.0897046
1295965806 7.18186 7.26099 -17.6341 0.181216 0.978901 0.0283293 0.0900595
1295965807 6.87677 7.21887 -16.6827 0.181319 0.979563 0.0174794 0.0852832
1295965807 6.51915 7.27156 -15.7503 0.182214 0.979779 0.0196648 0.0802761
1295965808 6.14262 7.29129 -14.8241 0.178969 0.975148 0.031172 0.126822
1295965808 5.35812 7.41277 -14.216 0.164378 0.94355 0.0564072 0.281978
1295965809 4.68844 7.40444 -13.4734 0.162498 0.938487 0.060553 0.298613
1295965809 3.97683 7.53636 -12.7833 0.163406 0.938849 0.0608578 0.296913
1295965810 3.37439 7.46788 -11.9881 0.166233 0.942998 0.0571545 0.282586
1295965810 2.78923 7.46486 -11.1772 0.169035 0.950513 0.0521989 0.255397
1295965811 2.17154 7.58199 -10.3995 0.171272 0.953895 0.0520786 0.240909
1295965811 1.63937 7.58092 -9.5529 0.174811 0.961975 0.0468172 0.204581
1295965812 1.23229 7.57772 -8.63952 0.177349 0.964715 0.0441555 0.189532
1295965812 0.78067 7.54015 -7.7481 0.179093 0.972853 0.0345448 0.142441
1295965813 0.404323 7.54065 -6.82162 0.181192 0.9738 0.0329168 0.133418
1295965813 0.00663527 7.53561 -5.90412 0.182176 0.973956 0.0336863 0.130714
1295965814 -0.367823 7.50797 -4.97728 0.181406 0.975624 0.0277181 0.120336
1295965814 -0.61332 7.41403 -4.01245 0.183245 0.976161 0.024348 0.11375
1295965815 -0.919832 7.3816 -3.06113 0.184101 0.976715 0.0239411 0.107521
1295965816 -1.21133 7.38664 -2.10458 0.183356 0.977943 0.0229643 0.0973653
1295965816 -1.59192 7.3859 -1.17983 0.180631 0.978525 0.0220439 0.09683
1295965817 -1.85646 7.365 -0.215683 0.181232 0.977246 0.0221613 0.107955
1295965817 -2.22967 7.4013 0.711353 0.177939 0.97318 0.0317339 0.142308
1295965818 -2.69792 7.45707 1.59319 0.172343 0.954538 0.0499598 0.238034
1295965818 -3.44213 7.6996 2.21555 0.168469 0.904884 0.0865759 0.381192
1295965819 -2.64798 8.01189 1.6942 0.147646 0.833831 0.0883048 0.524528
1295965820 -3.26876 7.80933 2.45157 0.156175 0.829077 0.078502 0.531111
1295965820 -4.15046 7.76005 2.9208 0.155674 0.829285 0.07749 0.531081
1295965821 -5.08975 7.82093 3.25845 0.151254 0.788951 0.087756 0.589048
1295965821 -5.95797 7.94201 3.73964 0.152618 0.782387 0.0907717 0.596941
1295965822 -6.91626 7.8446 4.00832 0.15269 0.789898 0.0859941 0.587666
1295965822 -7.90214 7.76884 4.15766 0.149369 0.79295 0.0828002 0.584861
1295965823 -8.85904 7.54999 3.96676 0.128455 0.741387 0.0827041 0.653455
1295965823 -9.84598 7.5536 4.12785 0.127669 0.7338 0.0816347 0.662249
1295965824 -10.845 7.59765 4.1297 0.129327 0.737269 0.0793938 0.658335
1295965824 -11.8373 7.64214 4.24571 0.129813 0.744557 0.0805169 0.649847
1295965825 -12.8251 7.62958 4.40068 0.132038 0.750953 0.0798606 0.642073
1295965825 -13.8099 7.65557 4.57233 0.131818 0.755443 0.0761582 0.637283
1295965826 -14.8068 7.68839 4.64456 0.131191 0.758127 0.0753119 0.634319
1295965826 -15.7923 7.66087 4.81188 0.132428 0.765308 0.0708531 0.625896
1295965827 -16.7866 7.71467 4.90354 0.131701 0.768343 0.0711453 0.622288
1295965827 -17.2661 7.60376 5.77406 0.127488 0.752497 0.0836931 0.640695
1295965828 -17.8549 7.6084 6.58228 0.131625 0.758789 0.0876791 0.631843
1295965828 -18.8341 7.5932 6.78487 0.13141 0.761894 0.0860311 0.62837
1295965829 -19.3255 7.4727 7.6474 0.135028 0.77757 0.0840874 0.608344
1295965829 -20.2929 7.44089 7.89883 0.13403 0.783055 0.0833472 0.601593
1295965830 -21.2472 7.45423 8.19746 0.136166 0.78967 0.0798663 0.592875
1295965830 -22.2058 7.44656 8.48198 0.138075 0.790516 0.0778914 0.591568
1295965831 -23.1647 7.43582 8.76567 0.137904 0.792037 0.0767276 0.589722
1295965831 -24.1288 7.43337 9.03095 0.139592 0.797309 0.0722018 0.582752
1295965832 -25.0789 7.44551 9.3428 0.138437 0.802818 0.071117 0.575553
1295965832 -26.0215 7.43865 9.67656 0.140459 0.811129 0.0657943 0.563926
1295965833 -26.7639 6.99157 10.1755 0.130296 0.800149 0.0621219 0.582173
1295965833 -27.6512 7.0086 10.6364 0.130408 0.789549 0.0652086 0.596116
1295965834 -28.4915 7.13609 11.1634 0.134679 0.796547 0.0717615 0.584999
1295965834 -29.3432 7.11917 11.6871 0.130559 0.780283 0.077616 0.606704
1295965835 -30.2622 7.14008 12.0808 0.123375 0.7298 0.0921506 0.666093
1295965835 -31.2589 7.18124 12.1511 0.108029 0.657397 0.111101 0.737438
1295965836 -32.2499 7.22342 12.0241 0.0983082 0.588584 0.122514 0.793029
1295965836 -33.2195 7.1766 11.7838 0.0829666 0.504655 0.135011 0.848653
1295965837 -33.1098 8.07728 11.3634 0.109033 0.37745 0.163312 0.904971
1295965837 -34.0096 7.89717 10.966 0.0918724 0.307701 0.177344 0.930284
1295965838 -34.6259 7.90117 10.1784 0.0918726 0.311898 0.179744 0.928424
1295965838 -35.2643 7.90273 9.40879 0.0931421 0.317121 0.181172 0.926248
1295965839 -35.9646 7.95332 8.69667 0.0943625 0.324009 0.17998 0.92397
1295965839 -36.9231 8.12603 8.47004 0.106611 0.339006 0.182163 0.916802
1295965840 -37.6129 8.1043 7.74631 0.107376 0.346021 0.18443 0.913633
1295965841 -38.2309 8.18402 6.96424 0.108405 0.350085 0.183896 0.912069
1295965841 -38.857 8.28455 6.19102 0.0886858 0.267976 0.196322 0.939032
1295965842 -39.3393 8.36487 5.31868 0.0762167 0.201612 0.203356 0.955086
1295965842 -39.7429 8.39969 4.40439 0.0771697 0.208733 0.202295 0.953704
1295965843 -40.1052 8.48618 3.47638 0.0821712 0.219049 0.199432 0.951574
1295965843 -40.5282 8.53176 2.5714 0.0825077 0.223905 0.198361 0.950638
1295965844 -40.8632 8.66011 1.63796 0.0638549 0.12835 0.208322 0.967497
1295965844 -40.9889 8.83703 0.66179 0.0392541 0.00368618 0.214931 0.975833
1295965845 -41.3603 8.31389 1.42887 0.00999505 0.712521 0.256513 0.653005
1295965845 -42.3007 7.97455 1.40942 -0.0276425 0.623851 0.263384 0.735306
1295965846 -42.2565 8.34373 0.481115 -0.0725047 0.419892 0.242668 0.87152
1295965847 -42.3253 8.43122 -0.512675 -0.0987832 0.31528 0.231185 0.915092
1295965848 -42.318 8.44355 -1.51257 -0.13402 0.160677 0.216421 0.953616
1295965848 -42.5202 8.11987 -2.43689 -0.150563 0.0820381 0.209596 0.962637
1295965849 -42.9565 7.68948 -3.22709 -0.133625 0.148934 0.215678 0.955744
1295965849 -43.5115 7.3375 -3.98084 -0.12677 0.18101 0.217753 0.950657
1295965850 -43.7993 7.00803 -4.88006 -0.126372 0.186721 0.218126 0.949519
1295965850 -44.0492 6.67015 -5.78748 -0.124297 0.192861 0.219162 0.948326
1295965851 -44.3063 6.29405 -6.67766 -0.123451 0.198049 0.22075 0.946998
1295965851 -44.6815 5.98649 -7.55211 -0.121683 0.20064 0.220223 0.946805
1295965852 -45.0435 5.69996 -8.43914 -0.112028 0.240344 0.223786 0.937872
1295965852 -45.4435 5.39508 -9.30347 -0.100166 0.283467 0.228361 0.925994
1295965853 -45.9212 5.07605 -10.122 -0.0986648 0.289087 0.230076 0.923991
1295965853 -46.3253 4.76744 -10.9831 -0.098142 0.292388 0.230349 0.922939
1295965854 -46.7091 4.63816 -11.8974 -0.0935396 0.298609 0.230278 0.921442
1295965854 -47.2247 4.2691 -12.6707 -0.0904932 0.310296 0.232038 0.917434
1295965855 -47.7719 3.92031 -13.4316 -0.0808102 0.352682 0.233354 0.902569
1295965855 -48.3831 3.56453 -14.1386 -0.070911 0.384502 0.235145 0.889852
1295965856 -49.0156 3.3094 -14.8699 -0.0669086 0.395744 0.233278 0.885715
1295965856 -49.6827 3.0931 -15.5827 -0.0597101 0.413219 0.235267 0.877687
1295965857 -50.4231 2.67405 -16.1084 -0.045966 0.461977 0.236536 0.853531
1295965857 -51.3222 2.31018 -16.3517 -0.0260585 0.50573 0.242005 0.827642
1295965858 -52.1656 1.83455 -16.6017 -0.0328198 0.513501 0.235848 0.824388
1295965858 -52.8425 1.46641 -17.2391 -0.033137 0.514811 0.234578 0.82392
1295965859 -53.6879 1.1054 -17.6327 -0.0329667 0.518321 0.23336 0.82207
1295965859 -54.5509 0.799205 -18.0346 -0.0298169 0.522815 0.234044 0.819145
1295965860 -55.4154 0.444593 -18.3907 -0.0262939 0.531723 0.231464 0.81425
1295965860 -56.2675 0.175759 -18.8399 -0.0235177 0.534193 0.231805 0.81262
1295965861 -57.111 -0.110438 -19.2943 -0.0291886 0.517628 0.232127 0.822998
1295965861 -57.952 -0.472908 -19.696 -0.0467426 0.4697 0.231422 0.850671
1295965862 -57.1464 -0.340542 -19.1185 -0.0633521 0.377597 0.236074 0.893127
1295965863 -56.2201 0.0246451 -19.2114 -0.126763 -0.285 0.0534147 0.948606
1295965865 -57.0044 -0.424181 -19.6397 -0.131573 -0.157962 0.204859 0.956958
1295965866 -56.0944 -0.4732 -20.0512 -0.199336 -0.402301 0.177905 0.875654
1295965866 -55.1904 -0.446872 -20.4779 -0.219297 -0.559636 0.133084 0.788039
1295965867 -54.2216 -0.612943 -20.6621 -0.221839 -0.573738 0.128735 0.777843
1295965867 -53.2244 -0.638153 -20.7327 -0.200723 -0.591836 0.103484 0.773777
1295965868 -53.5926 -1.30419 -21.3814 -0.179406 -0.516651 0.115514 0.829182
1295965868 -52.6888 -1.71147 -21.5127 -0.180253 -0.49281 0.126338 0.841835
1295965869 -51.7857 -1.90029 -21.8985 -0.182247 -0.49104 0.126979 0.842343
1295965869 -50.961 -2.16136 -22.4002 -0.182811 -0.483281 0.129144 0.846369
1295965870 -50.115 -2.40731 -22.8732 -0.185455 -0.529956 0.12213 0.818436
1295965870 -49.2156 -2.63085 -23.2488 -0.200111 -0.633545 0.103757 0.740142
1295965871 -48.2471 -2.82635 -23.4032 -0.198829 -0.63621 0.101196 0.738554
1295965871 -47.2755 -3.04787 -23.487 -0.198096 -0.62716 0.105714 0.745824
1295965872 -46.3031 -3.23534 -23.6255 -0.196621 -0.614383 0.107518 0.756514
1295965872 -45.349 -3.21727 -23.9245 -0.1806 -0.602935 0.155138 0.761436
1295965873 -44.4443 -2.99746 -23.5595 -0.211239 -0.73956 0.11249 0.629106
1295965873 -43.5552 -3.25116 -23.1786 -0.238317 -0.811198 0.0908805 0.526217
1295965874 -42.7318 -3.58456 -22.7194 -0.254491 -0.804577 0.0937859 0.528294
1295965874 -41.8331 -3.96045 -22.9453 -0.270694 -0.794024 0.069751 0.539802
1295965875 -40.9204 -4.30016 -22.7181 -0.278483 -0.816188 0.0600602 0.50267
1295965875 -40.2946 -4.45618 -21.9539 -0.282309 -0.812974 0.0622103 0.505475
1295965876 -39.4281 -4.64773 -21.493 -0.280451 -0.813594 0.0622996 0.5055
1295965876 -38.6127 -4.82204 -20.9409 0.287456 0.867221 -0.0299201 -0.405464
1295965877 -37.7683 -4.91238 -20.4128 0.294883 0.905751 0.00972113 -0.304246
1295965877 -37.2968 -5.11405 -19.5543 0.295105 0.935544 0.0439358 -0.189053
1295965878 -36.9764 -5.29753 -18.625 0.29326 0.938005 0.0482705 -0.17837
1295965878 -36.606 -5.53244 -17.7263 0.29371 0.936594 0.0453917 -0.185648
1295965879 -36.2085 -5.6979 -16.8237 0.294575 0.934423 0.0444401 -0.195202
1295965879 -35.7235 -5.97124 -15.993 0.300632 0.909211 0.0175879 -0.287481
1295965880 -35.1278 -6.24932 -15.2395 0.304024 0.877472 -0.00811149 -0.370872
1295965881 -34.8362 -5.95485 -14.3295 0.306406 0.847909 -0.0221617 -0.43206
1295965881 -34.0507 -6.14597 -13.7408 0.30706 0.833509 -0.0311074 -0.458268
1295965882 -33.2558 -6.43216 -13.2059 0.306513 0.828659 -0.0357329 -0.467008
1295965883 -32.4319 -6.64566 -12.6808 0.305981 0.851112 -0.0193064 -0.426159
1295965883 -32.0578 -6.35139 -11.8013 0.310858 0.8851 0.0241129 -0.34552
1295965884 -31.4511 -6.61305 -11.0507 0.311913 0.883043 0.0234259 -0.349852
1295965885 -30.842 -6.88552 -10.3059 0.306192 0.899191 0.0374217 -0.310325
1295965885 -30.3656 -7.16343 -9.47175 0.309816 0.895807 0.0327847 -0.31697
1295965886 -29.7938 -7.39455 -8.6846 0.308511 0.89575 0.0332713 -0.318348
1295965886 -29.2392 -7.68985 -7.90664 0.310752 0.892963 0.0308028 -0.324193
1295965887 -28.6514 -7.9421 -7.13793 0.309303 0.890243 0.028863 -0.333115
1295965887 -28.1175 -8.20596 -6.33465 0.30493 0.904694 0.0403986 -0.294814
1295965888 -27.609 -8.47617 -5.51704 0.307933 0.906149 0.0420381 -0.286887
1295965888 -27.0875 -8.76349 -4.71363 0.309409 0.90347 0.0402624 -0.293917
1295965889 -26.5871 -9.03461 -3.89137 0.309254 0.901718 0.0389338 -0.299586
1295965889 -26.1169 -9.3003 -3.04976 0.307252 0.901137 0.0399488 -0.303237
1295965890 -25.4335 -9.73333 -2.46202 0.308892 0.89515 0.0333924 -0.319652
1295965890 -24.9263 -9.78186 -1.60156 0.307232 0.894223 0.0386504 -0.323234
1295965891 -24.6588 -9.9354 -0.650321 0.305789 0.903428 0.0453474 -0.297076
1295965892 -24.4002 -10.1399 0.293767 0.267208 0.950128 0.0915885 -0.132169
1295965892 -24.9118 -9.53713 0.906016 0.239682 0.946875 0.189222 0.100876
1295965893 -25.0981 -9.89444 1.82124 0.232108 0.944939 0.196845 0.120287
1295965893 -25.399 -10.121 2.74761 0.235554 0.943652 0.196897 0.123558
1295965894 -25.96 -9.37348 2.39199 0.179141 0.924653 0.245061 0.229937
1295965895 -26.3003 -9.73751 3.25898 0.140557 0.903946 0.265696 0.30419
1295965895 -27.0627 -9.93276 3.8759 0.120986 0.870655 0.280432 0.38559
1295965896 -27.6981 -9.56844 3.19507 -0.0248034 0.703064 0.300601 0.643991
1295965896 -28.3559 -9.40377 2.46005 -0.0499033 0.631732 0.296966 0.714308
1295965897 -29.2196 -9.85685 2.23942 -0.0546628 0.618505 0.297479 0.725237
1295965897 -30.0779 -10.2667 1.93068 -0.0525632 0.622702 0.2972 0.721908
1295965898 -30.9006 -10.8228 1.81205 -0.051278 0.630581 0.295949 0.715648
1295965898 -31.7233 -11.3883 1.75458 -0.0400056 0.654747 0.296365 0.694171
1295965899 -32.2862 -12.2071 1.64213 -0.0271837 0.701611 0.294916 0.648096
1295965899 -33.1591 -12.6945 1.66457 -0.0207068 0.710809 0.295862 0.637799
1295965900 -34.0373 -13.1724 1.64569 -0.0194095 0.711861 0.295339 0.636908
1295965900 -34.971 -13.4103 1.37807 -0.0618612 0.61574 0.294757 0.728118
1295965901 -34.3693 -12.8351 0.823867 -0.0964118 0.552004 0.303615 0.770593
1295965902 -34.1122 -12.1998 0.0956424 -0.161106 0.263101 0.263904 0.91388
1295965902 -33.5834 -11.922 -0.706339 -0.201633 0.0916205 0.235974 0.946185
1295965903 -33.6382 -12.3892 -1.5888 -0.201725 0.0904448 0.235472 0.946404
1295965903 -33.7611 -12.8621 -2.46128 -0.200231 0.097567 0.235504 0.946005
1295965904 -33.8401 -13.2541 -3.37787 -0.204695 0.072049 0.233012 0.947953
1295965904 -33.9673 -13.6471 -4.28857 -0.229146 -0.038266 0.209889 0.949723
1295965905 -33.815 -14.0154 -5.20572 -0.230571 -0.0513705 0.206424 0.949519
1295965905 -33.7785 -14.6152 -6.00499 -0.230665 -0.0451074 0.207455 0.94959
1295965906 -33.5857 -15.0679 -6.87557 -0.229121 -0.0346155 0.210689 0.949692
1295965906 -33.3144 -15.377 -7.78709 -0.227832 -0.0293586 0.211501 0.949999
1295965907 -33.2869 -15.8862 -8.64732 -0.227282 -0.0179698 0.212155 0.950268
1295965907 -33.2596 -16.3134 -9.55106 -0.222863 -0.0108579 0.21562 0.950643
1295965908 -33.1753 -16.7849 -10.4289 -0.220896 -0.00243429 0.215918 0.951093
1295965908 -33.059 -17.1841 -11.3383 -0.219603 0.00121861 0.218034 0.950912
1295965909 -32.9984 -17.6811 -12.204 -0.21829 0.0056026 0.21817 0.951168
1295965909 -32.8731 -18.1498 -13.0784 -0.218191 0.00779443 0.219945 0.950766
1295965910 -32.7407 -18.5955 -13.9637 -0.234236 -0.0681153 0.206215 0.947612
1295965910 -32.4781 -19.032 -14.8243 -0.235584 -0.0682194 0.206376 0.947236
1295965911 -32.1988 -19.4253 -15.7002 -0.225974 -0.0296395 0.216449 0.949319
1295965911 -32.0993 -19.8906 -16.5798 -0.226346 -0.0192246 0.216492 0.949489
1295965912 -32.1131 -20.4282 -17.4228 -0.208587 0.0521042 0.230477 0.949029
1295965912 -32.3241 -20.928 -18.2629 -0.18941 0.124715 0.24432 0.942803
1295965913 -32.7778 -21.4031 -19.0168 -0.181519 0.145508 0.247076 0.940655
1295965913 -33.2717 -20.5371 -19.0959 -0.142511 0.123521 0.255438 0.948253
1295965914 -33.4963 -20.9989 -19.9539 -0.132694 0.162749 0.262273 0.941869
1295965914 -32.926 -20.4976 -19.3033 -0.148862 0.107934 0.251851 0.950138
1295965915 -33.7489 -20.8803 -19.7231 -0.110639 0.179283 0.259522 0.942478
1295965916 -33.5155 -21.0665 -18.7688 -0.122629 0.201059 0.261155 0.936128
1295965917 -33.8369 -21.5164 -19.602 -0.130374 0.187136 0.258553 0.938687
1295965917 -34.6124 -21.8675 -19.0774 -0.0312055 0.463472 0.309535 0.829704
1295965918 -35.5167 -22.2944 -19.089 -0.0478638 0.40891 0.318823 0.853729
1295965918 -36.1691 -22.7537 -19.6918 -0.0475244 0.413441 0.317984 0.851877
1295965919 -36.3185 -22.8226 -20.6782 -0.10081 0.289495 0.312262 0.899179
1295965919 -36.7087 -23.4143 -19.9727 -0.105153 0.386629 0.39516 0.826626
1295965920 -37.2681 -23.9997 -20.5596 -0.150329 0.290892 0.37966 0.865241
1295965920 -37.6608 -24.4847 -21.341 -0.174867 0.234172 0.372598 0.88077
1295965921 -37.9174 -25.0189 -22.1464 -0.207933 0.154072 0.356636 0.897684
1295965921 -38.0707 -25.5737 -22.9642 -0.240464 0.0695691 0.336115 0.907945
1295965922 -38.0269 -26.0683 -23.8322 -0.239447 0.0728106 0.335803 0.908075
1295965922 -37.945 -26.5404 -24.7099 -0.23872 0.0772011 0.337636 0.907224
1295965923 -37.8989 -27.1373 -25.5109 -0.236812 0.0837579 0.339609 0.906405
1295965923 -37.8661 -27.5726 -26.4106 -0.232751 0.0916496 0.340176 0.906481
1295965924 -37.8843 -28.0882 -27.2672 -0.230844 0.0980014 0.343031 0.905227
1295965924 -37.8712 -28.5636 -28.1469 -0.230139 0.10383 0.34513 0.903958
1295965925 -37.9634 -29.1226 -28.9709 -0.226231 0.109714 0.34726 0.903434
1295965925 -38.0341 -29.681 -29.7975 -0.224815 0.115106 0.348232 0.902742
1295965926 -38.0445 -30.1213 -30.6953 -0.250915 0.044858 0.328839 0.909337
1295965926 -37.8783 -30.6421 -31.5326 -0.270443 -0.00749119 0.315079 0.909687
1295965927 -37.7158 -31.2198 -32.3325 -0.268981 -0.00315135 0.314909 0.910204
1295965927 -37.5172 -31.7599 -33.1504 -0.283001 -0.0407894 0.301908 0.90945
1295965928 -37.1671 -32.221 -33.9657 -0.312364 -0.127449 0.275538 0.900147
1295965928 -36.7947 -33.1478 -34.0153 -0.381579 -0.206913 0.247441 0.866232
1295965929 -36.9619 -33.9325 -34.6121 -0.389042 -0.23103 0.230327 0.861522
1295965929 -36.4772 -34.5857 -35.1938 -0.387991 -0.229088 0.228097 0.863107
1295965930 -35.7861 -35.1041 -35.6974 -0.394903 -0.237308 0.226914 0.858048
1295965930 -35.2758 -35.8112 -36.1869 -0.406776 -0.256918 0.212323 0.850556
1295965931 -34.5951 -36.333 -36.7011 -0.403593 -0.26084 0.213825 0.850503
1295965931 -33.9819 -36.9916 -37.1372 -0.416675 -0.298546 0.198803 0.835302
1295965932 -33.3319 -37.7507 -37.1007 -0.457575 -0.371207 0.169668 0.789964
1295965932 -32.5465 -38.186 -37.5409 -0.442186 -0.457911 0.142861 0.757878
1295965933 -31.7668 -38.8013 -37.6564 -0.455922 -0.52487 0.101746 0.711544
1295965933 -31.9597 -39.6628 -38.1261 -0.457966 -0.531317 0.104346 0.70504
1295965934 -31.1377 -40.2302 -38.1743 -0.458481 -0.527096 0.107851 0.707342
1295965934 -30.4117 -40.868 -38.4316 -0.455998 -0.517647 0.113235 0.715042
1295965935 -29.6016 -41.4377 -38.5696 -0.454204 -0.508489 0.11973 0.721667
1295965935 -28.7388 -41.9427 -38.5933 -0.455971 -0.504893 0.119433 0.723125
1295965936 -27.8624 -42.4236 -38.6178 -0.460029 -0.525823 0.104874 0.707732
1295965936 -27.0657 -43.0257 -38.6707 -0.458687 -0.527097 0.1056 0.707548
1295965937 -26.1993 -43.5228 -38.6229 -0.46463 -0.575708 0.0748625 0.668636
1295965937 -25.3921 -44.1105 -38.567 -0.461978 -0.569928 0.0778187 0.675058
1295965938 -24.5484 -44.6389 -38.6609 -0.462101 -0.551959 0.0814461 0.689326
1295965938 -23.7099 -45.1835 -38.6394 -0.463893 -0.546713 0.0829624 0.692116
1295965939 -22.8718 -45.7046 -38.4786 -0.465143 -0.541236 0.08691 0.695092
1295965939 -22.0291 -46.2417 -38.4401 -0.463652 -0.53662 0.0893607 0.699342
1295965940 -21.3472 -46.9482 -38.2508 -0.46669 -0.529764 0.100533 0.70103
1295965940 -20.9185 -47.5648 -38.9111 -0.454382 -0.509096 0.109028 0.722822
1295965941 -20.0961 -48.129 -38.9834 -0.45498 -0.509115 0.108442 0.72252
1295965942 -19.2693 -48.6869 -39.0567 -0.452573 -0.527073 0.0987281 0.712478
1295965942 -18.463 -49.2776 -39.087 -0.45501 -0.519438 0.102784 0.715951
1295965943 -17.58 -49.7464 -39.1088 -0.458434 -0.547197 0.0851113 0.695104
1295965943 -16.7585 -50.3161 -39.1318 -0.460298 -0.586159 0.0602992 0.664008
1295965944 -15.9611 -50.9166 -39.0719 -0.458864 -0.575989 0.0665527 0.673239
1295965944 -15.1385 -51.4779 -38.9811 -0.45786 -0.56923 0.0713891 0.679151
1295965945 -14.4035 -51.5844 -38.3114 -0.466843 -0.589066 0.0653143 0.656349
1295965945 -13.5605 -52.0991 -38.1549 -0.463196 -0.586102 0.065927 0.661504
1295965946 -12.8478 -52.7872 -38.2908 -0.46139 -0.572082 0.0759622 0.673847
1295965946 -11.8848 -52.6944 -38.0378 -0.452317 -0.646325 0.0176523 0.614298
1295965947 -11.1172 -53.2881 -37.7964 -0.449695 -0.722812 -0.039654 0.523207
1295965947 -10.3754 -53.7195 -37.2829 0.437214 0.791769 0.103377 -0.413834
1295965948 -10.0659 -53.1172 -36.5471 0.400231 0.841724 0.195014 -0.305426
1295965948 -9.71183 -53.6743 -35.7959 0.400521 0.842461 0.194494 -0.30334
1295965949 -9.34373 -54.2591 -35.0731 0.383764 0.862383 0.223857 -0.242711
1295965949 -9.03726 -54.8784 -34.3502 0.378373 0.868066 0.231173 -0.223279
1295965950 -8.78717 -55.5203 -33.6253 0.381886 0.865885 0.227213 -0.22974
1295965950 -8.40589 -56.2242 -33.0261 0.384436 0.863324 0.223946 -0.238179
1295965951 -8.16268 -56.8335 -32.2713 0.372616 0.874536 0.240677 -0.196009
1295965951 -7.93013 -57.2882 -31.4116 0.32874 0.892207 0.304727 -0.055124
1295965952 -8.6381 -56.6099 -31.2148 0.229987 0.852315 0.409451 0.230248
1295965952 -9.00699 -55.7796 -31.6325 0.209591 0.859255 0.408971 0.224713
1295965953 -9.5205 -56.4962 -31.1605 0.215787 0.861435 0.404051 0.219337
1295965953 -10.0339 -57.1713 -30.6308 0.200188 0.853936 0.408893 0.252043
1295965954 -10.585 -57.8036 -30.0863 0.144233 0.817907 0.434217 0.348827
1295965954 -11.5727 -57.7076 -30.2101 0.0745922 0.754216 0.452737 0.469706
1295965955 -12.4273 -57.516 -30.6927 -0.000255194 0.667633 0.460026 0.585357
1295965956 -13.2839 -57.5962 -31.2024 -0.0460161 0.605263 0.462926 0.64594
1295965957 -14.0661 -58.1765 -31.4292 -0.0325961 0.617013 0.46415 0.634663
1295965958 -14.822 -58.8076 -31.6035 -0.0287311 0.618641 0.466152 0.631791
1295965958 -15.5738 -59.4477 -31.7613 -0.023352 0.624479 0.467052 0.625575
1295965959 -16.3155 -60.0955 -31.9353 -0.018337 0.634818 0.464674 0.617047
1295965959 -17.1024 -60.6817 -32.1282 -0.0109371 0.638649 0.468528 0.610319
1295965960 -17.9223 -60.7639 -32.6949 -0.0599361 0.565183 0.467384 0.677147
1295965960 -18.5789 -61.4156 -33.0744 -0.112495 0.490347 0.456891 0.733591
1295965961 -19.262 -62.0465 -33.4424 -0.158925 0.411304 0.447255 0.778161
1295965962 -18.9419 -61.2794 -32.8864 -0.260828 0.244525 0.394489 0.846496
1295965962 -18.5873 -61.8033 -33.6609 -0.282757 0.216915 0.378172 0.85439
1295965963 -18.6877 -62.4647 -34.4042 -0.282675 0.2147 0.376739 0.855609
1295965963 -19.078 -63.1873 -34.9747 -0.27791 0.209437 0.375353 0.859077
1295965964 -19.1876 -63.8229 -35.7389 -0.274984 0.216075 0.377337 0.857504
1295965964 -19.3802 -64.4506 -36.4932 -0.27438 0.215922 0.376762 0.857988
1295965965 -19.6661 -65.1737 -37.1219 -0.265983 0.230248 0.380937 0.855059
1295965965 -20.0782 -65.9955 -37.5156 -0.256027 0.255641 0.386599 0.848315
1295965966 -20.4296 -66.7386 -38.085 -0.241042 0.279701 0.394331 0.841528
1295965967 -20.287 -66.4951 -37.1256 -0.195085 0.381108 0.422509 0.798865
1295965967 -20.7101 -67.2264 -36.5906 -0.123886 0.519729 0.443554 0.71958
1295965968 -21.2897 -68.0036 -36.8356 -0.11804 0.534849 0.445461 0.708215
1295965968 -21.9977 -68.6983 -36.9621 -0.0707985 0.593708 0.456813 0.65865
1295965969 -21.9059 -69.2448 -36.1297 0.010382 0.698143 0.462816 0.546159
1295965969 -22.5355 -70.0102 -35.9967 0.0224788 0.716223 0.460369 0.524004
1295965970 -23.2808 -70.6744 -35.938 0.00603496 0.695781 0.461048 0.550716
1295965970 -23.9238 -71.4337 -35.838 0.00939665 0.705169 0.458481 0.540781
1295965971 -24.7141 -72.0463 -35.8258 0.0161539 0.703838 0.464273 0.537402
1295965971 -24.8567 -73.0288 -35.9458 0.0675827 0.779475 0.448752 0.431825
1295965972 -25.8222 -73.1968 -36.1448 0.137619 0.816926 0.411602 0.379838
1295965972 -26.2222 -72.4611 -36.6913 0.114228 0.829211 0.406072 0.366698
1295965973 -26.7507 -73.222 -36.3149 0.161949 0.868172 0.38919 0.26188
1295965973 -27.2473 -73.9017 -35.7752 0.170247 0.873094 0.386869 0.243014
1295965974 -27.7205 -74.5628 -35.1929 0.173766 0.876753 0.384109 0.23145
1295965974 -28.0378 -75.1936 -34.4847 0.199541 0.887892 0.371638 0.183622
1295965975 -28.3174 -75.887 -33.8206 0.210649 0.889691 0.369327 0.166358
1295965975 -28.6631 -76.5311 -33.1383 0.213469 0.890842 0.370074 0.15452
1295965976 -28.8922 -77.2243 -32.455 0.21753 0.893959 0.365249 0.141814
1295965976 -29.1233 -77.917 -31.7717 0.221375 0.896341 0.36127 0.130578
1295965977 -29.3078 -78.6571 -31.125 0.2389 0.900146 0.35206 0.093367
1295965977 -29.5211 -79.3076 -30.3961 0.243696 0.901883 0.347526 0.0802866
1295965978 -29.6678 -79.9734 -29.6646 0.248448 0.902478 0.344491 0.0716438
1295965978 -29.8133 -80.6199 -28.9156 0.248909 0.900449 0.348388 0.0765548
1295965979 -29.466 -81.1832 -28.1659 0.196566 0.903579 0.379104 0.0344524
1295965979 -29.609 -81.6481 -27.2921 0.179815 0.895017 0.4 0.0813036
1295965980 -29.8445 -82.3077 -26.5784 0.176053 0.893618 0.404921 0.0805654
1295965980 -30.0178 -83.041 -25.921 0.179291 0.89431 0.403967 0.0698152
1295965981 -30.1732 -83.786 -25.2722 0.182129 0.894656 0.403756 0.058313
1295965981 -30.3842 -84.4185 -24.527 0.186664 0.890679 0.411513 0.0500392
1295965982 -30.4026 -84.8707 -23.6352 0.186314 0.888331 0.417203 0.0457951
1295965982 -30.6793 -85.6011 -23.0108 0.186474 0.888524 0.416737 0.0456336
1295965983 -30.9389 -85.1047 -23.8392 0.187022 0.888276 0.416778 0.047804
1295965983 -31.8591 -84.8826 -23.5166 0.185893 0.88825 0.417242 0.0486279
1295965984 -32.5938 -84.2277 -23.6932 0.186261 0.888317 0.41698 0.0482527
1295965984 -33.2381 -84.9912 -23.7365 0.341151 -0.287929 0.366552 0.816304
1295965985 -33.3357 -84.5044 -24.6046 0.33163 -0.308934 0.375526 0.808432
1295965985 -33.5194 -85.4798 -24.4827 0.327977 -0.298346 0.374771 0.814228
1295965986 -33.2857 -84.7332 -25.1055 0.32073 -0.322441 0.384981 0.80309
1295965986 -32.8292 -84.0431 -25.6671 0.29173 -0.376712 0.411147 0.777135
1295965987 -32.3756 -83.33 -26.2016 0.290661 -0.376731 0.41189 0.777133
1295965987 -31.9695 -82.693 -26.8569 0.271335 -0.413367 0.424591 0.758438
1295965988 -31.4231 -82.0851 -27.433 0.2481 -0.451068 0.438242 0.736836
1295965988 -30.8418 -81.4295 -27.915 0.244009 -0.453516 0.440651 0.735261
1295965989 -30.2951 -80.7151 -28.3517 0.244285 -0.449575 0.441987 0.736787
1295965989 -29.9121 -80.0045 -28.942 0.256276 -0.428665 0.433971 0.749826
1295965990 -29.589 -79.2076 -29.4525 0.27117 -0.404087 0.424118 0.763743
1295965990 -29.2604 -78.5378 -30.1183 0.305263 -0.337952 0.397045 0.796843
1295965991 -29.3973 -79.2543 -29.4343 0.32108 -0.3034 0.38197 0.81176
1295965991 -29.0636 -78.4973 -29.996 0.32363 -0.300007 0.381487 0.812236
1295965992 -28.8298 -77.7759 -30.6479 0.32537 -0.295734 0.380261 0.813681
1295965993 -28.6231 -77.051 -31.305 0.328191 -0.290732 0.378221 0.8153
1295965993 -28.3004 -76.355 -31.9464 0.305933 -0.337044 0.396688 0.797148
1295965994 -28.6449 -76.898 -31.1806 0.265028 -0.399133 0.422234 0.769527
1295965995 -28.2601 -76.1725 -31.7512 0.265259 -0.393962 0.422192 0.772131
1295965995 -27.8886 -75.428 -32.3059 0.271688 -0.388586 0.41807 0.774858
1295965996 -27.4252 -74.7237 -32.8437 0.27301 -0.384715 0.417822 0.776456
1295965996 -27.0233 -73.9796 -33.3775 0.274479 -0.383892 0.416038 0.777303
1295965997 -26.6131 -73.2253 -33.89 0.276944 -0.381581 0.414128 0.778586
1295965997 -26.3183 -72.3895 -34.3531 0.276067 -0.380394 0.413723 0.779693
1295965998 -25.8879 -71.6568 -34.8803 0.278286 -0.380811 0.412617 0.779286
1295965998 -25.5977 -71.084 -35.6469 0.252358 -0.424915 0.429397 0.755898
1295965999 -24.8629 -70.4453 -35.8752 0.241959 -0.429586 0.436188 0.752763
1295965999 -24.4213 -69.7656 -36.4609 0.245499 -0.426784 0.434417 0.754234
1295966000 -23.9509 -69.0384 -36.9608 0.24738 -0.4219 0.43337 0.756964
1295966000 -23.5358 -68.3563 -37.5628 0.253836 -0.412128 0.428823 0.762777
1295966001 -23.0595 -67.6574 -38.0963 0.257664 -0.403067 0.426151 0.767816
1295966001 -22.5342 -66.996 -38.6317 0.245516 -0.419799 0.432752 0.759089
1295966002 -22.0704 -66.3548 -39.243 0.225755 -0.4536 0.443757 0.739163
1295966002 -21.527 -65.7665 -39.8419 0.224781 -0.451111 0.444586 0.740484
1295966003 -20.9198 -65.1829 -40.3811 0.183807 -0.506793 0.463155 0.703465
1295966003 -20.2514 -64.5131 -40.7044 0.151119 -0.550676 0.475931 0.668886
1295966004 -19.5989 -63.9557 -41.2178 0.108931 -0.611213 0.490526 0.611504
1295966004 -19.0361 -64.0823 -42.0347 0.128336 -0.579493 0.484453 0.642668
1295966005 -18.4178 -63.5715 -42.6319 0.145152 -0.549268 0.47763 0.670153
1295966005 -17.8262 -62.8036 -42.8777 0.150081 -0.545775 0.477048 0.672332
1295966006 -17.1004 -62.4973 -43.4936 0.213117 -0.447232 0.454752 0.740111
1295966006 -16.5039 -62.0598 -44.1665 0.603122 0.361994 0.606157 -0.371185
1295966007 -16.0107 -61.1916 -44.2207 0.60808 0.364475 0.603653 -0.364691
1295966008 -15.6449 -60.261 -44.2344 0.608721 0.370865 0.602716 -0.358681
1295966008 -15.9222 -60.2654 -43.2736 0.4297 0.586605 -0.552102 0.407966
1295966009 -16.9177 -60.2635 -43.1786 0.429917 0.587764 -0.551172 0.407325
1295966009 -17.695 -60.251 -43.8075 0.634797 0.239888 0.734174 -0.0218097
1295966010 -17.8285 -59.28 -43.6089 0.689146 0.166444 -0.641391 0.293244
1295966010 -18.4603 -60.0128 -43.8616 0.689251 0.16646 -0.641251 0.293294
1295966011 -17.7429 -59.3532 -43.6374 0.689222 0.166396 -0.641279 0.293339
1295966011 -17.0896 -58.6608 -43.3313 0.688624 0.166109 -0.641996 0.293338
1295966012 -17.7061 -59.3254 -43.7533 0.688791 0.165952 -0.641901 0.293241
1295966012 -16.8245 -59.013 -44.107 0.6893 0.166534 -0.641242 0.293156
1295966013 -17.5154 -59.7332 -44.0442 0.689122 0.16627 -0.641612 0.292914
1295966013 -18.2028 -60.4536 -44.1365 0.689324 0.166141 -0.64143 0.292912
