1295965766 0 0 0 0 0 0 0
1295965767 0 0 0 0 0 0 0
1295965767 0 0 0 0 0 0 0
1295965768 0 0 0 0 0 0 0
1295965768 0 0 0 0 0 0 0
1295965769 0 0 0 0 0 0 0
1295965769 0 0 0 0 0 0 0
1295965770 0 0 0 0 0 0 0
1295965771 0 0 0 0 0 0 0
1295965771 0 0 0 0 0 0 0
1295965772 0 0 0 0 0 0 0
1295965772 0 0 0 0 0 0 0
1295965773 -0.000269189 0.000978501 0 0 0 0.0355977 -0.000608054
1295965773 -0.00135418 -0.00436418 0 0 0 0.247282 -0.0400236
1295965774 0.00222639 -0.00454756 0 0 0 0.174968 -0.0699657
1295965774 0.0088798 -0.00475517 0 0 0 0.288255 -0.222762
1295965775 -0.0156889 0.0415327 0 0 0 0.0909035 -0.118342
1295965775 -0.00304518 0.00670587 0 0 0 0.000184143 -0.000280964
1295965777 -0.213274 0.368209 0 0 0 0.0604531 -0.105825
1295965777 -0.117993 0.137183 0 0 0 0.0117711 -0.0247239
1295965778 -0.12956 0.141938 0 0 0 0.000448075 -0.000976695
1295965778 -0.076881 0.0836282 0 0 0 0.00084004 -0.00183859
1295965779 -0.078037 0.0837154 0 0 0 0.000814795 -0.00179279
1295965779 -0.158088 0.162166 0 0 0 0.00167369 -0.00371234
1295965780 -0.123411 0.12563 0 0 0 0.000844541 -0.0018887
1295965780 -0.193807 0.171344 0 0 0 0.0313911 -0.0793341
1295965781 -0.140766 0.0983112 0 0 0 0.00706552 -0.0211103
1295965782 -0.383103 0.144028 0 0 0 0.0313461 -0.123828
1295965782 -0.237245 0.0335857 0 0 0 0.000564646 -0.00306008
1295965783 -0.0391399 0.002625 0 0 0 0.000164565 -0.000902032
1295965784 2.46363e-06 -1.43403e-07 0 0 0 -2.11632e-07 1.16304e-06
1295965784 0 0 0 0 0 0 0
1295965785 0 0 0 0 0 0 0
1295965785 0 0 0 0 0 0 0
1295965786 0 0 0 0 0 0 0
1295965786 0 0 0 0 0 0 0
1295965787 0 0 0 0 0 0 0
1295965787 0 0 0 0 0 0 0
1295965788 0 0 0 0 0 0 0
1295965788 6.09435e-07 -3.31711e-08 0 0 0 1.74951e-07 -9.61454e-07
1295965789 0 0 0 0 0 0 0
1295965789 0 0 0 0 0 0 0
1295965790 0 0 0 0 0 0 0
1295965790 0 0 0 0 0 0 0
1295965791 0 0 0 0 0 0 0
1295965792 0 0 0 0 0 0 0
1295965792 -0.00251138 0.000190181 0 0 0 -4.01778e-05 0.00022066
1295965793 -0.163127 0.0322962 0 0 0 0.000217872 -0.00119996
1295965793 -0.23101 0.0516069 0 0 0 -0.000171142 0.000943289
1295965794 -0.301063 0.0825956 0 0 0 -0.00554213 0.0281622
1295965795 -0.266494 0.0887068 0 0 0 -0.000330588 0.00155516
1295965796 -0.209824 0.107657 0 0 0 -0.00350827 0.0158111
1295965797 -0.199175 0.0962613 0 0 0 -0.00071972 0.00310123
1295965797 -0.0686259 0.0336535 0 0 0 8.94314e-05 -0.000382927
1295965798 -0.109292 0.0569593 0 0 0 -0.00827333 0.0329208
1295965798 -0.0449972 0.0278315 0 0 0 -0.00886575 0.030917
1295965799 -0.0953698 0.0630148 0 0 0 -0.000552271 0.00180906
1295965799 -0.0791467 0.0529263 0 0 0 0.000226669 -0.000741011
1295965800 -0.14031 0.0769033 0 0 0 0.0259022 -0.104708
1295965800 -0.0810434 0.0326254 0 0 0 0.00239601 -0.0130246
1295965801 -0.321176 0.114097 0 0 0 0.000644083 -0.0036763
1295965802 -0.30194 0.10159 0 0 0 0.000429858 -0.00249961
1295965802 -0.149304 0.0460731 0 0 0 1.53609e-05 -9.00311e-05
1295965803 -0.224137 0.0678335 0 0 0 0.000146506 -0.000861186
1295965803 -0.00131221 0.000392211 0 0 0 2.99559e-05 -0.000176648
1295965804 0.000309932 -9.21238e-05 0 0 0 -3.27707e-07 1.9335e-06
1295965804 0.000107822 -3.20392e-05 0 0 0 -4.36893e-07 2.57768e-06
1295965805 0.000101031 -3.00242e-05 0 0 0 -3.21545e-07 1.8971e-06
1295965805 5.04709e-05 -1.49968e-05 0 0 0 -3.6737e-07 2.16743e-06
1295965806 -0.00727169 -0.00123429 0 0 0 6.37495e-05 -0.000376547
1295965806 -0.120501 0.00528277 0 0 0 0.000326333 -0.0019414
1295965807 -0.316017 0.0171119 0 0 0 -0.000175252 0.0010455
1295965807 -0.239439 0.0296886 0 0 0 -0.0131803 0.0650812
1295965808 -0.288948 0.108567 0 0 0 -0.0463457 0.145061
1295965808 -0.216021 0.144631 0 0 0 -0.00851692 0.0203435
1295965809 -0.427818 0.346528 0 0 0 0.00493765 -0.01164
1295965810 -0.227975 0.166816 0 0 0 0.00783146 -0.0193582
1295965810 -0.224091 0.155711 0 0 0 0.0066012 -0.017289
1295965811 -0.240169 0.14714 0 0 0 0.0101918 -0.0287928
1295965811 -0.224828 0.126518 0 0 0 0.00454058 -0.0138095
1295965812 -0.262164 0.125696 0 0 0 0.0104972 -0.0348997
1295965812 -0.247989 0.112558 0 0 0 0.000406071 -0.00144919
1295965813 -0.240886 0.108736 0 0 0 0.000126286 -0.000452412
1295965813 -0.260871 0.114581 0 0 0 0.00186409 -0.00677595
1295965814 -0.248027 0.111924 0 0 0 5.20489e-05 -0.000191906
1295965814 -0.235298 0.105169 0 0 0 -5.42379e-05 0.000199974
1295965815 -0.256322 0.112449 0 0 0 0.00116609 -0.00433606
1295965816 -0.249101 0.107802 0 0 0 0.000199305 -0.000748969
1295965816 -0.248916 0.111485 0 0 0 -0.00546532 0.0197523
1295965817 -0.240757 0.128534 0 0 0 -0.0119279 0.0385125
1295965817 -0.216803 0.158003 0 0 0 -0.0392622 0.0999694
1295965818 -0.172019 0.212859 0 0 0 -0.073502 0.133237
1295965818 -0.0890669 0.256832 0 0 0 -0.119329 0.148837
1295965819 0.0675643 0.522981 0 0 0 -0.126897 0.110249
1295965820 0.0978613 0.345009 0 0 0 -0.0357201 0.0249326
1295965820 0.0716767 0.171504 0 0 0 -0.0486382 0.03042
1295965821 0.124279 0.242827 0 0 0 -0.0149038 0.00856565
1295965821 0.127194 0.239513 0 0 0 0.00222331 -0.00125624
1295965822 0.124693 0.237091 0 0 0 0.000626335 -0.000355254
1295965822 0.143683 0.229023 0 0 0 -0.0751949 0.0385793
1295965823 0.169766 0.209027 0 0 0 -0.0164041 0.00738028
1295965823 0.183302 0.210226 0 0 0 -0.000179865 7.89637e-05
1295965824 0.178251 0.199402 0 0 0 0.00304177 -0.00134107
1295965824 0.178933 0.20142 0 0 0 0.00319527 -0.00142178
1295965825 0.187252 0.225886 0 0 0 0.00134858 -0.000604093
1295965825 0.1665 0.207686 0 0 0 0.00102903 -0.00046256
1295965826 0.165253 0.208847 0 0 0 0.00274848 -0.00124233
1295965826 0.171174 0.218478 0 0 0 -0.00215738 0.000975989
1295965827 0.186627 0.21175 0 0 0 -0.0579811 0.0239882
1295965827 0.187094 0.179141 0 0 0 -0.0118169 0.00437526
1295965828 0.224197 0.196588 0 0 0 -0.00172523 0.000624649
1295965828 0.191818 0.159912 0 0 0 -0.00264199 0.000949648
1295965829 0.219938 0.181486 0 0 0 0.00234352 -0.000841945
1295965829 0.189015 0.158092 0 0 0 0.00402335 -0.00146084
1295965830 0.232072 0.195304 0 0 0 -0.00135052 0.000492536
1295965830 0.182373 0.152814 0 0 0 0.00041747 -0.000152017
1295965831 0.222706 0.188294 0 0 0 0.00413052 -0.00151542
1295965831 0.187049 0.160755 0 0 0 0.00293535 -0.00108949
1295965832 0.256549 0.223357 0 0 0 0.00159086 -0.000594842
1295965833 0.409232 0.300479 0 0 0 -0.0658582 0.0221118
1295965833 0.207867 0.136097 0 0 0 0.000150052 -4.46565e-05
1295965834 0.25553 0.154389 0 0 0 -0.0538736 0.0144152
1295965834 0.222895 0.0878104 0 0 0 -0.0946536 0.0177517
1295965835 0.297435 0.0468939 0 0 0 -0.125593 0.00933723
1295965836 0.527442 -0.101456 0 0 0 -0.22167 -0.0223376
1295965837 0.294491 -0.186256 0 0 0 -0.143596 -0.0423804
1295965837 0.255065 -0.257413 0 0 0 -0.0469714 -0.0191589
1295965838 0.292544 -0.314821 0 0 0 0.00123471 0.000539552
1295965839 0.339297 -0.362225 0 0 0 0.00274783 0.00119366
1295965839 0.168426 -0.178517 0 0 0 0.000679358 0.000293607
1295965840 0.199108 -0.211213 0 0 0 -0.00369063 -0.00160222
1295965840 0.149798 -0.195509 0 0 0 -0.0938489 -0.0469765
1295965841 0.125344 -0.259735 0 0 0 -0.0650073 -0.0402905
1295965842 0.0966526 -0.23657 0 0 0 0.000540192 0.000363855
1295965842 0.111665 -0.271487 0 0 0 0.00304463 0.00204122
1295965843 0.0985648 -0.23827 0 0 0 -0.00548598 -0.0036897
1295965843 0.0759946 -0.258896 0 0 0 -0.0825861 -0.0624138
1295965844 0.0124547 -0.267083 0 0 0 -0.103223 -0.100287
1295965844 -0.077754 -0.274547 0 0 0 -0.103334 -0.138402
1295965845 -0.36086 -0.382029 0 0 0 -0.120099 -0.284003
1295965846 -0.301245 -0.124536 0 0 0 -0.0164908 -0.0794296
1295965847 -0.419794 -0.131399 0 0 0 -0.00721994 -0.0520383
1295965847 -0.299046 -0.037642 0 0 0 -0.00621869 -0.109842
1295965848 -0.262594 0.0228509 0 0 -0 0.00406598 -0.0916161
1295965848 -0.375115 0.03859 0 0 0 -0.00405811 0.0858511
1295965849 -0.151457 0.00152772 0 0 0 -8.15465e-06 0.00556288
1295965849 -0.302437 -0.00153573 0 0 0 7.84923e-06 0.00285927
1295965850 -0.254209 -0.00278322 0 0 0 1.41885e-05 0.00259317
1295965850 -0.284923 -0.00446694 0 0 0 1.20966e-05 0.0015985
1295965851 -0.244794 -0.00416929 0 0 0 -2.12067e-06 -0.000257424
1295965851 -0.296853 -0.0120456 0 0 0 0.00128545 0.0432225
1295965852 -0.235604 -0.0347855 0 0 0 0.00272043 0.0384528
1295965852 -0.302906 -0.0559137 0 0 0 0.000262597 0.00286679
1295965853 -0.248576 -0.0472595 0 0 0 0.000199894 0.00212366
1295965853 -0.276685 -0.0546517 0 0 0 0.000515405 0.00526603
1295965854 -0.253627 -0.0537554 0 0 0 0.00111528 0.0105317
1295965854 -0.277698 -0.0783693 0 0 0 0.00525854 0.0399307
1295965855 -0.219546 -0.0742009 0 0 0 0.00481191 0.0287794
1295965855 -0.286574 -0.110795 0 0 0 0.00181873 0.00970808
1295965856 -0.231949 -0.0966941 0 0 0 0.0039994 0.0197104
1295965856 -0.255111 -0.125447 0 0 0 0.0130761 0.0539042
1295965857 -0.130544 -0.0851704 0 0 0 0.0138872 0.046536
1295965857 -0.0515004 -0.0375341 0 0 0 0.00111499 0.00340926
1295965858 -0.0748191 -0.0553185 0 0 0 0.000448766 0.0013606
1295965858 -0.115388 -0.0858874 0 0 0 0.000240707 0.000727106
1295965859 -0.169969 -0.127048 0 0 0 0.000541629 0.00162932
1295965859 -0.238423 -0.18011 0 0 0 0.000846748 0.00252865
1295965860 -0.207049 -0.156944 0 0 0 9.59637e-05 0.000285171
1295965860 -0.227483 -0.164038 0 0 0 -0.0092347 -0.0288682
1295965861 -0.228187 -0.12992 0 0 0 -0.0192915 -0.0735819
1295965861 -0.275142 -0.0925274 0 0 0 -0.0190201 -0.11952
1295965862 -0.429422 0.00385297 0 0 -0 0.00203919 -0.213239
1295965863 -0.396188 0.192546 0 0 0 0.0517572 -0.220949
1295965864 -0.269257 0.326656 0 0 0 0.0879589 -0.183986
1295965865 -0.104002 0.286583 0 0 0 0.0775064 -0.109655
1295965866 -0.00595557 0.534403 0 0 0 0.138425 -0.13966
1295965866 0.0714872 0.354154 0 0 0 -0.010235 0.00858657
1295965867 -0.0316 0.41816 0 0 0 -0.158566 0.170405
1295965868 -0.0945122 0.274748 0 0 0 -0.0142281 0.0199069
1295965869 -0.189066 0.509983 0 0 0 -6.36759e-05 9.14462e-05
1295965869 -0.0715845 0.233799 0 0 0 0.0459203 -0.0608676
1295965870 -0.0137529 0.284614 0 0 0 0.102296 -0.107874
1295965870 0.0243348 0.244494 0 0 0 0.00718861 -0.00646822
1295965871 0.0464867 0.540849 0 0 0 -0.0125924 0.0114142
1295965872 0.0740008 0.273703 0 0 0 0.157653 -0.118851
1295965872 0.142459 0.196441 0 0 0 0.150378 -0.0750611
1295965873 0.270509 0.185948 0 0 0 0.127886 -0.0411919
1295965874 0.44277 0.20594 0 0 0 0.103657 -0.0201028
1295965874 0.353786 0.070018 0 0 0 0.0599413 -0.00653445
1295965875 0.189035 0.0300767 0 0 0 -0.0013486 0.000106909
1295965875 0.252286 0.0387459 0 0 0 0.0141817 -0.00103248
1295965876 0.283969 -0.000709613 0 -0 0 0.141264 0.000724105
1295965876 0.231736 -0.0661143 0 0 0 0.135831 0.0197657
1295965877 0.308716 -0.210988 0 0 0 0.148568 0.0444649
1295965877 0.128445 -0.115591 0 0 0 0.00252403 0.00097833
1295965878 0.203193 -0.186331 0 0 0 -0.00080728 -0.000313761
1295965878 0.192915 -0.17968 0 0 0 -0.00732838 -0.00281159
1295965879 0.241597 -0.176341 0 0 0 -0.096493 -0.0310907
1295965879 0.2203 -0.104512 0 0 0 -0.0818805 -0.0182274
1295965880 0.366645 -0.096496 0 0 0 -0.0915704 -0.0120543
1295965881 0.444674 -0.0742218 0 0 0 -0.00602757 -0.000493347
1295965882 0.527597 -0.0930662 0 0 0 0.0595699 0.00649535
1295965882 0.290247 -0.111888 0 0 0 0.075781 0.0135611
1295965883 0.450152 -0.206634 0 0 0 0.000110056 2.41067e-05
1295965884 0.2538 -0.134042 0 0 0 0.0580187 0.0145431
1295965885 0.466069 -0.284766 0 0 0 -0.00245388 -0.000690344
1295965885 0.210703 -0.128455 0 0 0 0.00156406 0.000439232
1295965886 0.461412 -0.280252 0 0 0 -0.00559435 -0.00155844
1295965887 0.249508 -0.165387 0 0 0 0.0511405 0.0155685
1295965888 0.424527 -0.337696 0 0 0 0.0197466 0.00682317
1295965889 0.415944 -0.338773 0 0 0 -0.00122485 -0.000436706
1295965890 0.260372 -0.210848 0 0 0 -0.00264303 -0.000936233
1295965890 0.360407 -0.293416 0 0 0 0.024802 0.00911664
1295965891 0.169447 -0.211428 0 0 0 0.15665 0.0761864
1295965892 0.104907 -0.35608 0 0 0 0.150434 0.110452
1295965892 0.0434738 -0.379331 0 0 0 0.00628488 0.00563572
1295965894 -0.0857513 -0.566247 0 0 0 0.167337 0.196144
1295965894 -0.131842 -0.288793 0 0 0 0.00949405 0.0148704
1295965895 -0.313414 -0.401201 0 0 0 0.0988583 0.20778
1295965896 -0.205687 -0.134713 0 0 0 0.0226429 0.0761403
1295965897 -0.491091 -0.242464 0 0 0 0.00591254 0.0245086
1295965897 -0.31381 -0.151715 0 0 0 -0.000291929 -0.00127685
1295965898 -0.179104 -0.0931189 0 0 0 -0.00779937 -0.0316358
1295965898 -0.236192 -0.154566 0 0 0 -0.0155957 -0.0530977
1295965899 -0.211318 -0.155174 0 0 0 -0.00367906 -0.0111311
1295965899 -0.224605 -0.174276 0 0 0 0.00531232 0.0162178
1295965900 -0.216458 -0.113023 0 0 0 0.0331716 0.137068
1295965900 -0.290627 -0.0513078 0 0 0 0.013869 0.172681
1295965901 -0.500657 0.153812 0 0 0 -0.0443593 0.288022
1295965902 -0.258178 0.230205 0 0 0 -0.0393749 0.106015
1295965903 -0.263488 0.282556 0 0 0 4.80353e-05 -0.000109878
1295965903 -0.261168 0.298357 0 0 0 -0.0290524 0.0607981
1295965904 -0.0982279 0.172991 0 0 0 -0.0504703 0.0862468
1295965904 -0.110811 0.263932 0 0 0 -0.00977226 0.0146507
1295965905 -0.0954424 0.240051 0 0 0 0.000791945 -0.00116671
1295965905 -0.111513 0.27765 0 0 0 0.0016073 -0.00237885
1295965906 -0.0958978 0.234622 0 0 0 0.00157806 -0.00234999
1295965906 -0.104568 0.252995 0 0 0 0.000815363 -0.00121986
1295965907 -0.0958762 0.229118 0 0 0 0.00134244 -0.0020169
1295965907 -0.113949 0.268901 0 0 0 0.00124667 -0.00188255
1295965908 -0.0989958 0.231857 0 0 0 -7.32747e-05 0.000110905
1295965908 -0.11265 0.264882 0 0 0 -0.000453591 0.000685823
1295965909 -0.0968427 0.227838 0 0 0 -0.0013755 0.00207227
1295965909 -0.0911791 0.287894 0 0 0 -0.0553369 0.0752679
1295965910 -0.0543075 0.259404 0 0 0 -0.00445538 0.00546234
1295965911 -0.136685 0.51581 0 0 0 0.0289722 -0.0370055
1295965911 -0.098094 0.272933 0 0 0 0.0445066 -0.064861
1295965912 -0.117756 0.206459 0 0 0 0.0330825 -0.0565552
1295965912 -0.164489 0.247923 0 0 0 0.00738106 -0.0138829
1295965913 -0.167247 0.185452 0 0 0 0.0520935 -0.117805
1295965913 -0.212203 0.167002 0 0 0 0.00900282 -0.0255859
1295965914 -0.267095 0.37749 0 0 0 0.00222402 -0.00668315
1295965915 -0.0826855 -0.0362923 0 0 0 -0.00149415 0.00450717
1295965916 -0.193796 0.141199 0 0 0 -0.00386722 0.0113468
1295965916 -0.199319 0.147894 0 0 0 -0.0071811 0.0199772
1295965917 -0.197365 0.22071 0 0 0 -0.0744408 0.157023
1295965917 -0.0956092 0.211047 0 0 0 -0.0475396 0.073598
1295965918 -0.14963 0.527325 0 0 0 -0.084275 0.103354
1295965919 0.122071 0.504088 0 0 0 -0.242044 0.190007
1295965920 0.352426 0.40066 0 0 0 -0.167191 0.074544
1295965921 0.292482 0.155039 0 0 0 -0.105832 0.0296062
1295965922 0.452937 0.208253 0 0 0 -1.57044e-05 3.4754e-06
1295965923 0.494269 0.217765 0 0 0 0.00362839 -0.000810016
1295965923 0.225986 0.104233 0 0 0 0.00136567 -0.000308548
1295965924 0.274558 0.13138 0 0 0 0.00162812 -0.000370472
1295965924 0.229856 0.111521 0 0 0 0.00155251 -0.000355932
1295965925 0.257904 0.124413 0 0 0 -0.00585346 0.0013284
1295965925 0.232228 0.0854146 0 0 0 -0.0918926 0.0161051
1295965926 0.279809 0.051027 0 0 0 -0.0607275 0.00586771
1295965927 0.555982 0.0609913 0 0 0 -0.0650069 0.00216471
1295965927 0.235215 -0.0214412 0 0 0 -0.0991588 -0.00485263
1295965928 0.186718 -0.053775 0 0 0 -0.140028 -0.0239867
1295965929 0.220658 -0.148399 0 0 0 -0.0700611 -0.0199322
1295965930 0.297533 -0.233255 0 0 0 -0.0490357 -0.0173242
1295965930 0.127918 -0.114156 0 0 0 -0.00188427 -0.000723532
1295965931 0.232953 -0.275505 0 0 0 -0.14453 -0.0694405
1295965932 0.0946228 -0.214332 0 0 0 -0.0919257 -0.0606542
1295965932 0.0413733 -0.23634 0 0 0 -0.102121 -0.0869729
1295965933 0.00114153 -0.459947 0 0 0 -0.0161057 -0.0160592
1295965934 -0.00231566 -0.267337 0 0 0 0.00178481 0.00181597
1295965934 -0.00241805 -0.275793 0 0 0 0.00261237 0.00264138
1295965935 -7.06772e-05 -0.270322 0 0 0 -0.00206993 -0.0020913
1295965935 -0.0132184 -0.269531 0 0 0 -0.0219656 -0.0229771
1295965936 -0.0225189 -0.275345 0 0 0 -0.00888817 -0.00972606
1295965936 -0.0498842 -0.262688 0 0 0 -0.0477613 -0.0570972
1295965937 -0.0691123 -0.271595 0 0 0 -0.000214619 -0.000276993
1295965937 -0.0622634 -0.256072 0 0 0 0.00942497 0.0119788
1295965938 -0.0616732 -0.275474 0 0 0 0.00159905 0.00199553
1295965938 -0.0567752 -0.261872 0 0 0 0.00213735 0.00265108
1295965939 -0.0556033 -0.263654 0 0 0 0.00117341 0.00144763
1295965939 -0.0707075 -0.343836 0 0 0 0.00208764 0.00256194
1295965940 -0.0751953 -0.379384 0 0 0 0.00204725 0.00249568
1295965940 -0.0720954 -0.365898 0 0 0 -0.00616043 -0.00755998
1295965941 -0.0960255 -0.372804 0 0 0 -0.0187908 -0.0240318
1295965942 -0.104186 -0.376274 0 0 0 0.00111029 0.0014627
1295965942 -0.110359 -0.351463 0 0 0 -0.0304111 -0.042224
1295965943 -0.16606 -0.339013 0 0 0 -0.0364579 -0.057631
1295965943 -0.179507 -0.321718 0 0 0 0.000779843 0.00132879
1295965944 -0.1861 -0.3378 0 0 0 0.00157372 0.00266731
1295965944 -0.182797 -0.336527 0 0 0 0.00199151 0.0033486
1295965945 -0.312087 -0.559997 0 0 0 0.00237192 0.00394992
1295965946 -0.146104 -0.233377 0 0 0 -0.0429856 -0.0790438
1295965947 -0.451129 -0.293315 0 0 0 -0.0922947 -0.306846
1295965948 -0.699505 -0.0600738 0 0 0 -0.00820938 -0.102815
1295965948 -0.50578 0.0726379 0 0 -0 0.00293538 -0.109616
1295965949 -0.493571 0.164924 0 0 0 0.000625623 -0.00731665
1295965950 -0.440312 0.218965 0 0 0 -0.000286199 0.00326887
1295965950 -0.349954 0.132582 0 0 0 0.00992002 -0.0787125
1295965951 -0.262038 0.166691 0 0 0 0.0456854 -0.174872
1295965951 -0.162758 0.214424 0 0 0 0.0765968 -0.164102
1295965952 -0.200985 0.666202 0 0 0 0.0558254 -0.0854954
1295965953 -0.0939658 0.443374 0 0 0 0.057829 -0.0721333
1295965954 0.0654489 0.483214 0 0 0 0.187701 -0.165711
1295965954 0.127753 0.232424 0 0 0 0.11531 -0.0676911
1295965955 0.300938 0.320429 0 0 0 0.0718737 -0.0324838
1295965956 0.453909 0.435212 0 0 0 -0.00224541 0.000913146
1295965956 0.273389 0.255912 0 0 0 0.00159146 -0.000647856
1295965957 0.285788 0.246712 0 0 0 0.012035 -0.00479661
1295965957 0.305277 0.244418 0 0 0 -0.00324106 0.00127399
1295965958 0.286984 0.229488 0 0 0 -0.00418584 0.00166469
1295965958 0.290696 0.248328 0 0 0 -0.00748717 0.0030323
1295965959 0.269136 0.264313 0 0 0 -0.000725369 0.000297522
1295965959 0.225491 0.184741 0 0 0 0.105644 -0.0366227
1295965960 0.228931 0.110586 0 0 0 0.115718 -0.0256897
1295965961 0.383244 0.0570311 0 -0 0 0.179131 -0.0124257
1295965961 0.402286 -0.0998553 0 0 0 0.206664 0.0259641
1295965962 0.260602 -0.139728 0 0 0 0.0301059 0.0075217
1295965963 0.634489 -0.397088 0 0 0 0.0315367 0.00895724
1295965963 0.308946 -0.220016 0 0 0 -0.00327986 -0.000983823
1295965964 0.561198 -0.502869 0 0 0 -0.00674713 -0.00198546
1295965965 0.296662 -0.277622 0 0 0 -0.00298392 -0.000861661
1295965966 0.457423 -0.34833 0 0 0 -0.17585 -0.0338035
1295965967 0.280391 -0.083117 0 0 -0 -0.116181 -0.0048922
1295965967 0.395182 -0.0585714 0 0 0 -0.0211383 0.000563761
1295965968 0.568227 0.0614344 0 0 0 -0.236591 0.0375256
1295965969 0.307453 0.15213 0 0 0 -0.020163 0.00597028
1295965970 0.692328 0.285821 0 0 0 0.0426378 -0.0120868
1295965970 0.329904 0.125138 0 0 0 -0.00783963 0.00206976
1295965971 0.400332 0.362867 0 0 0 -0.312479 0.14534
1295965972 0.0613016 0.236936 0 0 0 -0.135909 0.113848
1295965973 -0.0973476 0.673899 0 0 0 -0.0913136 0.105159
1295965974 -0.148342 0.730753 0 0 0 -0.0374136 0.0532098
1295965975 -0.202284 0.664601 0 0 0 -0.010563 0.016461
1295965975 -0.121043 0.391857 0 0 0 -0.00203766 0.00325868
1295965976 -0.0870553 0.334592 0 0 0 -0.0055978 0.0090985
1295965976 -0.134336 0.36835 0 0 0 -0.019375 0.0333004
1295965977 -0.153726 0.356544 0 0 0 -0.00442237 0.00803585
1295965977 -0.148297 0.346101 0 0 0 -0.00231369 0.00427492
1295965978 -0.140612 0.333319 0 0 0 0.00836902 -0.0152345
1295965978 -0.089984 0.330995 0 0 0 0.0748376 -0.11437
1295965979 -0.00697585 0.300759 0 0 0 0.0332328 -0.0415675
1295965980 0.00615501 0.542806 0 0 0 -0.00651295 0.0077961
1295965980 -0.0227748 0.273694 0 0 0 -0.00676455 0.00827095
1295965981 -0.0605441 0.282454 0 0 0 -0.00289535 0.00359591
1295965982 -1.65621e-05 7.33787e-05 0 0 0 -1.02618e-05 1.28053e-05
1295965983 -3.91902e-07 1.76658e-06 0 0 0 4.00062e-07 -4.99232e-07
1295965983 0 0 0 0 0 0 0
1295965984 0 0 0 0 0 0 0
1295965984 -0.000117293 -0.000238932 0 0 0 0.0180076 -0.021831
1295965985 -0.000773942 0.0117213 0 0 0 -0.00284178 0.0033625
1295965985 -0.0173704 0.129308 0 0 0 0.0273347 -0.0311541
1295965986 -0.000991595 0.15143 0 0 0 0.0484175 -0.0493855
1295965986 0.00802286 0.144976 0 0 0 0.0044908 -0.00424797
1295965987 0.0180809 0.136576 0 0 0 0.0584689 -0.0508457
1295965987 0.00994892 0.0394357 0 0 0 0.0278939 -0.0216207
1295965988 0.0304237 0.1045 0 0 0 0.00568882 -0.00421957
1295965988 0.0422519 0.136911 0 0 0 -0.00098993 0.000729779
1295965989 0.0390668 0.141473 0 0 0 -0.0210978 0.0160093
1295965989 0.0310991 0.141811 0 0 0 -0.0262851 0.0212233
1295965990 0.0147856 0.139482 0 0 0 -0.0688708 0.0632548
1295965990 -0.00332235 0.0876493 0 0 0 -0.0271368 0.0284694
1295965992 -0.0254268 0.283396 0 0 0 -0.00252277 0.00276344
1295965992 -0.0140687 0.147807 0 0 0 -0.000988326 0.0010883
1295965993 -0.00759899 0.161496 0 0 0 0.0517882 -0.053022
1295965993 0.0122966 0.127531 0 0 0 0.0743616 -0.0640469
1295965994 0.0282696 0.127082 0 0 0 0.00102687 -0.000799054
1295965995 0.0834402 0.340492 0 0 0 0.000213496 -0.000165861
1295965995 0.0414423 0.172092 0 0 0 0.000398966 -0.000309702
1295965996 0.0389812 0.175517 0 0 0 -0.00123567 0.000960257
1295965996 0.032482 0.175425 0 0 0 -0.00215692 0.00168362
1295965997 0.0227809 0.0978825 0 0 0 -0.0005881 0.000460702
1295965997 0.0157209 0.0631544 0 0 0 0.000727147 -0.000569524
1295965998 0.0209767 0.0619103 0 0 0 0.0585122 -0.0424664
1295965998 0.0371138 0.0920612 0 0 0 0.00606835 -0.00404562
1295965999 0.0656189 0.155847 0 0 0 -0.00227559 0.00150959
1295965999 0.0644769 0.154733 0 0 0 -0.00224172 0.0014959
1295966000 0.0830108 0.204288 0 0 0 -0.00532338 0.00358746
1295966000 0.0814749 0.207395 0 0 0 -0.00250861 0.00170786
1295966001 0.0750336 0.177599 0 0 0 0.019778 -0.013167
1295966001 0.0861826 0.172326 0 0 0 0.045769 -0.0279767
1295966002 0.0852023 0.14633 0 0 0 0.00708335 -0.00403459
1295966002 0.104879 0.142073 0 0 0 0.0888246 -0.0444512
1295966003 0.121495 0.115877 0 0 0 0.0755386 -0.0296235
1295966003 0.136282 0.0230871 0 0 0 0.0895467 -0.026377
1295966004 0.152281 -0.0744836 0 0 0 -0.0544988 0.0149674
1295966004 0.114556 0.0510266 0 0 0 -0.0340103 0.0110511
1295966005 0.195531 0.159475 0 0 0 -0.00722867 0.00252361
1295966005 0.163752 0.195967 0 0 0 -0.133468 0.0584261
1295966006 0.0241535 0.0202628 0 0 0 -0.139974 0.0894605
1295966006 -0.0536981 -0.233114 0 0 0 -0.00479076 0.00367889
1295966007 -0.0088457 -0.0339832 0 0 0 0.000508997 -0.000393054
1295966008 9.38556e-07 3.58185e-06 0 0 0 2.46976e-10 -1.90592e-10
1295966008 1.55299e-07 5.95288e-07 0 0 0 6.45643e-07 -4.98242e-07
1295966009 0 0 0 0 0 0 0
1295966009 0 0 0 0 0 0 0
1295966010 0 0 0 0 0 0 0
1295966010 7.8287e-07 2.98508e-06 0 0 0 -6.43927e-07 4.96917e-07
1295966011 0 0 0 0 0 0 0
1295966011 0 0 0 0 0 0 0
1295966012 0 0 0 0 0 0 0
1295966012 0 0 0 0 0 0 0
1295966013 0 0 0 0 0 0 0
1295966013 0 0 0 0 0 0 0
