1295965766 3.43662e-09 3.43662e-09 0 0.000146563 0.000217757 -1.99972e-06 -1.48234e-06
1295965767 -2.32425e-08 -2.32425e-08 0 7.88823e-06 0.000555761 -4.73388e-06 -9.10842e-07
1295965767 2.41943e-09 2.41943e-09 0 -0.000253437 -5.78709e-05 9.32233e-07 2.22847e-06
1295965768 -1.27774e-08 -1.27774e-08 0 -6.47865e-05 0.000290978 -2.26741e-06 -1.46426e-08
1295965768 -2.14307e-08 -2.14307e-08 0 -0.000213878 7.03914e-05 -1.2684e-07 1.58543e-06
1295965769 -1.34323e-08 -1.34323e-08 0 7.35887e-05 -0.000261832 1.95027e-06 -7.51771e-08
1295965769 -2.05054e-08 -2.05054e-08 0 -6.58823e-05 -2.64655e-05 3.32009e-07 5.76952e-07
1295965770 -1.20792e-08 -1.20792e-08 0 -0.000206206 0.000110479 -4.8493e-07 1.42073e-06
1295965771 -1.30429e-08 -1.30429e-08 0 -2.13025e-06 0.000117865 -9.1101e-07 -2.16642e-07
1295965771 -8.00771e-09 -8.00771e-09 0 8.90979e-05 6.20355e-05 -6.68689e-07 -8.25872e-07
1295965772 7.1761e-09 7.1761e-09 0 0.000252072 0.000121644 -1.51519e-06 -2.27937e-06
1295965772 -2.85841e-08 -2.85841e-08 0 0.000204098 5.83958e-05 -9.3872e-07 -1.81081e-06
1295965773 -0.000288358 0.00101356 0 0.000175214 0.000357441 0.034662 -0.000514566
1295965773 -0.00135475 -0.00447192 0 -0.000981151 -0.00171052 0.247726 -0.0394254
1295965774 0.00201761 -0.00435837 0 0.000607385 0.000288874 0.166821 -0.0653492
1295965774 0.00823522 -0.00482271 0 -0.00113918 -0.00245682 0.277949 -0.205537
1295965775 -0.0140911 0.0404014 0 0.000714228 -0.00131673 0.109678 -0.137849
1295965775 -0.00284269 0.00638626 0 0.000580025 -0.000121393 0.00045196 -0.000693576
1295965777 -0.214094 0.3727 0 -0.00330982 0.00180476 0.0634109 -0.110912
1295965777 -0.116964 0.133647 0 0.000203084 -4.71453e-06 0.0129103 -0.0274189
1295965778 -0.119484 0.127503 0 1.77091e-06 0.000198276 0.00140738 -0.00312404
1295965778 -0.0884474 0.0929378 0 0.000656517 0.000938067 0.00155008 -0.00348305
1295965779 -0.0788831 0.0808779 0 -0.000554618 -0.000275225 0.00206193 -0.00467037
1295965779 -0.172457 0.165879 0 -0.000140195 0.00177306 0.00399563 -0.00925696
1295965780 -0.121461 0.114344 0 0.000174381 -0.000930317 0.00100131 -0.00235953
1295965780 -0.202439 0.165863 0 -0.000319503 0.00143823 0.0307322 -0.0826945
1295965781 -0.148842 0.0925895 0 -0.000410159 -5.54856e-05 0.00832253 -0.0271369
1295965782 -0.385951 0.113729 0 -0.000426747 0.000461107 0.029924 -0.138878
1295965782 -0.243777 0.0122735 0 -0.00299212 0.00050112 0.000935897 -0.00670418
1295965783 -0.0358964 -0.000983298 0 -0.000149753 0.000179547 9.40443e-05 -0.000700731
1295965784 3.90775e-05 1.35744e-06 0 -0.000193728 0.000307393 7.47436e-06 -6.23082e-05
1295965784 1.18441e-08 1.18441e-08 0 -0.000268293 0.000494441 -1.88524e-06 9.91389e-07
1295965785 -1.58019e-08 -1.58019e-08 0 0.000142252 0.000596393 -2.66691e-06 -6.52766e-07
1295965785 -2.0278e-08 -2.0278e-08 0 -0.000395917 0.000256732 -1.32242e-06 1.95375e-06
1295965786 -2.15649e-08 -2.15649e-08 0 -7.97746e-06 -6.80647e-05 3.40373e-07 1.44963e-08
1295965786 2.12879e-09 2.12879e-09 0 -0.000171988 0.00103463 -5.82864e-06 1.42789e-06
1295965787 -1.89936e-08 -1.89936e-08 0 -0.000109873 0.000150728 -1.00941e-06 7.433e-07
1295965787 -2.47767e-08 -2.47767e-08 0 -0.000264265 -5.7034e-05 1.18783e-07 1.46989e-06
1295965788 -1.25626e-08 -1.25626e-08 0 -0.000102885 0.000172811 -1.20545e-06 7.77445e-07
1295965788 5.81906e-07 -4.52474e-09 0 -0.000106107 -0.000176975 1.12729e-06 -5.73299e-07
1295965789 1.23125e-08 1.23125e-08 0 0.000102481 -7.62187e-05 5.93149e-07 -6.60193e-07
1295965789 7.93294e-10 7.93293e-10 0 -0.000282482 0.000572203 -4.07033e-06 2.36678e-06
1295965790 -7.77106e-09 -7.77106e-09 0 0.000267114 0.000135247 -5.68167e-07 -1.45134e-06
1295965790 -5.98416e-09 -5.98416e-09 0 0.000443432 0.000227203 -1.13373e-06 -2.61666e-06
1295965791 -1.65863e-08 -1.65863e-08 0 0.000275161 3.49335e-05 -5.58653e-08 -1.81695e-06
1295965792 -2.75991e-08 -2.75991e-08 0 -5.0206e-05 -0.000353606 2.40924e-06 1.30114e-07
1295965792 -0.00289821 -4.23626e-05 0 0.00111041 0.000281275 -2.5731e-05 0.000170112
1295965793 -0.170331 0.0173321 0 0.00123477 -0.000711751 0.000620913 -0.00468174
1295965793 -0.227426 0.0267809 0 0.000459623 -0.000436376 0.000249318 -0.00192613
1295965794 -0.312431 0.049408 0 -0.00148588 0.000981911 -0.00339876 0.0242175
1295965795 -0.273332 0.0562691 0 -0.000114847 0.000595993 0.000473484 -0.00316048
1295965796 -0.223805 0.0798582 0 -0.000791864 -0.00076617 -0.00137281 0.00894972
1295965797 -0.211588 0.0655519 0 0.000458879 0.000526579 0.00107314 -0.00694394
1295965797 -0.0712918 0.021665 0 -4.43544e-05 -0.000303301 0.00038481 -0.00254733
1295965798 -0.116774 0.03778 0 -0.00285427 0.000565388 -0.00448204 0.0274435
1295965798 -0.049348 0.0197372 0 0.00197867 -0.000302862 -0.00663143 0.0339649
1295965799 -0.104344 0.0454815 0 0.000299845 9.00699e-05 8.09997e-05 -0.000383577
1295965799 -0.0922706 0.0403557 0 -0.000137288 0.00107465 0.000594329 -0.0028501
1295965800 -0.146219 0.0487809 0 0.000465648 -0.00137885 0.0165711 -0.10788
1295965800 -0.088906 0.0175863 0 0.00200656 0.000814698 0.0015141 -0.0170438
1295965801 -0.313915 0.0468106 0 -0.00163443 -0.000660111 0.000625057 -0.0080396
1295965802 -0.328939 0.0407372 0 0.000426893 0.00122781 0.000455836 -0.00672227
1295965802 -0.166184 0.0149614 0 -0.000470723 -0.00104411 0.00022808 -0.00341824
1295965803 -0.230969 0.0176618 0 -0.00246247 0.00113655 0.000300171 -0.00516176
1295965803 -0.00169299 0.000115331 0 0.000619507 -1.70246e-05 -1.8801e-05 0.000340059
1295965804 0.000324585 -2.23592e-05 0 -0.00010448 4.10127e-05 -2.47252e-05 0.000420432
1295965804 0.000110071 -7.62432e-06 0 0.000275517 -3.67793e-05 -7.83587e-06 0.000143
1295965805 0.000102263 -7.13658e-06 0 6.69576e-05 -1.46021e-05 8.48839e-07 -1.20081e-05
1295965805 5.31165e-05 -3.70148e-06 0 -0.000158947 1.2472e-05 3.06761e-06 -5.58667e-05
1295965806 -0.00818208 -0.00311509 0 0.00377759 0.000834363 2.86799e-05 -0.000708714
1295965806 -0.122265 -0.021815 0 0.000499 9.01731e-05 0.000207027 -0.00377591
1295965807 -0.298327 -0.052624 0 -0.00196334 0.000849283 0.000194312 -0.00381313
1295965807 -0.236988 -0.0298199 0 -0.00276255 -0.000603313 -0.00386576 0.0512397
1295965808 -0.321726 0.0312685 0 0.00124388 -1.19569e-05 -0.0274893 0.152289
1295965808 -0.247497 0.0847254 0 -0.000513444 -0.000366564 -0.00471786 0.0173936
1295965809 -0.494677 0.211985 0 6.14871e-05 -2.94591e-05 0.00512553 -0.0189414
1295965810 -0.282311 0.101266 0 -0.000257743 0.00013797 0.00638158 -0.0259622
1295965810 -0.241726 0.0783294 0 -0.000167865 0.000579335 0.00431489 -0.0195316
1295965811 -0.274629 0.0697427 0 -0.00137816 -0.000479691 0.00689757 -0.0359693
1295965811 -0.263883 0.0540283 0 0.00116619 0.000169217 0.00285524 -0.017444
1295965812 -0.286338 0.0352982 0 0.000913386 -0.000577026 0.00597261 -0.0454778
1295965812 -0.266481 0.0229875 0 -0.000576912 0.000461588 0.000913517 -0.00887441
1295965813 -0.266206 0.0195027 0 -0.00113532 0.000379313 0.000319137 -0.00333227
1295965813 -0.278685 0.0156661 0 0.00304886 -0.00128191 0.00105268 -0.0116055
1295965814 -0.279002 0.0159333 0 0.00066499 0.000662005 0.000396391 -0.00496184
1295965814 -0.255931 0.0107993 0 -0.000680539 0.000747208 0.00043156 -0.00576554
1295965815 -0.283559 0.0068236 0 -0.00215787 -0.00117502 0.000658856 -0.00949373
1295965816 -0.273425 0.00329718 0 -1.4826e-05 -7.20486e-05 0.000201368 -0.00324992
1295965816 -0.266898 0.00400731 0 0.00247639 0.000578222 -0.000826372 0.0123595
1295965817 -0.267984 0.0188269 0 -0.0023861 -0.000101136 -0.00320117 0.0354043
1295965817 -0.2752 0.0557981 0 0.000627806 -0.000914761 -0.0169387 0.104403
1295965818 -0.235274 0.113935 0 -0.00279556 0.000153766 -0.0386435 0.132837
1295965818 -0.198344 0.196226 0 0.000106341 -0.00142633 -0.0818873 0.170792
1295965819 -0.173025 0.491756 0 -6.05731e-06 -0.00099723 -0.0934435 0.130283
1295965820 -0.0720548 0.331298 0 -0.000888896 0.00118086 -0.0151663 0.0174845
1295965820 -0.0246442 0.214249 0 -0.000322474 -6.28013e-05 -0.0428881 0.0454062
1295965821 -0.010092 0.268329 0 0.00125497 -0.00125472 -0.00780816 0.00769834
1295965821 -0.00983432 0.267712 0 0.000442953 0.000416215 0.00817615 -0.00804925
1295965822 -0.0156216 0.271133 0 0.000486378 0.000413207 0.0055655 -0.00558722
1295965822 0.00189804 0.276259 0 0.000221075 -0.000477434 -0.0600703 0.055968
1295965823 0.0328547 0.265087 0 6.28623e-05 -0.000790751 -0.00929499 0.00788066
1295965823 0.0380942 0.263993 0 0.000459518 0.000967011 0.00583271 -0.00492518
1295965824 0.0384095 0.274904 0 0.000475026 7.19555e-05 0.00965458 -0.00831144
1295965824 0.0327678 0.275913 0 0.000579961 0.00178116 0.00814349 -0.0071965
1295965825 0.0201524 0.278294 0 0.00209399 -0.00106349 0.00384483 -0.00343699
1295965825 0.0128591 0.262148 0 0.000612477 -0.000771448 0.00451975 -0.00409073
1295965826 0.00774875 0.265615 0 4.51118e-05 0.000777004 0.00768466 -0.00708753
1295965826 0.00342823 0.287645 0 -0.000730754 -0.000501421 0.00273245 -0.0025466
1295965827 0.0163139 0.282809 0 -0.000760601 0.00130885 -0.0441525 0.0390262
1295965827 0.033035 0.247804 0 -0.00074873 0.000261113 -0.00374624 0.00310319
1295965828 0.0479504 0.294229 0 0.000875666 -0.00192047 0.00285193 -0.00234421
1295965828 0.044786 0.246287 0 0.00103484 0.000491555 -0.000533369 0.000436232
1295965829 0.0503676 0.278538 0 7.3179e-05 0.000410527 0.00652712 -0.00546726
1295965829 0.0391183 0.247513 0 0.00124849 -0.000498645 0.00931141 -0.00796032
1295965830 0.0424786 0.296035 0 0.000203127 0.00103478 0.000970427 -0.000851771
1295965830 0.0358019 0.254045 0 0.00160436 -0.000284837 0.00242054 -0.00211451
1295965831 0.0347594 0.274507 0 -1.5459e-05 -0.000273668 0.00809792 -0.00714745
1295965831 0.0266137 0.255064 0 0.000275756 0.000286518 0.00876278 -0.00792025
1295965832 0.0228098 0.29949 0 0.00139794 -0.000420618 0.0111868 -0.0103918
1295965833 0.0700986 0.534626 0 0.00077415 0.00162461 -0.0448979 0.0398166
1295965833 0.0430354 0.247926 0 -0.00125685 0.00160376 0.00408343 -0.0034362
1295965834 0.0584056 0.292254 0 -0.00130054 -0.00148024 -0.0371975 0.029939
1295965834 0.0840007 0.228889 0 0.00064369 0.000369196 -0.0752138 0.0522855
1295965835 0.156856 0.252172 0 -0.00141026 -0.000516142 -0.102764 0.0565602
1295965836 0.408909 0.334837 0 -0.00186489 -0.00115542 -0.200583 0.0704843
1295965837 0.33615 0.113507 0 -0.0016142 3.34906e-06 -0.144944 0.0230791
1295965837 0.37159 0.0386807 0 0.000347028 -0.00171596 -0.0468725 0.00287093
1295965838 0.390814 0.0326274 0 -0.00119797 0.000695094 0.00690145 -0.000285618
1295965839 0.515613 0.0523374 0 0.00203209 -0.00201523 0.0121403 -0.00060487
1295965839 0.242589 0.029404 0 -0.000630156 0.000642229 0.00692728 -0.000417822
1295965840 0.300719 0.0410162 0 0.000494342 0.000478787 0.00571779 -0.000383311
1295965841 0.248542 0.0124436 0 -0.00103975 -0.00252034 -0.100035 0.00192805
1295965841 0.281603 -0.0402443 0 0.00113957 7.52446e-05 -0.0687757 -0.00450443
1295965842 0.239928 -0.0462694 0 -1.48354e-05 -0.000432531 0.00713715 0.000690353
1295965842 0.298686 -0.051716 0 0.000603859 0.000676743 0.0130728 0.00112486
1295965843 0.248966 -0.0383943 0 0.000545453 8.40228e-05 0.00268136 0.000208092
1295965843 0.273572 -0.0684618 0 -0.000195661 0.000512817 -0.101972 -0.0131553
1295965844 0.220457 -0.11271 0 -0.000856736 -0.000855309 -0.12537 -0.0312559
1295965844 0.209743 -0.206782 0 -0.00111913 -0.000198437 -0.158462 -0.0660551
1295965845 0.168169 -0.488248 0 -0.000288678 -0.000631633 -0.234797 -0.169874
1295965846 -0.0273579 -0.34583 0 -0.000223191 -0.000156717 -0.0576369 -0.060996
1295965847 -0.0678525 -0.426002 0 -0.00101332 -6.67025e-05 -0.0283743 -0.0341761
1295965847 -0.0937018 -0.282093 0 0.000212044 -0.00055072 -0.0599992 -0.0842267
1295965848 -0.129376 -0.225307 0 0.00018222 -0.00304281 1.73144 -0.997052
1295965848 -0.186236 -0.310305 0 0.000699234 0.00129694 -1.73051 0.998501
1295965849 -0.0709007 -0.154931 0 -1.486e-05 -0.00106141 0.00633534 0.00977923
1295965849 -0.116808 -0.273804 0 -0.000816732 -0.000171877 0.00414551 0.0062678
1295965850 -0.0940514 -0.23059 0 -0.000237662 0.000178063 0.00414943 0.00617318
1295965850 -0.10971 -0.282229 0 0.0013462 -0.000198865 0.00418819 0.00612989
1295965851 -0.0863753 -0.227969 0 0.000600928 -0.000349161 0.00130847 0.00189314
1295965851 -0.0939352 -0.271167 0 -0.000547031 -0.00054678 0.0268414 0.0369587
1295965852 -0.0520346 -0.242059 0 0.00113777 -0.000348704 0.0308511 0.0384892
1295965852 -0.0481981 -0.292947 0 -0.000445929 0.00117038 0.00484554 0.00571141
1295965853 -0.0370626 -0.247575 0 0.000112236 -0.000382554 0.00407259 0.0047281
1295965853 -0.0389286 -0.295424 0 0.000400675 0.000141609 0.00820926 0.00935433
1295965854 -0.0262099 -0.248835 0 0.00034411 -0.000126055 0.00904791 0.0100432
1295965854 -0.00860877 -0.286735 0 -0.00119892 -0.00070407 0.0333134 0.0347671
1295965855 0.00695167 -0.229055 0 0.00146895 -0.00041257 0.02454 0.0235824
1295965855 0.0289677 -0.316981 0 0.00114061 -0.00239039 0.0140459 0.012783
1295965856 0.032979 -0.252339 0 0.00017422 0.000756022 0.0195864 0.0170665
1295965856 0.0562137 -0.274073 0 0.00147456 -7.44895e-05 0.0463756 0.0370316
1295965857 0.0498311 -0.144638 0 0.00248439 0.00314823 0.0423427 0.0301118
1295965857 0.0229882 -0.0562894 0 -0.00201296 -0.00251145 0.00363272 0.00244167
1295965858 0.0373839 -0.0890733 0 0.000261687 -0.000224361 0.00246447 0.00163434
1295965858 0.0587579 -0.137626 0 -0.00122536 -0.00195597 0.00208125 0.0013707
1295965859 0.0847341 -0.194666 0 6.39607e-05 0.000575797 0.00450838 0.00295625
1295965859 0.125178 -0.276787 0 0.000212288 0.000314078 0.00659854 0.00425982
1295965860 0.105989 -0.227276 0 0.000900721 -0.000487799 0.00464279 0.00294326
1295965860 0.11512 -0.253224 0 -0.000570669 -0.000270321 -0.0178753 -0.0115665
1295965861 0.0884723 -0.254715 0 -0.000440996 -0.000227107 -0.0571987 -0.0408504
1295965861 0.0444968 -0.281557 0 0.00195968 0.00165643 -0.084367 -0.0726753
1295965862 -0.0600916 -0.401951 0 -0.000217109 0.00131437 -0.126958 -0.148885
1295965863 -0.243647 -0.378267 0 -0.0136271 0.00600955 1.74802 -0.94554
1295965864 -0.368743 -0.238239 0 0.000150213 -0.000968453 0.0563581 0.194279
1295965865 -0.296078 -0.0728543 0 0.00320198 0.000327311 0.0150156 0.128355
1295965866 -0.525318 0.0407701 0 -0.000714762 -0.00190839 -0.00763441 0.185291
1295965866 -0.358694 0.102298 0 0.00110164 0.000652992 0.00230472 -0.0183459
1295965867 -0.421668 -0.00851422 0 -0.001238 0.00255796 -0.00212094 -0.247505
1295965868 -0.267919 -0.0817172 0 -0.000908713 -0.000605955 -0.00437383 -0.0294255
1295965869 -0.506749 -0.176128 0 0.00371621 0.00333543 -0.00181519 -0.0106988
1295965869 -0.236467 -0.0738672 0 -0.0021333 -0.00245503 0.00885041 0.0618812
1295965870 -0.288973 -0.0199521 0 0.00124555 0.000644615 0.00539273 0.148611
1295965870 -0.249265 0.0185398 0 -0.000888867 0.000593721 -0.000134892 0.00326826
1295965871 -0.547306 0.0252317 0 0.00015583 0.00188247 0.000731724 -0.0261719
1295965872 -0.268217 0.0550554 0 -0.000207009 -0.00033501 -0.0201127 0.184882
1295965872 -0.205326 0.126471 0 -0.000382324 -0.00321853 -0.0462746 0.158497
1295965873 -0.188886 0.228195 0 0.00144064 -0.000234848 -0.056627 0.122139
1295965874 -0.266939 0.455824 0 -0.000489759 -0.000794809 -0.04982 0.0813949
1295965874 -0.0948847 0.300944 0 0.00146428 0.000215934 -0.0314477 0.0436907
1295965875 -0.062456 0.220051 0 -0.00103278 0.00111818 0.00538573 -0.00714589
1295965875 -0.0746033 0.251466 0 0.000977035 0.000362825 -0.00309803 0.00412268
1295965876 -0.0418281 0.275489 0 -0.00139554 -0.000986336 -0.0866822 0.100174
1295965876 0.0270798 0.244338 0 0.00103594 -0.000593493 -0.0989518 0.0876768
1295965877 0.135619 0.316695 0 0.000582738 -0.000821695 -0.119093 0.0792745
1295965877 0.100054 0.169891 0 0.000627839 0.000288567 -0.000859965 0.000486759
1295965878 0.14479 0.2433 0 -0.000286966 -0.000669792 0.00484307 -0.002756
1295965878 0.128811 0.216584 0 0.000939518 0.000150701 0.00871836 -0.00505377
1295965879 0.120975 0.278033 0 0.00132164 0.00196734 0.0920274 -0.0610391
1295965879 0.0489537 0.237712 0 -0.000751359 6.33025e-05 0.0710349 -0.0582439
1295965880 0.00013252 0.370514 0 -0.00014783 -0.000459812 0.0727416 -0.0725549
1295965881 -0.0515757 0.460627 0 0.00158862 0.000852743 0.0105415 -0.0118505
1295965882 -0.0693844 0.527068 0 0.000528486 0.000503004 -0.0293645 0.0320796
1295965882 0.0140811 0.31649 0 -0.000785415 0.00146607 -0.0539352 0.0523246
1295965883 0.0452941 0.492706 0 0.000620264 0.000619268 0.00772108 -0.00702796
1295965884 0.0381765 0.285016 0 0.000140199 -0.00100821 -0.0423522 0.0367878
1295965885 0.0947619 0.524746 0 0.00151489 0.000915393 0.013667 -0.0114317
1295965885 0.0425 0.262428 0 -7.0956e-05 -0.000141323 0.000850902 -0.000723131
1295965886 0.0780566 0.526777 0 0.00195992 -0.000653588 0.01272 -0.0110406
1295965887 0.0478056 0.294977 0 -0.000888432 -0.000521997 -0.0321839 0.0272154
1295965888 0.117923 0.528089 0 0.00325985 0.00147512 -0.00443354 0.00352919
1295965889 0.108481 0.521148 0 -0.00145534 0.00185458 0.0102934 -0.00835354
1295965890 0.0537201 0.28705 0 -5.16025e-07 -0.00075956 0.00783068 -0.00649984
1295965890 0.0834819 0.503139 0 0.000238158 0.000690451 -0.00753173 0.00625227
1295965891 0.0955638 0.259157 0 -0.00190495 0.0013497 -0.141314 0.0972569
1295965892 0.219964 0.249126 0 -0.00132637 -0.00165204 -0.164149 0.0746316
1295965892 0.328827 0.262375 0 0.00204838 -0.000365439 -0.00220889 0.000760477
1295965894 0.512184 0.238229 0 -0.00200686 0.00016606 -0.239852 0.0513886
1295965894 0.30983 0.052212 0 -0.000876589 -0.00165889 -0.0137143 0.00113018
1295965895 0.514794 -0.0240063 0 -0.0010657 0.000924482 -0.216579 -0.00742782
1295965896 0.243729 -0.0929302 0 -0.000974613 -0.00257897 -0.077508 -0.0142688
1295965897 0.474918 -0.240182 0 0.00131487 0.000177423 -0.0090236 -0.00208133
1295965897 0.288521 -0.139892 0 -0.000872528 -0.002298 0.0088379 0.00204523
1295965898 0.213374 -0.0946274 0 0.000620724 0.000267087 0.0336294 0.00697929
1295965898 0.269294 -0.0843979 0 -0.000390149 -0.00103464 0.0643758 0.010057
1295965899 0.257838 -0.0604261 0 0.00161245 0.00133822 0.0190413 0.00214897
1295965899 0.278898 -0.0523729 0 0.000871426 0.00125416 -0.00482856 -0.000519531
1295965900 0.231676 -0.0833791 0 -0.00163085 -0.000747628 -0.134628 -0.0239985
1295965900 0.236899 -0.178688 0 -0.000480121 -0.000452931 -0.161215 -0.0552559
1295965901 0.234816 -0.460336 0 -0.00150029 -0.00020141 -0.233501 -0.144179
1295965902 0.0224167 -0.329604 0 0.000489468 -0.000639773 -0.0797855 -0.073604
1295965903 -0.00714072 -0.409787 0 -0.00174658 -0.000538835 0.00534168 0.00545473
1295965903 -0.010918 -0.371658 0 0.00207293 0.0015677 -0.0329212 -0.0349948
1295965904 -0.048059 -0.219022 0 -0.000309261 -0.00115477 -0.0695476 -0.0868306
1295965904 -0.0886962 -0.251214 0 -0.000691481 0.000103596 -0.00675058 -0.00958004
1295965905 -0.0921773 -0.251717 0 0.00114959 -0.00196466 0.00236396 0.00338202
1295965905 -0.100521 -0.287446 0 -0.000803464 -0.000352842 0.00694558 0.00977128
1295965906 -0.0759706 -0.232813 0 -0.000494451 -0.000905185 0.00450107 0.00620023
1295965906 -0.0846056 -0.273781 0 -0.000385883 -0.0018971 0.00502193 0.00679517
1295965907 -0.0682949 -0.233749 0 0.000491016 0.00223749 0.00402324 0.00537232
1295965907 -0.0766395 -0.276908 0 0.00111529 -0.000997669 0.00491901 0.00645304
1295965908 -0.0670504 -0.257201 0 -0.000501713 0.00046628 0.00359264 0.00465191
1295965908 -0.0684239 -0.273135 0 0.00137394 -0.000186133 0.00217918 0.00278741
1295965909 -0.0586882 -0.242558 0 0.000168326 -0.000430036 0.0020382 0.00259144
1295965909 -0.0931977 -0.282867 0 0.00032619 0.000971905 -0.0506412 -0.0702836
1295965910 -0.104564 -0.244682 0 -0.000334144 -0.000680282 0.00020724 0.000315298
1295965911 -0.176415 -0.502307 0 -0.000884368 -0.00240584 0.0314115 0.0450416
1295965911 -0.0674712 -0.277193 0 0.00113477 -0.000384187 0.0517657 0.0643184
1295965912 -0.0118999 -0.239363 0 0.00109544 -2.20982e-05 0.0525627 0.0556091
1295965912 0.0104271 -0.303187 0 0.0012814 -0.000255285 0.0147414 0.0141449
1295965913 0.0508896 -0.255829 0 -0.000576429 -0.000466 0.109306 0.0891749
1295965913 0.0944871 -0.241288 0 -0.0004143 0.00185473 0.0226318 0.0154962
1295965914 0.042936 -0.455452 0 0.00777423 0.00265843 0.00986335 0.00639653
1295965915 0.0904663 -0.00863949 0 -0.00759857 -0.00285561 -0.00167404 -0.00101674
1295965916 0.105272 -0.226564 0 0.000426162 -0.000218185 -0.00640709 -0.00420427
1295965916 0.104326 -0.221724 0 -0.000299796 -0.000979096 -0.0119238 -0.00801035
1295965917 0.0724202 -0.281713 0 -0.000206393 0.00084194 -0.127755 -0.103477
1295965917 -0.00926618 -0.235306 0 -0.000139302 0.000428346 -0.0586915 -0.0610948
1295965918 -0.0944236 -0.54021 0 0.00169162 0.00131609 -0.075455 -0.0969348
1295965919 -0.318936 -0.403458 0 -0.0108922 0.00352957 1.78052 -0.86051
1295965920 -0.47419 -0.225146 0 0.000637232 0.000744781 0.0355431 0.160315
1295965921 -0.312673 -0.0331022 0 0.000762247 -0.000354045 0.00891178 0.110205
1295965922 -0.525444 -0.0288372 0 0.00055511 0.000312429 -0.000281916 -0.00941441
1295965923 -0.542197 -0.0335161 0 -0.00128563 0.00133561 -0.000780527 -0.017707
1295965923 -0.248537 -0.024964 0 0.000697377 -0.000348004 -0.000395483 -0.007111
1295965924 -0.300894 -0.0380195 0 0.00165978 5.61455e-05 -0.000499149 -0.00790224
1295965924 -0.240872 -0.0340864 0 -0.000389253 0.00112346 -0.000380539 -0.00534755
1295965925 -0.278014 -0.0417381 0 6.85593e-05 0.000144744 -0.000256108 -0.00342041
1295965925 -0.25254 -0.01917 0 -0.000360213 0.000874757 0.00286983 0.0848195
1295965926 -0.290032 0.0265969 0 -0.000270139 -0.00159858 -0.00232324 0.0601765
1295965927 -0.552265 0.0824896 0 3.11292e-05 0.000779608 -0.00469334 0.0498402
1295965927 -0.217604 0.0728684 0 0.00155869 -0.000320843 -0.0152094 0.0912781
1295965928 -0.175959 0.0971612 0 -0.00294195 0.000533282 -0.0386626 0.133839
1295965929 -0.180157 0.190166 0 0.000497613 0.00076033 -0.0269446 0.066184
1295965930 -0.24616 0.292597 0 0.00150615 -0.00182234 -0.0186848 0.0392974
1295965930 -0.106245 0.140856 0 0.000730357 0.000221265 0.00133118 -0.00265669
1295965931 -0.178527 0.312303 0 0.000977888 -0.00113442 -0.0782934 0.130857
1295965932 -0.0556739 0.220145 0 -0.000180418 1.44925e-05 -0.0632887 0.0804251
1295965932 -0.00772532 0.212466 0 0.000234217 0.000846163 -0.079953 0.0816188
1295965933 0.0690467 0.48142 0 0.000685993 -0.00104296 -0.0249502 0.0219726
1295965934 0.0400795 0.280065 0 0.000634593 0.000295644 0.0080235 -0.00690661
1295965934 0.0332599 0.26501 0 0.000221688 -0.000658958 0.00894686 -0.00787513
1295965935 0.0278853 0.26942 0 -0.000556852 0.000813062 0.00223975 -0.00200324
1295965935 0.0373785 0.259804 0 0.00100456 0.000202734 -0.0223965 0.0194823
1295965936 0.047678 0.282871 0 -0.000805774 -5.281e-05 -0.00394327 0.00331345
1295965936 0.0692453 0.261327 0 0.0010843 -0.00050783 -0.0547892 0.0426338
1295965937 0.0803887 0.25416 0 -0.000125808 0.00162241 0.00663979 -0.0048538
1295965937 0.0748106 0.256554 0 0.00112841 0.00111734 0.0157454 -0.0118468
1295965938 0.0726049 0.278887 0 0.0010908 -0.000478982 0.00652667 -0.00505311
1295965938 0.0619496 0.258437 0 0.000635852 -0.000572389 0.00808958 -0.00638193
1295965939 0.0572427 0.261071 0 0.000156476 -7.67039e-05 0.0062282 -0.00500672
1295965939 0.0680191 0.338101 0 -0.000678696 0.000237612 0.00819813 -0.00671299
1295965940 0.0696797 0.398013 0 -0.000486464 0.000339008 0.0111315 -0.00935436
1295965940 0.0554779 0.355077 0 0.000758245 0.00117555 -0.00234706 0.00198365
1295965941 0.0762465 0.378883 0 -0.00119489 0.000948252 -0.0175783 0.0145567
1295965942 0.0755015 0.375384 0 0.00234233 -0.000372783 0.00622939 -0.0050927
1295965942 0.079889 0.362308 0 0.000585448 -0.000361882 -0.0310395 0.024516
1295965943 0.132906 0.362537 0 -0.00109503 6.95719e-05 -0.051564 0.0365974
1295965943 0.140051 0.343147 0 0.000636919 0.000424271 0.0113781 -0.00766496
1295965944 0.131033 0.348398 0 0.00123519 0.000720584 0.00951794 -0.00659773
1295965944 0.130196 0.372784 0 0.000924216 0.000779304 0.0107859 -0.00767427
1295965945 0.20552 0.608599 0 -0.00141587 0.00120781 0.0160132 -0.0117736
1295965946 0.0948368 0.260102 0 0.000976404 0.000257175 -0.068573 0.0471358
1295965947 0.368785 0.382601 0 -0.00431189 -2.79778e-05 -0.284237 0.122014
1295965948 0.663576 0.222932 0 -0.00067617 -0.0024682 -0.0947578 0.0194015
1295965948 0.472614 0.0604853 0 0.000333659 -7.86414e-05 -0.0947682 0.0100522
1295965949 0.574344 -0.022213 0 -0.00147117 -0.00155816 0.000973561 -4.45295e-05
1295965950 0.470113 -0.0742413 0 0.00173735 0.00121383 0.0159498 -0.00108096
1295965950 0.369755 -0.00791487 0 -0.000370686 -0.000107159 -0.0580295 0.00266852
1295965951 0.307952 -0.060751 0 -0.000958446 0.000462444 -0.171444 -0.0118773
1295965951 0.235147 -0.138677 0 -0.00130751 -0.000770518 -0.168889 -0.0417344
1295965952 0.443658 -0.523111 0 -0.000283271 -0.00173886 -0.0814104 -0.0318588
1295965953 0.267702 -0.347394 0 0.00139461 0.00069817 -0.0581495 -0.0280318
1295965954 0.174295 -0.470125 0 -0.000514203 -0.00147705 -0.199561 -0.137352
1295965954 -0.00037917 -0.271966 0 -0.000886522 -0.000430003 -0.0913664 -0.092054
1295965955 -0.104952 -0.416987 0 0.00182988 -0.000566568 -0.0483804 -0.0600532
1295965956 -0.182409 -0.621617 0 -0.000498418 -0.00175833 0.00931954 0.0123334
1295965956 -0.100492 -0.357688 0 -0.00205458 -0.000168973 0.00606182 0.0078126
1295965957 -0.107 -0.354336 0 0.000647911 -0.000506101 -0.00343296 -0.00440334
1295965957 -0.120999 -0.374147 0 0.000563214 5.6247e-05 0.00754144 0.00960757
1295965958 -0.109812 -0.355305 0 0.00081411 -0.000296053 0.00711707 0.00884901
1295965958 -0.094876 -0.371506 0 0.000785123 -0.000888049 0.0105723 0.0127743
1295965959 -0.0602241 -0.359713 0 0.000298051 0.00133496 0.0068931 0.0081037
1295965959 -0.0647306 -0.281511 0 0.00157867 -0.000127277 -0.0590826 -0.0758097
1295965960 -0.114055 -0.236563 0 -0.0068724 -0.00127492 1.69687 -1.05197
1295965961 -0.245587 -0.272645 0 0.0011332 0.000329387 0.0653064 0.148299
1295965961 -0.391383 -0.19517 0 -0.000322961 0.000477727 0.0477657 0.206154
1295965962 -0.278786 -0.0599489 0 0.00157942 -0.000108802 0.00302338 0.027973
1295965963 -0.744318 -0.12348 0 -0.002251 0.00139637 0.00157797 0.0187517
1295965963 -0.370189 -0.0468192 0 -0.00111581 0.000644457 -0.00094488 -0.0116507
1295965964 -0.765619 -0.0290511 0 0.0024528 -0.00111543 -0.00231986 -0.0236019
1295965965 -0.400049 -0.0168695 0 -0.000807965 0.000667888 -0.0014935 -0.012742
1295965966 -0.569321 -0.0912859 0 -0.0013144 0.00302374 -0.0394568 -0.180306
1295965967 -0.243612 -0.143481 0 0.000390745 0.00241624 -0.044888 -0.115733
1295965967 -0.293552 -0.241619 0 0.00202375 -0.00139723 -0.0101604 -0.0213959
1295965968 -0.355516 -0.495672 0 0.00489156 -0.010267 -1.65574 1.09254
1295965969 -0.0781342 -0.31692 0 -0.0023893 -0.000301242 0.0187205 0.02114
1295965970 -0.21019 -0.7327 0 -0.00038975 -0.00111247 -0.0174429 -0.0196604
1295965970 -0.0979274 -0.336109 0 0.00351832 0.00174104 0.0105453 0.0120034
1295965971 0.0552762 -0.529559 0 -0.000166249 -0.00177055 0.275998 0.216703
1295965972 0.165932 -0.194006 0 -0.000235421 -0.00168196 0.177194 0.0734914
1295965973 0.608481 -0.284121 0 -0.000977478 0.00199296 0.150754 0.0337037
1295965974 0.695245 -0.256795 0 0.000357182 -0.00256617 0.0750806 0.00787351
1295965975 0.693195 -0.164113 0 0.00112316 0.00452472 0.0360995 0.00179265
1295965975 0.388467 -0.0802545 0 -3.06919e-06 -0.00158024 0.0111234 0.000273342
1295965976 0.339635 -0.082113 0 -0.000775909 0.000162939 0.0150121 0.0001879
1295965976 0.388543 -0.0521669 0 0.000409017 0.000660073 0.0456388 -0.000824864
1295965977 0.377871 -0.0219496 0 -0.000303771 9.6062e-05 0.0179673 -0.000896086
1295965977 0.385107 -0.0173928 0 0.000691146 0.00153965 0.0115051 -0.000741991
1295965978 0.356262 -0.0121064 0 0.00161334 0.00135667 -0.00522725 0.00034968
1295965978 0.340125 -0.0468588 0 -0.000626773 0.0022897 -0.121293 0.000555715
1295965979 0.282325 -0.10812 0 0.000664842 -0.00132501 -0.0522729 -0.00432087
1295965980 0.513505 -0.208418 0 -0.00110972 0.000300551 0.0232002 0.00226343
1295965980 0.256321 -0.0707599 0 0.00128845 0.000274725 0.0177068 0.00134814
1295965981 0.28813 -0.0373714 0 0.00141601 0.00369674 0.00969985 0.000593408
1295965982 3.62384e-05 -4.01765e-06 0 0.000130172 0.000315523 -0.000206686 -1.41044e-05
1295965983 1.75286e-06 -2.5607e-07 0 0.000175699 -6.62345e-05 1.53067e-05 -3.5259e-07
1295965983 -1.44751e-08 -1.4475e-08 0 0.000189714 -0.000139681 3.79702e-07 -1.13272e-06
1295965984 1.14464e-08 1.14465e-08 0 0.000316992 -0.000220144 6.44091e-07 -2.05656e-06
1295965984 -0.000181408 0.000209514 0 0.000538661 0.000227542 -0.0297845 -0.00218227
1295965985 0.0103404 -0.00298778 0 -0.00126931 -0.00391228 0.00617259 0.000541056
1295965985 0.12792 -0.0253116 0 0.000309141 0.00227837 -0.0347637 -0.00346206
1295965986 0.141813 -0.0462458 0 -0.000114335 -8.71503e-05 -0.0690663 -0.0105478
1295965986 0.134081 -0.0528013 0 0.00014438 -0.000285775 -0.000829695 -0.000157762
1295965987 0.120812 -0.0561716 0 0.00130944 0.00250335 -0.0640348 -0.0143497
1295965987 0.0431013 -0.0261928 0 -0.000140168 5.53017e-05 -0.042051 -0.0118561
1295965988 0.0871849 -0.0581771 0 -0.00112666 -0.00155579 -0.00549418 -0.00168112
1295965988 0.121078 -0.0827981 0 -0.000553254 -0.00144012 0.0040178 0.00125146
1295965989 0.127322 -0.0805891 0 0.00148697 -0.000377078 0.0284929 0.00828447
1295965989 0.125052 -0.0692765 0 -0.000307105 0.00047419 0.0354624 0.00906693
1295965990 0.126524 -0.0526438 0 0.00038438 -0.000646097 0.0904165 0.0170036
1295965990 0.0880462 -0.0216337 0 0.000178337 -0.000935365 0.0464826 0.00543797
1295965992 0.278056 -0.0497864 0 -0.000782232 0.000613134 0.0112667 0.000995286
1295965992 0.148454 -0.0238404 0 -0.000173593 0.000324933 0.00602955 0.000477396
1295965993 0.157638 -0.0308328 0 0.00102601 0.00220114 -0.0619232 -0.00665664
1295965993 0.123959 -0.0414749 0 -0.00104086 -0.00148677 -0.095546 -0.018033
1295965994 0.117297 -0.0549482 0 -0.001126 -0.00189289 0.00432562 0.00103655
1295965995 0.319789 -0.151303 0 0.00147766 0.00176535 0.00971793 0.00222036
1295965995 0.161759 -0.0730546 0 -0.00092189 -0.000525619 0.00298676 0.00067444
1295965996 0.153133 -0.0650216 0 0.00131037 0.000501076 0.00343103 0.000740855
1295965996 0.17761 -0.0673295 0 0.000857016 0.00149842 0.00470955 0.001002
1295965997 0.0869131 -0.0372463 0 -0.00133156 -0.00112914 0.00238558 0.000519511
1295965997 0.0615282 -0.0271534 0 0.00119133 0.000988196 0.00115477 0.000228362
1295965998 0.057427 -0.0306954 0 -0.000109046 -0.00112231 -0.0663973 -0.0162504
1295965998 0.0857954 -0.052145 0 -0.000473725 -0.00213616 -0.00821523 -0.00234431
1295965999 0.140978 -0.0886794 0 0.00048178 0.000921686 0.00322816 0.000927777
1295965999 0.143798 -0.0888821 0 -0.000532875 -0.000558903 0.00674583 0.00191539
1295966000 0.195059 -0.114927 0 0.000471898 0.000623003 0.013405 0.00364024
1295966000 0.191127 -0.105881 0 0.000601353 0.000308999 0.00981699 0.00253648
1295966001 0.169661 -0.0979872 0 0.000214694 0.000793906 -0.022925 -0.00610787
1295966001 0.153458 -0.101565 0 -0.000129075 0.00152515 -0.0493162 -0.0151446
1295966002 0.135837 -0.102251 0 -0.000397886 -1.29287e-05 -0.00364888 -0.00122763
1295966002 0.133662 -0.122083 0 -0.000303674 0.00040006 -0.0876262 -0.0344565
1295966003 0.103849 -0.133133 0 -0.000421387 -0.000136801 -0.0687785 -0.034085
1295966003 0.00751865 -0.139301 0 -0.00428876 0.00230986 -0.0806169 -0.0489266
1295966004 -0.0876225 -0.143853 0 0.00314586 -0.00227028 0.0506476 0.0319467
1295966004 0.0391292 -0.112012 0 -8.79672e-05 -0.00367387 0.0300906 0.0170627
1295966005 0.146649 -0.213057 0 -0.000166507 0.000128259 0.0137488 0.00734599
1295966005 0.180746 -0.175923 0 0.00212034 0.00127198 0.130723 0.0570197
1295966006 0.0224607 -0.0267792 0 0.000612581 0.00320097 0.161822 0.0423987
1295966006 -0.217145 0.0680499 0 -0.00037891 -0.0030818 0.00211116 0.000376846
1295966007 -0.0468705 0.0166856 0 -0.000450423 -0.00180665 -0.00282199 -0.000485466
1295966008 2.69138e-06 -1.02765e-06 0 9.55176e-05 0.000104693 -1.11375e-06 -1.07484e-06
1295966008 5.47402e-07 -2.39853e-07 0 0.00014681 0.000253435 -7.58329e-05 -1.45956e-05
1295966009 -1.17083e-08 -1.17083e-08 0 -0.000424893 -0.000115586 1.52698e-06 4.5782e-06
1295966009 -1.23347e-08 -1.23346e-08 0 5.69241e-05 -0.000224541 2.15655e-06 -4.24878e-07
1295966010 6.20671e-09 6.20679e-09 0 -0.000448321 -0.000143021 1.61985e-06 4.59065e-06
1295966010 2.91475e-06 -1.03668e-06 0 -0.000117918 -0.000178738 2.5407e-06 1.34822e-06
1295966011 -1.7479e-08 -1.7479e-08 0 -0.000223466 2.50454e-05 -1.851e-07 2.1311e-06
1295966011 -7.56483e-09 -7.56484e-09 0 -0.000201692 -5.24702e-05 5.19089e-07 1.89268e-06
1295966012 -1.11428e-08 -1.11428e-08 0 3.53265e-05 0.000165894 -1.51784e-06 -3.63118e-07
1295966012 -2.70214e-08 -2.70214e-08 0 7.98684e-05 -4.06904e-05 3.48589e-07 -7.33632e-07
1295966013 -3.52998e-08 -3.52998e-08 0 -1.22765e-05 -0.000371831 3.44468e-06 1.51262e-07
1295966013 -8.53409e-09 -8.53409e-09 0 1.0719e-05 -5.71666e-05 5.36665e-07 -1.05376e-07
