1295965766 -0.239228 0.177962 0.954515 -1.62408e-06 -8.01883e-05 3.29083e-05 1
1295965767 0.338067 -0.399349 1.53196 -1.59998e-06 -8.02046e-05 3.2925e-05 1
1295965767 0.48636 -0.286277 2.51442 0.000470985 0.000436076 0.000458849 1
1295965768 -0.056976 -0.208669 1.6785 0.000795552 0.000678419 -0.000101061 0.999999
1295965768 0.699129 -0.209432 1.02405 0.000714727 0.000674509 5.88692e-05 1
1295965769 1.33666 -0.225576 1.7943 0.000634953 0.000572243 0.000171115 1
1295965769 1.305 -0.203109 0.795053 0.000680121 0.000524931 0.000173547 1
1295965770 1.89332 -0.35682 0.00117325 0.000630817 0.000646274 0.000757458 0.999999
1295965770 1.66749 -0.558006 -0.951992 0.000630258 4.74584e-05 0.00119983 0.999999
1295965771 1.67617 -1.55059 -0.830739 0.00215569 0.000196641 0.00193701 0.999996
1295965772 1.9546 -1.66523 -1.78433 0.00267973 0.000142901 0.00139373 0.999995
1295965772 1.82746 -1.03237 -1.02058 0.00268033 0.000222586 0.00104671 0.999996
1295965773 2.38568 -0.867537 -0.207426 0.00275358 0.000298477 0.00153163 0.999995
1295965773 2.67871 -0.600005 0.710486 0.00432718 0.0242801 0.00113441 0.999695
1295965774 3.10684 -0.637102 -0.192467 0.0775924 -0.0393442 0.0943963 0.991726
1295965774 2.32345 -0.818369 0.402039 0.0950653 0.141916 0.0735807 0.982552
1295965775 3.20086 -0.885186 0.877114 -0.223394 -0.599049 0.22481 0.735321
1295965776 3.40669 -0.38093 0.0384501 -0.251988 -0.594215 0.165805 0.7456
1295965777 4.35344 -0.596833 -0.200425 -0.250084 -0.587815 0.165129 0.751441
1295965777 3.73115 -1.05283 -0.836682 -0.242012 -0.509102 0.190485 0.803717
1295965778 4.64314 -1.29836 -1.16528 -0.236041 -0.478395 0.197855 0.82236
1295965778 5.53456 -1.45565 -1.59029 -0.236039 -0.477338 0.19679 0.82323
1295965779 6.37863 -1.68278 -2.07604 -0.235449 -0.471033 0.196806 0.827018
1295965779 7.2569 -1.84836 -2.52463 -0.233565 -0.467372 0.197827 0.829383
1295965780 8.13261 -2.0952 -2.9396 -0.233105 -0.458453 0.198655 0.834277
1295965780 9.02724 -2.28642 -3.34341 -0.234576 -0.457428 0.200165 0.834067
1295965781 9.88739 -2.31069 -3.85288 -0.209528 -0.391527 0.214391 0.869966
1295965782 10.6336 -2.48451 -4.4955 -0.201583 -0.367817 0.218122 0.881191
1295965782 9.95039 -3.06624 -4.93688 -0.144717 -0.263835 0.230904 0.925274
1295965783 10.477 -3.20912 -5.77491 -0.134136 -0.244573 0.233369 0.931521
1295965784 10.9275 -2.76587 -6.54988 -0.128767 -0.244931 0.231583 0.932629
1295965784 11.3318 -2.36737 -7.37312 -0.128758 -0.24493 0.231369 0.932684
1295965785 10.7312 -2.81917 -6.71343 -0.128676 -0.244861 0.23202 0.932552
1295965785 10.7646 -3.77189 -6.41142 -0.129742 -0.244338 0.232269 0.932479
1295965786 10.6798 -2.96233 -6.99231 -0.129723 -0.244237 0.23204 0.932565
1295965786 10.6796 -2.51351 -6.0987 -0.129633 -0.244208 0.231311 0.932766
1295965787 10.5594 -2.7085 -5.12529 -0.129537 -0.244284 0.231587 0.932691
1295965787 9.86638 -3.29085 -5.55032 0.966587 -0.153047 -0.156742 0.133109
1295965788 9.68055 -4.14354 -5.06207 0.966425 -0.15362 -0.156659 0.133721
1295965788 10.572 -4.54533 -5.27141 -0.116487 -0.137789 0.231458 0.955967
1295965789 9.89301 -4.41605 -4.54877 -0.116453 -0.137729 0.23158 0.95595
1295965789 9.23639 -4.62394 -3.82377 -0.116733 -0.13782 0.231535 0.955914
1295965790 8.4944 -4.37709 -3.20046 -0.116917 -0.137773 0.231291 0.955957
1295965790 7.68854 -4.31004 -2.61216 -0.117307 -0.138184 0.2312 0.955872
1295965791 6.96169 -4.18153 -1.9375 -0.117268 -0.137982 0.231321 0.955877
1295965792 7.01422 -4.67428 -2.80608 -0.117183 -0.137929 0.230987 0.955975
1295965792 7.4967 -5.53936 -2.66881 -0.117718 -0.137923 0.231215 0.955855
1295965792 7.47196 -5.68949 -3.65716 -0.118354 -0.137671 0.230603 0.955961
1295965793 7.95505 -5.73343 -4.53163 -0.122103 -0.134109 0.231819 0.955702
1295965794 8.31848 -5.88171 -5.45138 -0.119687 -0.129186 0.230371 0.957035
1295965795 8.65754 -6.05406 -6.37622 -0.123711 -0.150176 0.224079 0.954951
1295965796 9.14921 -6.2193 -7.23118 -0.127185 -0.147216 0.22638 0.954413
1295965797 9.22239 -6.69063 -8.1101 -0.129243 -0.147354 0.225179 0.954399
1295965797 9.5562 -6.91747 -9.02504 -0.126168 -0.141988 0.225489 0.95555
1295965798 9.85339 -7.10268 -9.96172 -0.125058 -0.139332 0.226682 0.955804
1295965798 10.1456 -7.32815 -10.8911 -0.127288 -0.158281 0.22396 0.953198
1295965799 10.233 -7.78433 -11.7767 -0.138615 -0.191221 0.21905 0.946698
1295965799 10.9551 -7.96912 -12.4434 -0.139595 -0.191414 0.218656 0.946606
1295965800 11.7386 -7.74598 -13.0233 -0.138631 -0.192369 0.21803 0.946699
1295965800 10.9124 -8.30716 -13.0726 -0.115375 -0.0790976 0.234085 0.9621
1295965801 10.2181 -8.27246 -12.3538 -0.115354 -0.063383 0.23451 0.963162
1295965802 10.4795 -8.46783 -13.299 -0.111512 -0.0595977 0.234824 0.963779
1295965802 10.8697 -8.36 -14.2134 -0.11043 -0.0608006 0.234737 0.96385
1295965803 11.152 -8.51841 -15.1596 -0.109334 -0.0597167 0.236038 0.963725
1295965803 11.3471 -8.68816 -16.1256 -0.100461 -0.0575272 0.236284 0.964763
1295965804 11.6879 -9.60677 -16.3255 -0.103176 -0.0567353 0.236653 0.964433
1295965804 11.8749 -9.75316 -17.2969 -0.103263 -0.0567486 0.236882 0.964367
1295965805 11.6485 -9.75477 -18.271 -0.103247 -0.0565331 0.236854 0.964388
1295965805 12.1453 -10.6103 -18.125 -0.103462 -0.0565255 0.237038 0.96432
1295965806 11.8875 -11.5755 -18.168 0.835983 0.506883 0.19797 0.0707807
1295965806 10.9188 -11.494 -17.9331 0.836235 0.506333 0.198355 0.0706547
1295965807 10.6091 -11.4242 -16.9848 0.836782 0.50828 0.188881 0.0759699
1295965807 10.2437 -11.1886 -16.0843 0.837253 0.508031 0.187811 0.0750966
1295965808 9.82345 -11.0596 -15.1861 0.827448 0.504845 0.22524 0.0986307
1295965808 9.7027 -10.5521 -14.333 0.778763 0.485499 0.35567 0.176968
1295965809 9.1271 -10.3319 -13.5455 0.769939 0.481717 0.375134 0.185518
1295965810 8.36033 -10.3378 -12.9036 0.777963 0.485496 0.357709 0.176387
1295965810 7.57324 -10.2999 -12.2879 0.786591 0.492019 0.334816 0.164593
1295965811 6.89239 -10.2565 -11.5568 0.791792 0.494767 0.322221 0.156349
1295965811 6.33432 -10.1054 -10.7408 0.8011 0.50228 0.295166 0.137222
1295965812 5.68527 -10.1794 -9.9837 0.806147 0.503232 0.282386 0.130929
1295965812 5.08088 -10.2321 -9.18876 0.820807 0.506605 0.241255 0.106883
1295965813 4.62727 -10.1935 -8.29839 0.822451 0.508343 0.233935 0.102157
1295965813 4.06358 -10.2093 -7.47256 0.824021 0.508281 0.229591 0.0996365
1295965814 3.53794 -10.2063 -6.62185 0.825556 0.512224 0.215958 0.0971946
1295965814 3.16613 -10.1174 -5.69781 0.826631 0.511123 0.215199 0.095519
1295965815 2.58599 -10.0867 -4.88387 0.828904 0.511057 0.20729 0.0936497
1295965816 2.07991 -10.2027 -4.0292 0.8328 0.511406 0.19402 0.0852334
1295965816 1.7861 -10.091 -3.07989 0.832578 0.511394 0.195506 0.084072
1295965817 1.43995 -10.0532 -2.14247 0.830634 0.509581 0.205092 0.091167
1295965817 0.975569 -9.97703 -1.26012 0.821988 0.507972 0.233741 0.108006
1295965818 0.559689 -9.88878 -0.354988 0.796467 0.492242 0.314169 0.156958
1295965818 -0.204865 -9.66151 0.248178 0.744969 0.47349 0.40719 0.234573
1295965819 0.78441 -9.617 0.109065 0.67105 0.458951 0.49078 0.313354
1295965820 0.371813 -9.55565 -0.79978 0.670492 0.460839 0.491456 0.310706
1295965820 -0.602486 -9.71723 -0.642835 0.670316 0.461511 0.49113 0.310606
1295965821 -1.53876 -9.726 -0.29167 0.636271 0.43686 0.53524 0.343266
1295965821 -2.48772 -9.44415 -0.150127 0.624889 0.432187 0.544648 0.355088
1295965822 -3.40467 -9.08804 0.0298192 0.627927 0.433249 0.538359 0.358012
1295965822 -4.39376 -8.95981 0.102325 0.630194 0.436544 0.531923 0.359642
1295965823 -4.6928 -9.84138 -0.262926 0.617244 0.43485 0.545129 0.364349
1295965823 -5.69171 -9.83625 -0.216546 0.607824 0.433102 0.553036 0.370302
1295965824 -6.68278 -9.86392 -0.0861096 0.612641 0.434287 0.549306 0.366508
1295965824 -7.67673 -9.86641 0.0237344 0.61889 0.437957 0.542218 0.362172
1295965825 -8.66366 -9.88323 0.183987 0.626359 0.439062 0.535195 0.35842
1295965825 -9.64788 -9.79812 0.339111 0.627476 0.442004 0.531012 0.359072
1295965826 -10.6348 -9.73792 0.488585 0.626556 0.446475 0.5313 0.354694
1295965826 -11.5841 -9.60628 0.774037 0.636712 0.443172 0.519251 0.358574
1295965827 -12.3158 -8.9684 1.01433 0.627421 0.442507 0.526789 0.364724
1295965827 -13.1686 -8.55041 1.32746 0.593475 0.414374 0.565841 0.39485
1295965828 -13.9716 -7.976 1.48617 0.57891 0.407512 0.580035 0.402934
1295965828 -14.9687 -7.91206 1.52757 0.578832 0.408027 0.580557 0.401772
1295965829 -15.9679 -7.89888 1.48929 0.578556 0.408725 0.579691 0.40271
1295965829 -16.9631 -7.9967 1.49379 0.585058 0.411868 0.575611 0.395909
1295965830 -17.9594 -8.06864 1.44599 0.591298 0.418371 0.56712 0.392056
1295965830 -18.9592 -8.06866 1.42921 0.59177 0.419077 0.565158 0.393419
1295965831 -19.9579 -8.06552 1.47972 0.592166 0.419486 0.565788 0.391478
1295965831 -20.9542 -8.13963 1.52514 0.598624 0.422989 0.560285 0.385759
1295965832 -21.9508 -8.16989 1.60136 0.605299 0.427186 0.553735 0.380137
1295965833 -22.9475 -8.24394 1.63449 0.614015 0.434392 0.543372 0.372874
1295965833 -23.9237 -8.23093 1.41794 0.579715 0.427623 0.566496 0.400188
1295965834 -24.8648 -8.29996 1.08697 0.582767 0.435682 0.557501 0.399695
1295965834 -25.8382 -8.52124 1.0274 0.564795 0.427047 0.573176 0.41244
1295965835 -26.7293 -8.30245 0.629807 0.498364 0.404064 0.619411 0.452432
1295965836 -27.7146 -8.35181 0.466141 0.432559 0.356608 0.668085 0.489271
1295965836 -28.1528 -9.0072 -0.149016 0.329582 0.330914 0.731001 0.497503
1295965837 -28.8197 -9.27655 -0.843753 0.266084 0.286367 0.754401 0.527325
1295965838 -28.6908 -10.2513 -1.02582 0.294814 0.294108 0.738748 0.52994
1295965839 -29.4263 -10.0169 -1.66149 0.293855 0.294332 0.738885 0.530157
1295965839 -29.8368 -9.14585 -1.93127 0.272129 0.285926 0.740393 0.544069
1295965840 -30.4896 -8.83085 -2.62021 0.272342 0.287064 0.739447 0.544649
1295965841 -31.2308 -8.66495 -3.27068 0.271841 0.28632 0.738762 0.546218
1295965841 -31.0774 -9.63696 -3.44867 0.261053 0.281375 0.744197 0.546672
1295965842 -31.7851 -9.75435 -4.14537 0.209561 0.242265 0.762042 0.562746
1295965842 -32.3347 -9.93348 -4.96136 0.21467 0.247647 0.761001 0.55988
1295965843 -32.878 -10.1069 -5.78279 0.224437 0.253299 0.759127 0.556052
1295965843 -33.57 -9.97547 -6.49259 0.22463 0.252564 0.759652 0.555592
1295965844 -33.5459 -10.9017 -6.86877 0.217924 0.249548 0.762405 0.555854
1295965844 -33.5063 -11.8501 -7.1833 0.233054 0.255077 0.762745 0.546665
1295965845 -33.6171 -10.9422 -6.7792 0.191075 0.240187 0.785271 0.537727
1295965846 -34.173 -11.1813 -7.57534 0.191518 0.239335 0.78589 0.537044
1295965847 -34.6664 -11.4577 -8.40006 0.132447 0.199206 0.798459 0.552484
1295965847 -35.0872 -11.5625 -9.30113 0.102464 0.178251 0.804321 0.55749
1295965848 -35.352 -11.4714 -10.2611 0.0151663 0.123606 0.812495 0.569511
1295965848 -35.3967 -11.4868 -11.26 -0.0542423 0.0798124 0.8113 0.576611
1295965849 -35.348 -11.7771 -12.2157 0.00266194 0.119217 0.811412 0.572181
1295965849 -35.4365 -12.0301 -13.1791 0.02544 0.137719 0.810484 0.568772
1295965850 -35.5595 -12.2778 -14.1401 0.0304631 0.143694 0.810204 0.567444
1295965850 -35.7538 -12.5234 -15.0898 0.0373466 0.148056 0.810649 0.565272
1295965851 -35.9889 -12.6458 -16.054 0.0417165 0.149896 0.81118 0.563717
1295965851 -36.2531 -12.8838 -16.9887 0.0444041 0.150251 0.811505 0.562949
1295965852 -36.4742 -13.0803 -17.9439 0.0771332 0.173054 0.808978 0.556468
1295965852 -36.7713 -13.2958 -18.8741 0.116484 0.198288 0.803638 0.548889
1295965853 -37.0963 -13.5464 -19.786 0.122938 0.203832 0.8019 0.547992
1295965853 -37.4841 -13.758 -20.6832 0.127944 0.206817 0.801458 0.546372
1295965854 -37.9082 -13.9559 -21.5669 0.137144 0.212054 0.800699 0.543237
1295965854 -38.3426 -14.2387 -22.4221 0.150045 0.218201 0.798253 0.540986
1295965855 -38.7483 -14.4744 -23.3052 0.185996 0.245075 0.787959 0.533351
1295965855 -39.2962 -14.7781 -24.0846 0.2167 0.262493 0.779213 0.526276
1295965856 -39.6827 -15.1393 -24.9333 0.229339 0.27508 0.772593 0.524246
1295965856 -40.086 -15.4721 -25.7857 0.247665 0.290193 0.766272 0.516988
1295965857 -40.6608 -15.6982 -26.5721 0.289407 0.318394 0.749648 0.502888
1295965857 -41.0845 -16.34 -27.2113 0.33492 0.341223 0.734126 0.482136
1295965858 -41.8914 -16.5119 -27.7765 0.333729 0.351268 0.728799 0.483827
1295965858 -42.8864 -16.4453 -27.8502 0.335578 0.346719 0.729324 0.485036
1295965859 -43.5111 -16.7304 -28.5772 0.337459 0.351545 0.725976 0.48528
1295965859 -44.3722 -16.8837 -29.0618 0.341635 0.350926 0.725886 0.482934
1295965860 -45.0854 -17.0028 -29.7526 0.345238 0.358551 0.719549 0.484253
1295965860 -45.8384 -17.2571 -30.3596 0.35012 0.363186 0.714774 0.484366
1295965861 -46.6639 -17.5349 -30.8508 0.338072 0.355117 0.720265 0.490733
1295965861 -47.4122 -17.7762 -31.4688 0.294399 0.33048 0.737849 0.509599
1295965862 -48.1645 -17.4139 -32.019 0.199668 0.266761 0.767801 0.547224
1295965863 -47.9469 -16.5466 -31.5714 -0.247307 -0.186319 0.678302 0.666356
1295965864 -47.4841 -15.908 -32.1863 -0.352442 -0.289466 0.634658 0.623861
1295965865 -47.8337 -15.0722 -31.7628 -0.44334 -0.368922 0.557923 0.596714
1295965866 -48.26 -14.1681 -31.735 -0.466002 -0.393949 0.550024 0.570193
1295965866 -47.2682 -14.1956 -31.8592 0.559046 0.473212 -0.46918 -0.493365
1295965867 -46.2799 -14.2948 -31.7427 0.566775 0.479419 -0.459828 -0.487321
1295965868 -46.4114 -15.2778 -31.6147 -0.343388 -0.106651 0.622308 0.695301
1295965869 -45.8032 -15.5129 -32.3729 -0.324426 -0.0880245 0.633481 0.696922
1295965869 -44.8727 -15.8769 -32.4136 -0.351579 -0.0367079 0.647268 0.675343
1295965870 -44.3364 -16.3175 -33.1335 -0.384745 -0.0769558 0.630358 0.669849
1295965870 -44.9319 -15.6854 -32.6377 -0.460633 -0.155504 0.585629 0.648594
1295965871 -44.1816 -16.0701 -33.1754 -0.46219 -0.159625 0.583248 0.648631
1295965872 -43.4372 -16.5031 -33.6836 -0.444804 -0.139915 0.59532 0.654345
1295965872 -44.1995 -16.4879 -34.3306 -0.051368 -0.456021 0.436732 0.773739
1295965873 -43.9157 -15.7751 -33.6893 -0.0873247 -0.535523 0.487679 0.683929
1295965874 -42.9942 -15.419 -33.8444 -0.16167 -0.611616 0.479384 0.60826
1295965874 -42.181 -15.4974 -34.421 -0.160904 -0.611607 0.48058 0.607528
1295965875 -42.2301 -16.3516 -34.9386 -0.163989 -0.609144 0.47956 0.609978
1295965875 -41.4408 -15.7461 -34.8366 -0.16021 -0.610027 0.480939 0.609014
1295965876 -40.5284 -15.3841 -35.0273 -0.161553 -0.609381 0.480808 0.609409
1295965876 -40.5644 -16.2318 -35.5566 -0.157345 -0.59784 0.480199 0.622285
1295965877 -40.353 -17.0031 -36.1569 -0.157151 -0.597666 0.480411 0.622338
1295965877 -39.4855 -16.548 -36.3576 -0.212464 -0.673002 0.458057 0.540473
1295965878 -38.5427 -16.2148 -36.3471 -0.217684 -0.677445 0.456096 0.53447
1295965878 -37.6224 -15.8338 -36.2581 -0.217245 -0.673745 0.458242 0.537481
1295965879 -36.7107 -15.4229 -36.2569 -0.211966 -0.670653 0.459191 0.542622
1295965879 -35.7394 -15.2153 -36.3727 -0.166118 -0.612634 0.475946 0.608736
1295965880 -35.5851 -16.0232 -36.9415 -0.084114 -0.495485 0.496023 0.708083
1295965881 -35.7326 -16.8012 -37.5521 -0.0111032 -0.393201 0.498283 0.772647
1295965882 -35.1222 -16.4959 -38.283 0.00443772 -0.365938 0.499558 0.785182
1295965882 -34.6003 -16.0481 -39.0091 -0.0136157 -0.399382 0.497406 0.769997
1295965883 -33.9968 -15.7365 -39.743 -0.043346 -0.44899 0.498107 0.740553
1295965884 -33.3187 -15.329 -40.3547 -0.034384 -0.445353 0.497335 0.743731
1295965885 -32.6553 -14.935 -40.9909 -0.0556622 -0.483431 0.4981 0.717699
1295965885 -31.8782 -14.546 -41.4855 -0.0499023 -0.471362 0.496451 0.727231
1295965886 -31.119 -14.1857 -42.0276 -0.0491745 -0.470297 0.497123 0.727511
1295965887 -30.4227 -13.7866 -42.6241 -0.0374354 -0.461329 0.498544 0.732958
1295965888 -29.7037 -13.3682 -43.1791 -0.0542064 -0.491176 0.498737 0.712088
1295965889 -28.9611 -12.9982 -43.7374 -0.0534554 -0.491323 0.498165 0.712444
1295965889 -28.0405 -12.8805 -44.1096 -0.0547714 -0.470671 0.506939 0.720057
1295965890 -27.2573 -12.6612 -44.6914 -0.0512899 -0.459151 0.509723 0.725763
1295965891 -26.7467 -12.228 -45.4342 -0.0342666 -0.467675 0.497132 0.730045
1295965892 -26.2269 -11.6142 -46.0283 -0.0954674 -0.591593 0.485057 0.636886
1295965893 -26.0606 -10.6375 -45.8929 -0.17479 -0.724256 0.438899 0.502265
1295965894 -25.1892 -10.2006 -45.6697 0.198795 0.736585 -0.434937 -0.47828
1295965894 -25.5317 -9.61525 -44.9348 0.338077 0.8445 -0.380634 -0.166257
1295965895 -24.7711 -9.42632 -44.3137 0.336625 0.844623 -0.381752 -0.166017
1295965896 -25.6381 -8.9425 -44.4328 0.369262 0.856822 -0.345844 -0.09947
1295965897 -24.8407 -9.4953 -44.1909 0.368895 0.857213 -0.345545 -0.098493
1295965897 -24.2799 -9.19389 -43.4198 0.370158 0.856768 -0.345422 -0.0980568
1295965898 -24.0914 -8.48804 -42.737 0.368657 0.85684 -0.346563 -0.0990513
1295965898 -23.5986 -8.1177 -41.9495 0.357125 0.853136 -0.358444 -0.127037
1295965899 -23.0188 -8.52823 -41.2458 0.328737 0.837603 -0.393247 -0.188972
1295965899 -22.4143 -8.03568 -40.6197 0.32313 0.83528 -0.396113 -0.20246
1295965900 -21.8632 -7.51394 -39.9685 0.324268 0.83447 -0.396639 -0.202949
1295965900 -21.1002 -8.1579 -40.0241 0.323513 0.829782 -0.399522 -0.217216
1295965901 -21.9988 -7.81086 -40.2926 0.308113 0.842679 -0.402733 -0.181011
1295965902 -21.4545 -7.44022 -39.54 0.308435 0.842579 -0.402811 -0.180753
1295965903 -21.9188 -6.60244 -39.2527 0.364114 0.862237 -0.349136 -0.0455201
1295965903 -21.6231 -6.04182 -38.4792 0.362303 0.862631 -0.349827 -0.0471802
1295965904 -21.3321 -5.50483 -37.6874 0.370287 0.86379 -0.340721 -0.0257741
1295965904 -21.8814 -4.67421 -37.596 0.419452 0.857651 -0.267621 0.129899
1295965905 -21.9543 -4.07801 -36.7965 0.421576 0.856217 -0.262612 0.142128
1295965905 -22.0729 -3.52823 -35.9696 0.421564 0.855918 -0.264869 0.13976
1295965906 -22.0909 -2.98048 -35.1332 0.417835 0.857535 -0.270329 0.130268
1295965906 -22.0305 -2.48085 -34.269 0.416496 0.857805 -0.275118 0.12252
1295965907 -22.0457 -1.95638 -33.4178 0.415125 0.857638 -0.280391 0.116231
1295965907 -21.9845 -1.44711 -32.5593 0.413611 0.858971 -0.281724 0.108289
1295965908 -21.9253 -0.907896 -31.7192 0.412753 0.859222 -0.285028 0.100656
1295965908 -21.9198 -0.214154 -30.999 0.411627 0.859841 -0.285332 0.0991036
1295965909 -21.9223 0.389131 -30.2015 0.411356 0.86015 -0.285086 0.0982495
1295965909 -21.7891 0.795667 -29.2976 0.410445 0.860065 -0.288735 0.0919555
1295965910 -21.7338 1.34735 -28.4654 0.430282 0.850995 -0.255937 0.158622
1295965911 -21.7648 1.94416 -27.6636 0.430592 0.850926 -0.255603 0.15869
1295965911 -21.7099 2.47022 -26.815 0.418636 0.857165 -0.278283 0.112118
1295965912 -21.5625 2.97993 -25.9673 0.401465 0.861295 -0.308111 0.0454261
1295965912 -21.4485 3.30599 -25.0289 0.378168 0.861116 -0.339231 -0.0197553
1295965913 -21.0661 3.77293 -24.2315 0.372635 0.860618 -0.345256 -0.0357592
1295965913 -20.7205 3.15087 -24.9341 0.332545 0.850096 -0.389213 -0.123548
1295965914 -20.6151 3.69567 -24.1022 0.319402 0.842731 -0.40614 -0.151117
1295965915 -19.9578 4.01636 -23.4202 0.322241 0.843763 -0.400078 -0.155443
1295965916 -19.8811 4.95644 -23.088 0.314026 0.836053 -0.419121 -0.163524
1295965916 -19.3208 5.50648 -22.4687 0.319196 0.837712 -0.415095 -0.155077
1295965917 -18.7991 6.12369 -21.8798 0.322104 0.839266 -0.412152 -0.148365
1295965917 -18.1922 6.75574 -22.3616 0.296176 0.849457 -0.402887 -0.168478
1295965918 -18.189 7.57061 -21.7819 0.336145 0.863479 -0.368861 -0.0731649
1295965919 -18.5193 8.2935 -21.1751 0.385606 0.859476 -0.326969 0.0754985
1295965920 -18.8331 9.20596 -21.4377 0.286968 0.893664 -0.320811 0.126866
1295965921 -19.2214 8.94655 -22.3219 0.299664 0.881808 -0.289374 0.221085
1295965922 -19.4061 9.47909 -21.4959 0.322374 0.857965 -0.260734 0.303297
1295965923 -19.7967 10.1038 -20.8198 0.31868 0.860635 -0.26319 0.297458
1295965923 -20.1506 10.6951 -20.0951 0.312907 0.866158 -0.267761 0.283131
1295965924 -20.5461 11.3821 -19.4855 0.310616 0.867715 -0.268419 0.280249
1295965924 -20.9157 11.9838 -18.7774 0.308204 0.868713 -0.273485 0.274871
1295965925 -21.3576 12.5725 -18.1006 0.306943 0.869047 -0.276079 0.272623
1295965925 -21.6912 13.1976 -17.3949 0.305248 0.869948 -0.277794 0.269897
1295965926 -22.008 13.8236 -16.6823 0.325785 0.8467 -0.254766 0.334749
1295965927 -22.4592 14.4725 -16.0697 0.338771 0.826768 -0.234248 0.383166
1295965927 -22.966 15.1053 -15.4843 0.348827 0.810938 -0.221861 0.414098
1295965928 -23.5583 15.7051 -14.9463 0.362003 0.77021 -0.189425 0.489743
1295965929 -24.412 16.198 -14.7779 0.378043 0.697125 -0.143051 0.592145
1295965930 -25.1691 16.663 -14.3191 0.37703 0.664772 -0.127414 0.632213
1295965930 -25.908 17.1457 -13.8489 0.378071 0.660899 -0.131939 0.634718
1295965931 -26.6537 17.8072 -13.7694 0.378574 0.659855 -0.132263 0.635437
1295965932 -27.4628 18.1781 -13.3136 0.379255 0.660743 -0.130033 0.634568
1295965932 -27.5551 18.7083 -14.1565 0.380046 0.642778 -0.112723 0.655511
1295965933 -27.6595 18.2486 -13.2745 0.378485 0.619872 -0.0850903 0.682105
1295965934 -28.2551 18.2546 -12.4713 0.377417 0.619902 -0.0833761 0.682881
1295965934 -29.146 18.704 -12.4057 0.372665 0.626824 -0.0878108 0.678603
1295965935 -29.9709 19.2691 -12.3917 0.3694 0.634087 -0.0934508 0.672863
1295965935 -30.6403 19.968 -12.6436 0.370284 0.631864 -0.0921065 0.674652
1295965936 -31.5952 20.1238 -12.8963 0.358167 0.608291 -0.0891021 0.70268
1295965936 -32.4011 20.7157 -12.878 0.3589 0.60774 -0.0902317 0.702639
1295965937 -33.2138 21.2305 -13.1509 0.360017 0.553376 -0.0685045 0.747977
1295965937 -34.0381 21.7863 -13.2584 0.359602 0.560522 -0.0710023 0.742603
1295965938 -34.7653 22.4672 -13.3449 0.362176 0.573708 -0.0773931 0.730546
1295965938 -35.5401 23.0781 -13.5079 0.361575 0.575457 -0.0800073 0.729186
1295965939 -36.3143 23.694 -13.6541 0.360358 0.581394 -0.0829436 0.724736
1295965939 -37.0524 24.3024 -13.9457 0.359305 0.582294 -0.0844065 0.724368
1295965940 -37.8515 24.9014 -13.9968 0.358424 0.590283 -0.0877576 0.717911
1295965940 -38.5948 24.9203 -13.3281 0.354405 0.622333 -0.112779 0.688752
1295965941 -39.4098 25.4996 -13.3163 0.354324 0.620374 -0.116634 0.689918
1295965942 -40.2088 26.1002 -13.3454 0.357574 0.603652 -0.108029 0.704325
1295965942 -40.9987 26.7127 -13.3735 0.356626 0.607517 -0.111943 0.700863
1295965943 -41.7952 27.3129 -13.4464 0.35853 0.580726 -0.10006 0.724018
1295965943 -42.5673 27.9342 -13.5806 0.362524 0.536225 -0.0777627 0.758282
1295965944 -43.3415 28.5333 -13.7848 0.362018 0.543473 -0.0836896 0.752713
1295965944 -44.1384 29.1352 -13.836 0.361332 0.55449 -0.0890107 0.74435
1295965945 -44.9244 29.7426 -13.951 0.360408 0.5626 -0.0938524 0.738092
1295965946 -45.8522 30.0476 -14.166 0.336918 0.575832 -0.112417 0.736388
1295965947 -46.8366 30.2218 -14.192 0.323682 0.529261 -0.101367 0.777713
1295965948 -47.7209 30.5459 -14.5281 0.334309 0.302936 -0.0413182 0.891493
1295965948 -48.6135 30.7174 -14.1113 0.338251 0.268499 -0.0430932 0.900909
1295965949 -49.497 30.8293 -13.6565 0.347905 0.263171 -0.0533612 0.898252
1295965950 -49.2234 31.1649 -14.5579 0.342761 0.224703 -0.0459645 0.910994
1295965950 -49.8391 31.7303 -15.1068 0.342412 0.232763 -0.0514613 0.908805
1295965951 -50.7848 31.8407 -14.801 0.342025 0.232225 -0.0511834 0.909104
1295965951 -51.067 32.5337 -15.4644 0.350938 0.0795645 0.00591672 0.932994
1295965952 -50.0671 32.5225 -15.4679 0.346257 0.041064 0.0430024 0.936254
1295965953 -49.0898 32.7246 -15.4031 0.349763 0.00388445 0.08117 0.933307
1295965954 -49.3153 33.3401 -16.1583 0.346938 -0.026689 0.0957286 0.932608
1295965954 -48.3182 33.3797 -16.093 0.337229 -0.0571641 0.126632 0.931114
1295965955 -47.4264 33.672 -16.4382 0.299235 -0.205877 0.185698 0.913011
1295965956 -46.593 34.2235 -16.4729 0.276513 -0.302512 0.217736 0.885787
1295965956 -46.219 34.8208 -17.1824 0.28096 -0.291367 0.209848 0.890017
1295965957 -45.7807 35.429 -17.8442 0.280925 -0.283638 0.211309 0.892176
1295965957 -45.4327 35.9738 -18.6072 0.278463 -0.287861 0.211373 0.891581
1295965958 -45.0648 36.5526 -19.3349 0.280889 -0.279153 0.209282 0.894078
1295965958 -44.7547 37.1615 -20.0651 0.284662 -0.270472 0.206127 0.896284
1295965959 -44.4897 37.7096 -20.8583 0.28381 -0.25475 0.200997 0.902305
1295965959 -44.1378 38.3579 -21.5335 0.290342 -0.247064 0.196962 0.903254
1295965960 -43.7698 38.908 -22.2832 0.273199 -0.321108 0.222003 0.879185
1295965960 -43.2707 39.4582 -22.9526 0.24427 -0.413262 0.252642 0.840071
1295965961 -42.6374 40.0141 -23.4911 0.21327 -0.498949 0.277844 0.792697
1295965962 -42.6552 40.2422 -22.5176 0.179049 -0.523215 0.329158 0.765404
1295965963 -42.242 40.5571 -23.3721 0.178637 -0.524052 0.32718 0.765775
1295965963 -41.9932 40.783 -24.314 0.174187 -0.525138 0.318942 0.769523
1295965964 -41.5728 41.6834 -24.4256 0.176996 -0.528233 0.317884 0.767197
1295965965 -40.8762 42.3109 -24.7735 0.179645 -0.526129 0.319552 0.767335
1295965966 -40.3553 42.8447 -25.4396 0.186273 -0.516423 0.31708 0.77335
1295965967 -39.4571 42.4923 -25.7023 0.220044 -0.473276 0.316164 0.792232
1295965967 -39.4576 42.5417 -26.7011 0.260863 -0.342796 0.281522 0.857431
1295965968 -39.1226 43.081 -27.4737 0.265759 -0.327397 0.27898 0.862759
1295965969 -39.6528 42.8849 -28.2986 0.335414 -0.0636471 0.179427 0.922634
1295965970 -39.8434 43.5978 -28.9735 0.343843 -0.0384376 0.170074 0.922697
1295965970 -40.0288 44.1637 -29.7768 0.337362 -0.0580998 0.178392 0.92249
1295965971 -40.2106 44.7053 -30.5975 0.343648 -0.0435178 0.171842 0.922216
1295965972 -40.9397 44.1356 -30.2183 0.419898 0.388258 -0.0164964 0.820164
1295965973 -41.6883 44.7415 -30.4877 0.404823 0.528296 -0.100691 0.739515
1295965974 -42.6362 44.9995 -30.3008 0.371206 0.642101 -0.169404 0.649011
1295965975 -43.4514 45.3952 -29.8778 0.353327 0.686665 -0.209887 0.599666
1295965975 -44.1334 46.1246 -29.8232 0.352333 0.698062 -0.210361 0.586788
1295965976 -44.805 46.8629 -29.7619 0.350756 0.699083 -0.211874 0.585972
1295965976 -45.452 47.4852 -29.3213 0.347473 0.707346 -0.217437 0.575886
1295965977 -46.1134 48.1351 -28.9469 0.340988 0.728851 -0.229817 0.547437
1295965977 -46.9167 48.5848 -28.5563 0.328856 0.735328 -0.242679 0.540605
1295965978 -47.5271 49.2683 -28.1562 0.328049 0.738478 -0.245937 0.535302
1295965978 -48.0382 49.8975 -27.5706 0.330999 0.740506 -0.245319 0.530951
1295965979 -47.843 49.8398 -26.5915 0.330227 0.770023 -0.267819 0.475696
1295965980 -48.2649 50.6593 -26.2037 0.348021 0.74623 -0.244256 0.512212
1295965980 -48.8844 51.3522 -25.8348 0.346389 0.747525 -0.243835 0.51163
1295965981 -49.5434 52.0231 -25.4949 0.343702 0.750044 -0.243778 0.50978
1295965982 -50.0872 52.7173 -25.0232 0.342841 0.76059 -0.245961 0.493422
1295965983 -50.8019 53.3842 -24.8124 0.341972 0.760755 -0.245638 0.493933
1295965983 -50.0356 54.0255 -24.8499 0.341105 0.760218 -0.247576 0.49439
1295965984 -50.2771 54.9844 -24.7011 0.341647 0.759932 -0.247835 0.494326
1295965984 -50.288 54.958 -25.7006 0.144249 0.370988 0.889736 -0.223448
1295965985 -49.6634 55.7303 -25.8158 0.117287 0.376697 0.893508 -0.214444
1295965985 -49.4013 56.6664 -25.5811 0.127728 0.382305 0.88883 -0.217969
1295965986 -49.5442 55.8932 -26.1989 0.0979172 0.385548 0.894264 -0.205078
1295965986 -49.4347 55.1422 -26.8501 0.0339617 0.395063 0.899185 -0.185036
1295965987 -49.4443 54.4292 -27.5513 0.0334557 0.396028 0.89892 -0.184354
1295965987 -49.3128 53.8157 -28.3299 -0.00926615 0.403658 0.899893 -0.164826
1295965988 -49.2526 53.1386 -29.0634 -0.058399 0.411944 0.897854 -0.144049
1295965988 -49.1454 52.4842 -29.8119 -0.063378 0.414829 0.896459 -0.142343
1295965989 -48.877 51.8534 -30.5399 -0.0583079 0.415457 0.896357 -0.143319
1295965989 -48.5156 51.1889 -31.1939 -0.0309988 0.411049 0.898068 -0.153464
1295965990 -48.3744 50.4165 -31.8132 -0.00129737 0.404955 0.898754 -0.168082
1295965990 -47.5528 50.7244 -32.293 0.0861638 0.389955 0.892587 -0.209284
1295965991 -47.5209 49.9991 -32.9807 0.125573 0.381052 0.887701 -0.225871
1295965992 -47.393 49.3196 -33.7032 0.13688 0.376993 0.886175 -0.232021
1295965993 -47.3835 48.5927 -34.3899 0.142836 0.37479 0.88565 -0.233997
1295965993 -47.419 47.9316 -35.1394 0.0945294 0.385411 0.892741 -0.21339
1295965994 -48.0698 47.2405 -35.4538 -0.00328922 0.411547 0.894444 -0.174892
1295965995 -47.8091 46.6443 -36.2131 0.00284144 0.413894 0.892742 -0.178031
1295965995 -47.5991 45.958 -36.9095 0.0129016 0.41054 0.893398 -0.182017
1295965996 -47.4335 45.1985 -37.5385 0.0159427 0.408609 0.89373 -0.184474
1295965996 -47.4129 44.5308 -38.2827 0.0173538 0.408291 0.893683 -0.185277
1295965997 -47.2285 43.8459 -38.9876 0.0234082 0.405915 0.894122 -0.187699
1295965997 -47.1662 43.1619 -39.7144 0.0261829 0.407901 0.892851 -0.189072
1295965998 -46.8717 42.499 -40.4028 0.0279196 0.405152 0.893793 -0.190277
1295965998 -46.439 41.9923 -41.1484 -0.0237761 0.417413 0.892887 -0.167195
1295965999 -46.0422 41.3562 -41.8102 -0.0280111 0.422792 0.890612 -0.165143
1295965999 -45.7539 40.6122 -42.413 -0.0242573 0.419076 0.891925 -0.168095
1295966000 -45.5681 39.8206 -42.9951 -0.0187205 0.417006 0.892558 -0.170574
1295966000 -45.4023 39.0691 -43.6336 -0.00839876 0.413255 0.893577 -0.175127
1295966001 -45.2216 38.3861 -44.3413 0.00202143 0.411661 0.893481 -0.17951
1295966001 -45.0308 37.8246 -45.1465 -0.0133886 0.418803 0.891818 -0.170544
1295966002 -44.9797 37.1681 -45.8991 -0.0579122 0.429125 0.888763 -0.150328
1295966002 -44.6943 36.5116 -46.5974 -0.0581505 0.43063 0.888177 -0.149393
1295966003 -44.2536 35.8854 -47.2405 -0.125134 0.441618 0.880929 -0.115236
1295966003 -43.7855 35.2928 -47.896 -0.176785 0.449563 0.871149 -0.0879728
1295966004 -43.1966 34.6893 -48.4337 -0.261077 0.454602 0.850166 -0.0489187
1295966004 -42.266 34.8547 -48.1071 -0.210293 0.453399 0.863197 -0.0713896
1295966005 -41.4779 34.3372 -48.4404 -0.168283 0.452994 0.871027 -0.0882513
1295966005 -41.1045 33.6335 -49.0448 -0.159441 0.451923 0.872756 -0.0929543
1295966006 -40.3906 33.251 -49.6315 -0.0323868 0.438827 0.886222 -0.144886
1295966006 -40.5824 33.9247 -48.9178 0.123413 0.400313 0.88398 -0.207598
1295966007 -40.4809 34.6851 -48.2763 0.126838 0.406888 0.880697 -0.206704
1295966008 -40.2083 35.356 -47.5867 0.127274 0.409599 0.879647 -0.205552
1295966008 -39.9499 35.9564 -46.8299 0.127625 0.409575 0.87966 -0.205322
1295966009 -40.1012 35.0502 -47.2248 0.127529 0.409722 0.879446 -0.206009
1295966009 -40.1491 34.5666 -48.0987 0.127418 0.409699 0.87939 -0.206362
1295966010 -39.9445 34.2398 -49.0214 0.127749 0.409726 0.879356 -0.206246
1295966010 -39.6519 35.0703 -48.5476 0.127829 0.40972 0.879445 -0.20583
1295966011 -38.9085 34.98 -49.2103 0.127314 0.410102 0.879561 -0.204888
1295966011 -38.505 35.8584 -48.9539 0.126958 0.409907 0.879653 -0.205105
1295966012 -38.7613 34.9255 -49.2071 0.126527 0.409497 0.879429 -0.207141
1295966012 -38.6915 34.2229 -49.9151 0.126702 0.40938 0.879451 -0.20717
1295966013 -38.194 34.9529 -49.4466 0.126662 0.40926 0.879417 -0.207578
1295966013 -37.5034 35.5834 -49.0921 0.126867 0.409245 0.879388 -0.207607
