1295965766 0 0 0 0 0 0 0
1295965767 0 0 0 0 0 0 0
1295965768 0 0 0 0 0 0 0
1295965768 0 0 0 0 0 0 0
1295965769 0 0 0 0 0 0 0
1295965769 0 0 0 0 0 0 0
1295965770 0 0 0 0 0 0 0
1295965770 0 0 0 0 0 0 0
1295965771 0 0 0 0 0 0 0
1295965771 0 0 0 0 0 0 0
1295965772 0 0 0 0 0 0 0
1295965773 -0.000269189 0.000978501 0 0 0 0.0355977 -0.000608054
1295965773 -0.00135418 -0.00436418 0 0 0 0.247282 -0.0400236
1295965774 0.00183552 -0.00410153 0 0 0 0.157214 -0.0610624
1295965774 0.00696643 -0.00458989 0 0 0 0.238159 -0.16281
1295965775 0.00533888 -0.000778189 0 0 0 0.124695 -0.138473
1295965775 -0.0187236 0.0416996 0 0 0 0.0340588 -0.0487249
1295965776 -0.0466763 0.101594 0 0 0 0.00283254 -0.00434482
1295965776 -0.094284 0.166115 0 0 0 0.0353406 -0.0588487
1295965777 -0.0716051 0.102479 0 0 0 0.0208241 -0.0396012
1295965777 -0.121746 0.14191 0 0 0 0.0134112 -0.028035
1295965778 -0.0842326 0.0923443 0 0 0 0.000198767 -0.000432924
1295965778 -0.120159 0.131003 0 0 0 0.00106303 -0.0023246
1295965779 -0.07782 0.0835415 0 0 0 0.0008051 -0.00177111
1295965779 -0.15741 0.161549 0 0 0 0.001702 -0.0037746
1295965779 -0.0213342 0.0218239 0 0 0 3.99088e-05 -8.90105e-05
1295965780 -0.298828 0.278159 0 0 0 0.0322034 -0.081151
1295965781 -0.137498 0.0962677 0 0 0 0.00688536 -0.020552
1295965781 -0.240568 0.105159 0 0 0 0.0300352 -0.11655
1295965782 -0.145803 0.0409123 0 0 0 0.00149101 -0.00783672
1295965782 -0.248617 0.0344271 0 0 0 0.000680197 -0.00369296
1295965783 -0.0283993 0.00181965 0 0 0 4.9172e-05 -0.00027002
1295965783 0.000632848 -3.61492e-05 0 0 0 -3.4636e-08 1.90346e-07
1295965784 1.23183e-06 -7.13141e-08 0 0 0 -3.35207e-07 1.84215e-06
1295965784 0 0 0 0 0 0 0
1295965785 0 0 0 0 0 0 0
1295965785 0 0 0 0 0 0 0
1295965786 0 0 0 0 0 0 0
1295965786 0 0 0 0 0 0 0
1295965787 0 0 0 0 0 0 0
1295965787 0 0 0 0 0 0 0
1295965788 0 0 0 0 0 0 0
1295965788 6.09435e-07 -3.31711e-08 0 0 0 1.74951e-07 -9.61454e-07
1295965789 0 0 0 0 0 0 0
1295965789 0 0 0 0 0 0 0
1295965790 0 0 0 0 0 0 0
1295965790 0 0 0 0 0 0 0
1295965791 0 0 0 0 0 0 0
1295965791 0 0 0 0 0 0 0
1295965792 -0.0040645 0.000340941 0 0 0 -2.79e-06 1.5332e-05
1295965793 -0.161574 0.0321454 0 0 0 0.000180484 -0.000994631
1295965793 -0.23101 0.0516069 0 0 0 -0.000171142 0.000943289
1295965794 -0.301063 0.0825956 0 0 0 -0.00554213 0.0281622
1295965794 -0.176121 0.0545995 0 0 0 -0.00035325 0.00166132
1295965795 -0.0942913 0.0358537 0 0 0 -5.48963e-05 0.000256938
1295965795 -0.0805929 0.0401224 0 0 0 -0.00856777 0.0366815
1295965796 -0.125313 0.0657882 0 0 0 0.00513706 -0.0212335
1295965796 -0.0687856 0.0337038 0 0 0 0.00324499 -0.0145811
1295965797 -0.126356 0.0605797 0 0 0 -0.00397509 0.0177268
1295965797 -0.0726595 0.0356313 0 0 0 9.98172e-05 -0.000427353
1295965798 -0.106192 0.0552655 0 0 0 -0.00715824 0.0287463
1295965798 -0.0480974 0.0295253 0 0 0 -0.00998083 0.0350915
1295965799 -0.0953698 0.0630148 0 0 0 -0.000552271 0.00180906
1295965799 -0.0791467 0.0529263 0 0 0 0.000226669 -0.000741011
1295965800 -0.138274 0.0760195 0 0 0 0.0256717 -0.103504
1295965800 -0.0830791 0.0335093 0 0 0 0.00262653 -0.0142287
1295965801 -0.229874 0.0821455 0 0 0 0.000586838 -0.00334626
1295965801 -0.138876 0.0487297 0 0 0 7.2804e-05 -0.000419858
1295965802 -0.245571 0.0820331 0 0 0 0.000409907 -0.00238406
1295965802 -0.158099 0.0488518 0 0 0 1.97538e-05 -0.000115769
1295965803 -0.225059 0.068108 0 0 0 0.000153553 -0.000902725
1295965803 -0.00038958 0.000117701 0 0 0 2.29088e-05 -0.000135109
1295965804 0.000317693 -9.44295e-05 0 0 0 -4.38529e-07 2.58736e-06
1295965804 0.000101836 -3.0261e-05 0 0 0 -3.67767e-07 2.16983e-06
1295965805 9.92561e-05 -2.94967e-05 0 0 0 -2.79849e-07 1.65109e-06
1295965805 4.81049e-05 -1.42947e-05 0 0 0 -3.77127e-07 2.225e-06
1295965806 -0.0101541 -0.00128535 0 0 0 0.000149613 -0.000885099
1295965806 -0.117616 0.00533312 0 0 0 0.000240479 -0.00143291
1295965807 -0.309926 0.0167117 0 0 0 -0.000164128 0.000979345
1295965807 -0.234381 0.0277745 0 0 0 -0.0118534 0.0594354
1295965808 -0.305412 0.113722 0 0 0 -0.0482883 0.15226
1295965808 -0.210706 0.14179 0 0 0 -0.00791239 0.018857
1295965809 -0.220453 0.179177 0 0 0 -0.000633041 0.00146326
1295965809 -0.207365 0.16735 0 0 0 0.00557069 -0.0131033
1295965810 -0.2327 0.170186 0 0 0 0.0078287 -0.0193512
1295965810 -0.186189 0.130352 0 0 0 0.00439797 -0.0114107
1295965811 -0.263572 0.163437 0 0 0 0.0122138 -0.0341325
1295965811 -0.239448 0.134726 0 0 0 0.00513531 -0.0156386
1295965812 -0.246364 0.118144 0 0 0 0.0100399 -0.0334505
1295965812 -0.258944 0.117595 0 0 0 0.000452641 -0.00161486
1295965813 -0.240886 0.108736 0 0 0 0.000126286 -0.000452412
1295965813 -0.255578 0.112229 0 0 0 0.00184372 -0.0067009
1295965814 -0.25332 0.114276 0 0 0 7.24134e-05 -0.00026695
1295965814 -0.224856 0.100517 0 0 0 -5.04541e-05 0.000186028
1295965815 -0.266764 0.117101 0 0 0 0.0011623 -0.00432211
1295965816 -0.249101 0.107802 0 0 0 0.000199305 -0.000748969
1295965816 -0.248916 0.111485 0 0 0 -0.00546532 0.0197523
1295965817 -0.250905 0.134548 0 0 0 -0.0125936 0.0405109
1295965817 -0.214642 0.159462 0 0 0 -0.0409422 0.103075
1295965818 -0.166847 0.210375 0 0 0 -0.0732247 0.131275
1295965818 -0.086251 0.251842 0 0 0 -0.117261 0.145695
1295965819 0.000228662 0.217894 0 0 0 -0.103249 0.0924219
1295965819 0.0673356 0.305088 0 0 0 -0.0236482 0.0178276
1295965820 0.0679284 0.253583 0 0 0 -0.0124 0.00891869
1295965820 0.10161 0.26293 0 0 0 -0.0719582 0.0464339
1295965821 0.12147 0.237546 0 0 0 -0.0149276 0.00857902
1295965821 0.130003 0.244794 0 0 0 0.00224705 -0.00126961
1295965822 0.124693 0.237091 0 0 0 0.000626335 -0.000355254
1295965822 0.150427 0.237986 0 0 0 -0.0779434 0.0398407
1295965823 0.163021 0.200064 0 0 0 -0.0136555 0.00611886
1295965823 0.183302 0.210226 0 0 0 -0.000179865 7.89637e-05
1295965824 0.178251 0.199402 0 0 0 0.00304177 -0.00134107
1295965824 0.178933 0.20142 0 0 0 0.00319527 -0.00142178
1295965825 0.179985 0.216809 0 0 0 0.0013918 -0.000623493
1295965825 0.173767 0.216762 0 0 0 0.000985808 -0.000443161
1295965826 0.161958 0.204651 0 0 0 0.00269977 -0.00122023
1295965826 0.174469 0.222674 0 0 0 -0.00210867 0.000953887
1295965827 0.186627 0.21175 0 0 0 -0.0579811 0.0239882
1295965827 0.187094 0.179141 0 0 0 -0.0118169 0.00437526
1295965828 0.220033 0.19307 0 0 0 -0.00165542 0.000599442
1295965828 0.195982 0.16343 0 0 0 -0.0027118 0.000974854
1295965829 0.215473 0.177782 0 0 0 0.00225793 -0.000811079
1295965829 0.193479 0.161796 0 0 0 0.00410894 -0.00149171
1295965830 0.219471 0.184737 0 0 0 -0.00138022 0.000503344
1295965830 0.194973 0.163381 0 0 0 0.000447174 -0.000162825
1295965831 0.222706 0.188294 0 0 0 0.00413052 -0.00151542
1295965831 0.200365 0.172271 0 0 0 0.00305908 -0.00113565
1295965832 0.226609 0.197439 0 0 0 0.0026682 -0.000999825
1295965832 0.191173 0.154718 0 0 0 -0.0419235 0.0147229
1295965833 0.234683 0.160164 0 0 0 -0.0251357 0.00784004
1295965833 0.227037 0.148649 0 0 0 0.00013696 -4.0759e-05
1295965834 0.236361 0.141837 0 0 0 -0.0538605 0.0144113
1295965834 0.233593 0.0908426 0 0 0 -0.0992063 0.0183698
1295965835 0.275149 0.0434397 0 0 0 -0.116304 0.00865496
1295965835 0.259405 -0.0166807 0 0 0 -0.105505 -0.00389272
1295965836 0.279624 -0.0843534 0 0 0 -0.120901 -0.0183807
1295965836 0.215898 -0.123882 0 0 0 -0.102436 -0.0278167
1295965837 0.213848 -0.1926 0 0 0 -0.0859871 -0.032787
1295965837 0.177538 -0.189265 0 0 0 -0.00187878 -0.000819567
1295965838 0.20043 -0.215807 0 0 0 0.000709296 0.00030995
1295965838 0.172724 -0.185073 0 0 0 0.00158385 0.000689757
1295965839 0.20096 -0.214087 0 0 0 0.00142427 0.000617483
1295965839 0.168426 -0.178517 0 0 0 0.000679358 0.000293607
1295965840 0.199108 -0.211213 0 0 0 -0.00369063 -0.00160222
1295965841 0.155614 -0.205288 0 0 0 -0.0992765 -0.0500821
1295965841 0.119529 -0.249955 0 0 0 -0.0595797 -0.0371849
1295965842 0.0988266 -0.241902 0 0 0 0.000581669 0.000391771
1295965842 0.105207 -0.255839 0 0 0 0.00291021 0.00195123
1295965843 0.102848 -0.248587 0 0 0 -0.00539303 -0.00362762
1295965843 0.077951 -0.26983 0 0 0 -0.0864001 -0.0656357
1295965844 0.011618 -0.244642 0 0 0 -0.0946987 -0.0918151
1295965844 -0.0788738 -0.286054 0 0 0 -0.108045 -0.143651
1295965845 -0.135753 -0.202982 0 0 0 -0.0665017 -0.126732
1295965845 -0.225108 -0.179047 0 0 0 -0.0535977 -0.157272
1295965846 -0.227975 -0.0985267 0 0 0 -0.0162852 -0.0781934
1295965846 -0.274872 -0.0951707 0 0 0 -0.000988907 -0.00603844
1295965847 -0.218192 -0.0622374 0 0 0 -0.00643657 -0.0472361
1295965847 -0.299046 -0.037642 0 0 0 -0.00621869 -0.109842
1295965848 -0.262594 0.0228509 0 0 -0 0.00406598 -0.0916161
1295965848 -0.285167 0.0349933 0 0 0 -0.00387497 0.0704953
1295965849 -0.241405 0.00512447 0 0 0 -0.000191293 0.0209186
1295965849 -0.302437 -0.00153573 0 0 0 7.84923e-06 0.00285927
1295965850 -0.242702 -0.00262479 0 0 0 1.32115e-05 0.00244724
1295965850 -0.296431 -0.00462536 0 0 0 1.30736e-05 0.00174443
1295965851 -0.244794 -0.00416929 0 0 0 -2.12067e-06 -0.000257424
1295965851 -0.291077 -0.0114442 0 0 0 0.00117577 0.0410421
1295965852 -0.247049 -0.0363849 0 0 0 0.00284171 0.0407616
1295965852 -0.281066 -0.0518738 0 0 0 0.000248799 0.00271459
1295965853 -0.25899 -0.0491949 0 0 0 0.000197537 0.00209943
1295965853 -0.282442 -0.0557583 0 0 0 0.00051997 0.005314
1295965854 -0.253627 -0.0537554 0 0 0 0.00111528 0.0105317
1295965854 -0.266403 -0.074913 0 0 0 0.00521415 0.0396388
1295965855 -0.251904 -0.0854062 0 0 0 0.00516793 0.030773
1295965855 -0.270924 -0.105207 0 0 0 0.00152087 0.0080779
1295965856 -0.226536 -0.0945332 0 0 0 0.00398564 0.0196389
1295965856 -0.255111 -0.125447 0 0 0 0.0130761 0.0539042
1295965857 -0.130544 -0.0851704 0 0 0 0.0138872 0.046536
1295965857 -0.0497419 -0.0362463 0 0 0 0.00109573 0.00335071
1295965858 -0.0765776 -0.0566063 0 0 0 0.000468032 0.00141916
1295965858 -0.115388 -0.0858874 0 0 0 0.000240707 0.000727106
1295965859 -0.174071 -0.130127 0 0 0 0.000572573 0.00172212
1295965859 -0.24364 -0.184097 0 0 0 0.000826412 0.00246738
1295965860 -0.202392 -0.153408 0 0 0 6.54128e-05 0.000194394
1295965860 -0.222822 -0.160507 0 0 0 -0.00921476 -0.0288089
1295965861 -0.223367 -0.127637 0 0 0 -0.0189032 -0.0718393
1295965861 -0.279962 -0.0948111 0 0 0 -0.0194084 -0.121263
1295965862 -0.247066 -0.0202502 0 0 -0 -0.004468 -0.119847
1295965862 -0.27853 0.0513691 0 0 0 0.0139406 -0.145183
1295965863 -0.21832 0.106398 0 0 0 0.0288958 -0.122482
1295965864 -0.22472 0.198349 0 0 0 0.052663 -0.136619
1295965864 -0.136633 0.207426 0 0 0 0.0563824 -0.1032
1295965865 -0.0947364 0.271494 0 0 0 0.073158 -0.102106
1295965865 -0.0284042 0.247467 0 0 0 0.0656975 -0.0728774
1295965866 0.0235862 0.281788 0 0 0 0.0714178 -0.0651746
1295965866 0.0504384 0.241677 0 0 0 0.0134406 -0.0109291
1295965867 0.0313444 0.281186 0 0 0 -0.0961866 0.0876789
1295965867 -0.0358064 0.227991 0 0 0 -0.0809737 0.0953746
1295965868 -0.100601 0.296208 0 0 0 -0.0193097 0.0267743
1295965868 -0.0857863 0.231528 0 0 0 -0.000285191 0.000409738
1295965869 -0.0994436 0.2681 0 0 0 0.000192712 -0.000276919
1295965869 -0.0754207 0.244155 0 0 0 0.0459491 -0.060909
1295965870 -0.0137529 0.284614 0 0 0 0.102296 -0.107874
1295965870 0.0243348 0.244494 0 0 0 0.00718861 -0.00646822
1295965871 0.0305378 0.285721 0 0 0 -0.0101846 0.00920141
1295965871 0.0154445 0.249919 0 0 0 -0.00390704 0.003598
1295965872 0.0745053 0.278912 0 0 0 0.159152 -0.120237
1295965872 0.142459 0.196441 0 0 0 0.150378 -0.0750611
1295965873 0.226436 0.161272 0 0 0 0.125386 -0.0405649
1295965873 0.231726 0.125102 0 0 0 0.0059022 -0.00146887
1295965874 0.260557 0.107072 0 0 0 0.102934 -0.0196312
1295965874 0.249461 0.0524139 0 0 0 0.0561848 -0.00607882
1295965875 0.287919 0.0461223 0 0 0 -0.000270422 2.15847e-05
1295965875 0.252286 0.0387459 0 0 0 0.0141817 -0.00103248
1295965876 0.283969 -0.000709613 0 -0 0 0.141264 0.000724105
1295965876 0.231736 -0.0661143 0 0 0 0.135831 0.0197657
1295965877 0.240152 -0.152768 0 0 0 0.137594 0.0403021
1295965877 0.184666 -0.16256 0 0 0 0.0134025 0.00510385
1295965878 0.223993 -0.205645 0 0 0 -0.000693967 -0.000269687
1295965878 0.184458 -0.171618 0 0 0 -0.00734584 -0.00281836
1295965879 0.241597 -0.176341 0 0 0 -0.096493 -0.0310907
1295965879 0.2203 -0.104512 0 0 0 -0.0818805 -0.0182274
1295965880 0.279871 -0.0796365 0 0 0 -0.0805548 -0.0110577
1295965880 0.241758 -0.0436628 0 0 0 -0.0137868 -0.00122791
1295965881 0.295514 -0.0483487 0 0 0 -0.00334456 -0.000268917
1295965881 0.235948 -0.0367457 0 0 0 -0.00371295 -0.000285313
1295965882 0.301494 -0.0599024 0 0 0 0.0701558 0.00775759
1295965882 0.213878 -0.0805605 0 0 0 0.0668377 0.0121209
1295965883 0.270447 -0.122845 0 0 0 0.00344112 0.000751925
1295965883 0.240405 -0.110605 0 0 0 -0.00117257 -0.000257646
1295965884 0.258868 -0.137048 0 0 0 0.0583934 0.0146491
1295965884 0.210449 -0.12862 0 0 0 3.09132e-05 8.7528e-06
1295965885 0.250552 -0.153142 0 0 0 -0.00285949 -0.000805103
1295965885 0.210703 -0.128455 0 0 0 0.00156406 0.000439232
1295965886 0.249844 -0.152748 0 0 0 -0.00215726 -0.000605104
1295965886 0.211569 -0.127504 0 0 0 -0.00343709 -0.000953333
1295965887 0.249508 -0.165387 0 0 0 0.0511405 0.0155685
1295965887 0.197749 -0.153698 0 0 0 0.0181434 0.00625191
1295965888 0.226779 -0.183998 0 0 0 0.00160325 0.000571257
1295965888 0.193202 -0.157555 0 0 0 -0.00105396 -0.000375884
1295965889 0.222742 -0.181218 0 0 0 -0.000170893 -6.08221e-05
1295965889 0.190957 -0.154842 0 0 0 -0.00189349 -0.000671572
1295965890 0.22997 -0.184717 0 0 0 -0.00256806 -0.000903993
1295965890 0.187687 -0.153652 0 0 0 0.0205451 0.00745381
1295965891 0.181611 -0.222481 0 0 0 0.162725 0.0784886
1295965891 0.0843191 -0.233929 0 0 0 0.127133 0.090367
1295965892 0.0413748 -0.293748 0 0 0 0.025449 0.0219998
1295965893 0.0261407 -0.252606 0 0 0 0.012431 0.0113064
1295965893 -0.0144151 -0.277538 0 0 0 0.0921853 0.0975393
1295965894 -0.0747896 -0.243837 0 0 0 0.0668573 0.0910192
1295965894 -0.122005 -0.26856 0 0 0 0.00828207 0.0129396
1295965895 -0.132806 -0.226066 0 0 0 0.0490824 0.0874362
1295965895 -0.190446 -0.195368 0 0 0 0.0509879 0.122274
1295965896 -0.216007 -0.140406 0 0 0 0.0233172 0.0788038
1295965896 -0.259428 -0.130242 0 0 0 0.00549592 0.0229786
1295965897 -0.221344 -0.106529 0 0 0 -0.000257667 -0.00113344
1295965897 -0.278122 -0.134429 0 0 0 -0.00027997 -0.00122469
1295965898 -0.214792 -0.110405 0 0 0 -0.00781133 -0.0316879
1295965898 -0.236192 -0.154566 0 0 0 -0.0155957 -0.0530977
1295965899 -0.211318 -0.155174 0 0 0 -0.00367906 -0.0111311
1295965899 -0.224605 -0.174276 0 0 0 0.00531232 0.0162178
1295965900 -0.23657 -0.119983 0 0 0 0.0352008 0.149601
1295965900 -0.259527 -0.0442706 0 0 0 0.0118614 0.153726
1295965901 -0.240109 0.0305914 0 0 0 -0.00982127 0.139646
1295965901 -0.271537 0.123143 0 0 0 -0.0345597 0.154798
1295965902 -0.187358 0.157453 0 0 0 -0.0364871 0.0993445
1295965902 -0.197025 0.207731 0 0 0 -0.00313396 0.00723303
1295965903 -0.179445 0.192844 0 0 0 0.000419355 -0.000958855
1295965903 -0.186015 0.208294 0 0 0 -0.0160267 0.0348584
1295965904 -0.133694 0.223072 0 0 0 -0.0645206 0.113845
1295965904 -0.112725 0.26965 0 0 0 -0.00891223 0.0133366
1295965905 -0.0910526 0.229047 0 0 0 0.000831297 -0.00122459
1295965905 -0.107324 0.267298 0 0 0 0.0014982 -0.00221691
1295965906 -0.0895602 0.219381 0 0 0 0.00160897 -0.00239514
1295965906 -0.115095 0.278589 0 0 0 0.000893558 -0.00133665
1295965907 -0.0958762 0.229118 0 0 0 0.00134244 -0.0020169
1295965907 -0.116212 0.274213 0 0 0 0.00127076 -0.00191902
1295965908 -0.0967319 0.226545 0 0 0 -9.73674e-05 0.000147378
1295965908 -0.11265 0.264882 0 0 0 -0.000453591 0.000685823
1295965909 -0.103258 0.243608 0 0 0 -0.00259291 0.00389709
1295965909 -0.085971 0.277305 0 0 0 -0.0546445 0.0740908
1295965910 -0.0496156 0.23691 0 0 0 -0.00416561 0.00510081
1295965910 -0.0727978 0.301348 0 0 0 0.0263895 -0.0335313
1295965911 -0.0673713 0.231775 0 0 0 0.00281786 -0.00376041
1295965911 -0.098094 0.272933 0 0 0 0.0445066 -0.064861
1295965912 -0.117756 0.206459 0 0 0 0.0330825 -0.0565552
1295965912 -0.161081 0.243161 0 0 0 0.00673029 -0.0126374
1295965913 -0.170655 0.190214 0 0 0 0.0527442 -0.119051
1295965913 -0.20862 0.162602 0 0 0 0.00931113 -0.0265031
1295965914 -0.100141 0.239097 0 0 0 -0.0208677 0.0564797
1295965914 -0.170538 0.142793 0 0 0 0.0227835 -0.0622457
1295965915 -0.0826855 -0.0362923 0 0 0 -0.00149415 0.00450717
1295965916 -0.193796 0.141199 0 0 0 -0.00386722 0.0113468
1295965916 -0.199319 0.147894 0 0 0 -0.0071811 0.0199772
1295965917 -0.191733 0.211269 0 0 0 -0.0710833 0.151245
1295965917 -0.101241 0.220488 0 0 0 -0.0508971 0.0793767
1295965918 -0.0967222 0.27685 0 0 0 -0.00462284 0.00645755
1295965918 -0.0529078 0.250474 0 0 0 -0.0796522 0.0968962
1295965919 0.0266353 0.279052 0 0 0 -0.130366 0.117194
1295965919 0.101111 0.234523 0 0 0 -0.116696 0.075608
1295965920 0.170428 0.230402 0 0 0 -0.0621461 0.0316035
1295965920 0.176323 0.160771 0 0 0 -0.100027 0.0401455
1295965921 0.25135 0.135952 0 0 0 -0.104201 0.0292438
1295965921 0.228722 0.106818 0 0 0 -0.00152171 0.000338194
1295965922 0.265348 0.120522 0 0 0 -0.0001251 2.76922e-05
1295965922 0.240038 0.102389 0 0 0 0.00217026 -0.000482795
1295965923 0.254231 0.115376 0 0 0 0.00145813 -0.000327221
1295965923 0.235991 0.108995 0 0 0 0.00136705 -0.000308861
1295965924 0.264553 0.126618 0 0 0 0.00162674 -0.000370158
1295965924 0.214608 0.104102 0 0 0 0.00162792 -0.000373286
1295965925 0.263087 0.127186 0 0 0 -0.00435165 0.000991451
1295965925 0.242292 0.0900609 0 0 0 -0.0934698 0.0164594
1295965926 0.540241 0.0858753 0 0 0 -0.0606358 0.00586166
1295965927 0.284463 0.0260477 0 0 0 -0.0606119 0.00215729
1295965927 0.246301 -0.0213458 0 0 0 -0.103646 -0.00483915
1295965928 0.184889 -0.0529578 0 0 0 -0.137133 -0.0232805
1295965928 0.0622804 -0.0366385 0 0 0 -0.0666358 -0.0186118
1295965929 0.160207 -0.112577 0 0 0 -0.00632051 -0.00202662
1295965929 0.135292 -0.0995273 0 0 0 -0.0109738 -0.00362909
1295965930 0.156192 -0.128451 0 0 0 -0.0375215 -0.0134884
1295965930 0.133967 -0.119433 0 0 0 -0.00242469 -0.00093024
1295965931 0.126853 -0.126837 0 0 0 -0.056332 -0.0236971
1295965931 0.1061 -0.148667 0 0 0 -0.0881975 -0.0457434
1295965932 0.093356 -0.210314 0 0 0 -0.0903484 -0.0594863
1295965932 0.0397214 -0.195537 0 0 0 -0.0861965 -0.0714894
1295965933 0.00543802 -0.241001 0 0 0 -0.0340435 -0.0331555
1295965933 -0.00142675 -0.274956 0 0 0 0.000499029 0.000509306
1295965934 -0.00226673 -0.256148 0 0 0 0.00172164 0.00175153
1295965934 -0.00241805 -0.275793 0 0 0 0.00261237 0.00264138
1295965935 -7.06772e-05 -0.270322 0 0 0 -0.00206993 -0.0020913
1295965935 -0.0132184 -0.269531 0 0 0 -0.0219656 -0.0229771
1295965936 -0.0225189 -0.275345 0 0 0 -0.00888817 -0.00972606
1295965936 -0.0498842 -0.262688 0 0 0 -0.0477613 -0.0570972
1295965937 -0.0704365 -0.276748 0 0 0 -0.000185829 -0.000239825
1295965937 -0.0597515 -0.245748 0 0 0 0.00932432 0.0118518
1295965938 -0.0640205 -0.285901 0 0 0 0.00171697 0.00214279
1295965938 -0.0556156 -0.256616 0 0 0 0.00209128 0.00259374
1295965939 -0.0556033 -0.263654 0 0 0 0.00117341 0.00144763
1295965939 -0.0707075 -0.343836 0 0 0 0.00208764 0.00256194
1295965940 -0.0767802 -0.387526 0 0 0 0.00213024 0.0025965
1295965941 -0.0722348 -0.365656 0 0 0 -0.00698462 -0.00858061
1295965941 -0.0943013 -0.364903 0 0 0 -0.0180496 -0.023112
1295965942 -0.100009 -0.361158 0 0 0 0.00116227 0.00153104
1295965942 -0.114537 -0.366578 0 0 0 -0.0304631 -0.0422923
1295965943 -0.158193 -0.324731 0 0 0 -0.0362576 -0.0572892
1295965943 -0.187374 -0.336001 0 0 0 0.000579484 0.000986944
1295965944 -0.1861 -0.3378 0 0 0 0.00157372 0.00266731
1295965944 -0.175051 -0.322146 0 0 0 0.00190867 0.00320991
1295965945 -0.175694 -0.32713 0 0 0 0.00122752 0.00205007
1295965945 -0.144138 -0.247248 0 0 0 0.00122723 0.00203854
1295965946 -0.146104 -0.233377 0 0 0 -0.0429856 -0.0790438
1295965946 -0.191813 -0.182749 0 0 0 -0.0569301 -0.144477
1295965947 -0.242405 -0.106549 0 0 0 -0.0341075 -0.153177
1295965947 -0.324302 -0.0418978 0 0 0 -0.0090376 -0.0995206
1295965948 -0.407765 -0.0224363 0 0 0 -0.000484226 -0.0145331
1295965948 -0.367001 0.0447907 0 0 -0 0.00147659 -0.0862632
1295965949 -0.367609 0.0922481 0 0 0 0.00213388 -0.0285568
1295965949 -0.347072 0.150579 0 0 0 2.23813e-05 -0.000250726
1295965950 -0.34233 0.169151 0 0 0 -0.000302661 0.00345322
1295965950 -0.349954 0.132582 0 0 0 0.00992002 -0.0787125
1295965951 -0.270784 0.17467 0 0 0 0.0483445 -0.182158
1295965951 -0.154011 0.206444 0 0 0 0.0739376 -0.156815
1295965952 -0.104012 0.29687 0 0 0 0.0545521 -0.0837434
1295965952 -0.096973 0.369331 0 0 0 0.00127332 -0.00175209
1295965953 -0.0836413 0.357157 0 0 0 0.0355386 -0.0459263
1295965953 -0.00844617 0.296387 0 0 0 0.0966154 -0.102072
1295965954 0.0578515 0.257868 0 0 0 0.106645 -0.0852236
1295965954 0.133472 0.2476 0 0 0 0.122041 -0.0723139
1295965955 0.209419 0.23009 0 0 0 0.069254 -0.0314179
1295965955 0.273089 0.266905 0 0 0 0.00250597 -0.00101988
1295965956 0.27234 0.258646 0 0 0 -0.00213169 0.000867051
1295965956 0.273389 0.255912 0 0 0 0.00159146 -0.000647856
1295965957 0.285788 0.246712 0 0 0 0.012035 -0.00479661
1295965957 0.292572 0.234312 0 0 0 -0.00311766 0.00122524
1295965958 0.306044 0.244722 0 0 0 -0.00444109 0.00176622
1295965958 0.268758 0.228444 0 0 0 -0.00687867 0.00278437
1295965959 0.279767 0.274242 0 0 0 -0.00171231 0.000702371
1295965959 0.230444 0.189567 0 0 0 0.106154 -0.0368324
1295965960 0.223895 0.108831 0 0 0 0.113352 -0.0253071
1295965960 0.276484 0.057099 0 0 0 0.127615 -0.0124689
1295965961 0.267318 -0.0165838 0 -0 0 0.133061 0.00444233
1295965961 0.251971 -0.0840349 0 0 0 0.129765 0.0217175
1295965962 0.248751 -0.133517 0 0 0 0.0278086 0.00698208
1295965962 0.324295 -0.194484 0 0 0 0.0118229 0.00322703
1295965963 0.316838 -0.206365 0 0 0 0.0197305 0.00573467
1295965963 0.308946 -0.220016 0 0 0 -0.00327986 -0.000983823
1295965964 0.279061 -0.256834 0 0 0 -0.00062426 -0.000185866
1295965964 0.282136 -0.246035 0 0 0 -0.00612287 -0.0017996
1295965965 0.273672 -0.256051 0 0 0 -0.00267108 -0.000771792
1295965966 0.252857 -0.229503 0 0 0 -0.0344041 -0.00922896
1295965966 0.222232 -0.137996 0 0 0 -0.13852 -0.0243333
1295965967 0.271083 -0.0825996 0 0 -0 -0.117644 -0.00525031
1295965967 0.372717 -0.0573816 0 0 0 -0.0192566 0.000461222
1295965968 0.355409 -0.0122164 0 0 0 -0.101161 0.00855428
1295965968 0.26024 0.0739295 0 0 0 -0.142966 0.0302138
1295965969 0.29064 0.144527 0 0 0 -0.0174229 0.00520851
1295965969 0.348116 0.151319 0 0 0 0.045897 -0.012986
1295965970 0.350699 0.137718 0 0 0 -0.00211976 0.000547985
1295965970 0.329904 0.125138 0 0 0 -0.00783963 0.00206976
1295965971 0.241934 0.146309 0 0 0 -0.135951 0.0472048
1295965971 0.158398 0.216558 0 0 0 -0.176529 0.098135
1295965972 0.0617399 0.242617 0 0 0 -0.13864 0.116593
1295965972 -0.0222618 0.292364 0 0 0 -0.0788731 0.0897292
1295965973 -0.0755241 0.375854 0 0 0 -0.0097097 0.0126843
1295965973 -0.066229 0.369393 0 0 0 -0.00482286 0.00645972
1295965974 -0.0821132 0.36136 0 0 0 -0.0325908 0.0467501
1295965974 -0.0887107 0.31036 0 0 0 -0.00726484 0.0112448
1295965975 -0.118617 0.369147 0 0 0 -0.00342202 0.00541351
1295965975 -0.10832 0.345539 0 0 0 -0.00192258 0.0030755
1295965976 -0.0947346 0.366005 0 0 0 -0.00558903 0.00908442
1295965976 -0.127986 0.353104 0 0 0 -0.01911 0.0328244
1295965977 -0.160076 0.37179 0 0 0 -0.00468734 0.00851183
1295965977 -0.148297 0.346101 0 0 0 -0.00231369 0.00427492
1295965978 -0.140612 0.333319 0 0 0 0.00836902 -0.0152345
1295965978 -0.0914573 0.34329 0 0 0 0.0784683 -0.119138
1295965979 -0.00550253 0.288464 0 0 0 0.0296021 -0.0367996
1295965979 0.0121867 0.271599 0 0 0 -0.00294231 0.00350206
1295965980 -0.00591446 0.277209 0 0 0 -0.00362551 0.0043604
1295965980 -0.0240296 0.273427 0 0 0 -0.00681491 0.00833468
1295965981 -0.0491293 0.230325 0 0 0 -0.00238761 0.00296388
1295965981 -0.0102591 0.0463114 0 0 0 -0.000405107 0.00050518
1295965982 -3.47027e-05 0.000155383 0 0 0 -7.66154e-06 9.56062e-06
1295965982 -3.91902e-07 1.76658e-06 0 0 0 4.00062e-07 -4.99232e-07
1295965983 0 0 0 0 0 0 0
1295965983 0 0 0 0 0 0 0
1295965984 0 0 0 0 0 0 0
1295965984 -0.000117293 -0.000238932 0 0 0 0.0180076 -0.021831
1295965985 -0.000492634 0.0101094 0 0 0 -0.00301904 0.00357323
1295965985 -0.0176517 0.13092 0 0 0 0.027512 -0.0313649
1295965986 -0.00110693 0.148506 0 0 0 0.0482747 -0.0492496
1295965986 0.00769182 0.142548 0 0 0 0.00368454 -0.00349054
1295965987 0.0137483 0.117079 0 0 0 0.0436627 -0.0388093
1295965987 0.0147278 0.0642832 0 0 0 0.0436492 -0.0345504
1295965988 0.0295097 0.101523 0 0 0 0.00569804 -0.00422636
1295965988 0.0440802 0.142894 0 0 0 -0.00114885 0.000847094
1295965989 0.0381525 0.138467 0 0 0 -0.0209481 0.0158988
1295965989 0.0310991 0.141811 0 0 0 -0.0262851 0.0212233
1295965990 0.0147856 0.139482 0 0 0 -0.0688708 0.0632548
1295965990 -0.00303496 0.0838415 0 0 0 -0.0270154 0.0283369
1295965991 -0.0123321 0.143232 0 0 0 -0.0020565 0.00225031
1295965992 -0.0133821 0.143972 0 0 0 -0.000587689 0.000645613
1295965992 -0.0147335 0.154646 0 0 0 -0.00109336 0.00120415
1295965993 -0.00686689 0.160212 0 0 0 0.0573926 -0.0583264
1295965993 0.0122293 0.121977 0 0 0 0.0688623 -0.0588584
1295965994 0.0282696 0.127082 0 0 0 0.00102687 -0.000799054
1295965994 0.0399613 0.165329 0 0 0 -0.000224811 0.000174752
1295965995 0.0444351 0.179021 0 0 0 0.000465484 -0.00036172
1295965995 0.0422092 0.175234 0 0 0 0.000451332 -0.000350303
1295965996 0.0358221 0.161125 0 0 0 -0.0012057 0.000936733
1295965996 0.0357227 0.191778 0 0 0 -0.00233079 0.00181923
1295965997 0.0209762 0.0889228 0 0 0 -0.00052375 0.000410326
1295965997 0.016072 0.0643825 0 0 0 0.00116176 -0.000909411
1295965998 0.0193478 0.0570823 0 0 0 0.0565407 -0.0410917
1295965998 0.0383916 0.0956611 0 0 0 0.00760526 -0.00508042
1295965999 0.0656189 0.155847 0 0 0 -0.00227559 0.00150959
1295965999 0.0644769 0.154733 0 0 0 -0.00224172 0.0014959
1295966000 0.0792297 0.194811 0 0 0 -0.00509266 0.00343094
1295966001 0.147705 0.365567 0 0 0 0.0162282 -0.0107763
1295966001 0.123612 0.245362 0 0 0 0.0500372 -0.0304821
1295966002 0.0603578 0.102198 0 0 0 0.00362558 -0.00205553
1295966002 0.109497 0.147151 0 0 0 0.092971 -0.0462634
1295966003 0.116878 0.110799 0 0 0 0.0713922 -0.0278112
1295966003 0.136282 0.0230871 0 0 0 0.0895467 -0.026377
1295966004 0.149241 -0.073646 0 0 0 -0.052065 0.0142278
1295966004 0.117595 0.050189 0 0 0 -0.0364441 0.0117907
1295966005 0.199875 0.16354 0 0 0 -0.00789605 0.00275973
1295966005 0.157688 0.188899 0 0 0 -0.129093 0.0562435
1295966006 -0.0291479 -0.214961 0 0 0 -0.148344 0.094987
1295966007 -0.00752481 -0.0288788 0 0 0 0.000380457 -0.000293745
1295966008 3.28527e-06 1.25404e-05 0 0 0 6.51094e-07 -5.02449e-07
1295966008 1.55299e-07 5.95288e-07 0 0 0 6.45643e-07 -4.98242e-07
1295966009 0 0 0 0 0 0 0
1295966009 0 0 0 0 0 0 0
1295966010 0 0 0 0 0 0 0
1295966010 7.8287e-07 2.98508e-06 0 0 0 -6.43927e-07 4.96917e-07
1295966011 0 0 0 0 0 0 0
1295966011 0 0 0 0 0 0 0
1295966012 0 0 0 0 0 0 0
1295966012 0 0 0 0 0 0 0
1295966013 0 0 0 0 0 0 0
1295966013 0 0 0 0 0 0 0
