1295965766 -0.914854 -0.231015 -0.331171 6.66998e-05 -0.0013883 -0.000210807 0.999999
1295965767 -1.4547 -0.667934 0.388319 6.66998e-05 -0.0013883 -0.000210807 0.999999
1295965768 -1.95389 -1.01181 -0.407018 -2.66114e-05 -0.00130624 -0.000292042 0.999999
1295965768 -1.95447 -0.560452 -1.29936 0.000597823 -0.00125063 -0.000227635 0.999999
1295965769 -2.25898 -0.930329 -2.17712 1.62169e-05 -0.00110606 -0.000811277 0.999999
1295965769 -2.09664 -0.958952 -3.16344 9.97399e-05 -0.00157461 -0.000293443 0.999999
1295965770 -2.37147 -1.12177 -4.11105 6.54425e-05 -0.00146007 -8.99955e-06 0.999999
1295965770 -2.21901 -1.22116 -5.09435 -0.00119024 -0.000478291 0.0032045 0.999994
1295965771 -1.79971 -1.02216 -4.20858 -0.00130918 -0.000460148 0.00307745 0.999994
1295965772 -2.2091 -0.960509 -5.11885 -0.00152552 -0.000174339 0.00406411 0.999991
1295965772 -2.81696 -1.13267 -4.34369 -0.00215156 0.000469609 0.00475522 0.999986
1295965773 -2.62618 -0.85553 -3.40199 -0.00267858 0.000392624 0.00576418 0.99998
1295965773 -2.58176 -0.94594 -4.39691 -0.0016781 0.0259755 0.00274323 0.999657
1295965774 -2.56506 -1.05517 -5.39078 -0.0181758 -0.10247 -0.0286598 0.994157
1295965774 -2.98227 -0.948336 -4.48828 -0.0286426 0.0249547 -0.0274613 0.998901
1295965775 -3.6512 -0.886626 -5.22903 0.0289111 0.124231 -0.0395526 0.991043
1295965775 -3.91518 -1.07734 -6.17451 0.0313388 0.0884832 -0.0413695 0.994725
1295965776 -3.51415 -0.740808 -5.32251 0.0284407 0.146184 -0.0409014 0.988002
1295965776 -3.71829 -0.759017 -6.30128 0.02849 0.151633 -0.0403234 0.987203
1295965777 -4.16374 -0.7765 -7.19641 0.0239044 0.221906 -0.0458043 0.973698
1295965777 -4.75007 -0.796569 -8.00624 0.0195822 0.260533 -0.0493866 0.964002
1295965778 -5.36748 -0.877017 -8.78876 0.0147574 0.2985 -0.0531973 0.952812
1295965778 -6.16477 -1.08552 -9.35519 0.00777489 0.305667 -0.0593156 0.950257
1295965779 -6.6872 -1.05148 -10.2072 0.00729466 0.309666 -0.0586042 0.94901
1295965779 -7.37234 -0.970548 -10.9311 0.0081613 0.316648 -0.0582256 0.946719
1295965780 -8.01549 -1.06689 -11.6907 0.00499996 0.327705 -0.0593992 0.942898
1295965780 -8.61083 -1.0637 -12.4942 0.00240587 0.328793 -0.0578619 0.942625
1295965781 -9.28758 -1.20182 -13.2174 -0.00997018 0.407462 -0.0596491 0.911218
1295965781 -9.9706 -1.1182 -13.943 -0.0108016 0.428777 -0.0564031 0.901583
1295965782 -10.4379 -1.30482 -13.0788 -0.0151027 0.511626 -0.0614532 0.856875
1295965782 -11.0609 -0.823522 -13.6955 -0.00157252 0.517014 -0.0544955 0.854239
1295965783 -11.2727 -0.431759 -14.5908 0.0181441 0.502086 -0.0365135 0.863856
1295965783 -11.9275 0.289154 -14.8177 0.0229351 0.505609 -0.0346468 0.861762
1295965784 -12.8035 -0.172288 -14.9582 0.0239516 0.505865 -0.0341586 0.861603
1295965784 -12.7971 0.824211 -15.0415 0.0244107 0.505995 -0.03362 0.861535
1295965785 -12.174 0.776802 -14.2608 0.0252456 0.505939 -0.0332037 0.86156
1295965785 -11.4317 0.624073 -13.6084 0.0252553 0.505786 -0.0336219 0.861633
1295965786 -10.7408 0.075595 -13.1375 0.0250746 0.506184 -0.0333046 0.861417
1295965786 -11.3061 0.478519 -13.8573 0.0243375 0.506613 -0.0325534 0.861215
1295965787 -12.2005 0.647291 -13.443 0.0240966 0.507575 -0.0330454 0.860637
1295965787 -12.8373 0.864601 -14.1827 0.0241458 0.507548 -0.0329157 0.860656
1295965788 -12.1565 0.918046 -14.9132 0.0238331 0.505799 -0.0333236 0.861678
1295965788 -11.2528 0.885693 -14.4862 0.0229762 0.506974 -0.0344246 0.860967
1295965789 -10.5743 0.837161 -13.7532 0.022455 0.506921 -0.0333921 0.861053
1295965789 -11.4051 0.797008 -14.3084 0.0224129 0.507043 -0.0332287 0.860988
1295965790 -10.9308 0.697867 -13.4337 0.0234888 0.507312 -0.0357519 0.8607
1295965790 -10.1115 0.683387 -12.8605 0.0221343 0.50641 -0.0343983 0.861322
1295965791 -10.5068 0.657004 -11.9423 0.0205333 0.507128 -0.034163 0.860949
1295965792 -11.3389 0.349639 -11.4808 0.0213425 0.506848 -0.0323796 0.861163
1295965792 -12.3131 0.378108 -11.7051 0.0214229 0.506758 -0.0319675 0.861229
1295965792 -11.7621 0.552658 -10.889 0.0198709 0.505651 -0.0331501 0.861872
1295965793 -12.5368 0.397828 -11.5022 0.0049822 0.501587 -0.0265301 0.864686
1295965794 -13.3575 0.382699 -12.0733 0.00264963 0.502198 -0.0232864 0.864435
1295965794 -14.1046 0.367301 -12.7378 -0.000260869 0.475783 -0.0169929 0.879399
1295965795 -14.943 0.436724 -13.2785 0.00259065 0.476874 -0.0183742 0.878776
1295965795 -15.9099 0.504879 -13.5242 -0.00129145 0.480093 -0.0201322 0.876986
1295965796 -16.8107 0.496134 -13.9584 -0.000338557 0.453657 -0.0169563 0.891015
1295965796 -17.7054 0.476828 -14.4045 -0.000562389 0.474671 -0.018903 0.87996
1295965797 -18.6445 0.434135 -14.7456 0.00303612 0.494059 -0.0207698 0.869175
1295965797 -19.5188 0.419793 -15.2307 0.00253973 0.481564 -0.0213685 0.876147
1295965798 -20.3602 0.4367 -15.7708 0.00206056 0.483365 -0.0200457 0.875187
1295965798 -21.313 0.519683 -16.0631 0.00486241 0.468195 -0.0168232 0.883451
1295965799 -22.1742 0.365742 -16.5475 0.00155988 0.433001 -0.0159197 0.901252
1295965799 -22.3543 0.927434 -17.355 0.00340079 0.430934 -0.0110688 0.902309
1295965800 -22.9724 1.08704 -18.1246 0.00475506 0.43274 -0.0117839 0.901429
1295965800 -23.1234 0.876001 -17.1589 0.00153001 0.539366 -0.0182397 0.841872
1295965801 -24.0543 0.822825 -17.5203 -0.00169691 0.553626 -0.0191233 0.832544
1295965801 -24.9872 0.836711 -17.8802 0.000230053 0.558408 -0.0168155 0.829396
1295965802 -25.914 0.814731 -18.255 0.00137683 0.559607 -0.0162939 0.828596
1295965802 -26.8821 0.760289 -18.4995 -0.000697125 0.565739 -0.020005 0.824341
1295965803 -27.8367 0.714753 -18.794 -0.00128858 0.568831 -0.0197324 0.822217
1295965803 -28.6508 0.771118 -19.372 0.00542957 0.56813 -0.0136834 0.822807
1295965804 -27.8276 0.741155 -18.805 0.0031103 0.568967 -0.0156281 0.822206
1295965804 -26.9359 0.693473 -18.3549 0.0025071 0.569583 -0.016143 0.821771
1295965805 -26.2022 0.635088 -17.678 0.00188461 0.569754 -0.0153766 0.82167
1295965805 -26.755 0.875927 -18.4757 0.00183866 0.569917 -0.0154057 0.821556
1295965806 -26.0444 0.723842 -17.7888 0.837339 0.120972 -0.524273 -0.0967861
1295965806 -25.1047 0.411481 -17.6495 0.837761 0.120419 -0.523475 -0.0981301
1295965807 -24.1426 0.489735 -17.388 0.836251 0.113882 -0.528607 -0.0910465
1295965807 -23.1812 0.56061 -17.1221 0.833222 0.113405 -0.532901 -0.0943252
1295965808 -22.2075 0.599706 -16.898 0.857137 0.120152 -0.492175 -0.092971
1295965808 -21.3481 0.867738 -17.3335 0.927662 0.135771 -0.341947 -0.0638888
1295965809 -20.6085 0.91845 -16.6623 0.933339 0.137823 -0.32553 -0.0625533
1295965809 -19.7335 0.902852 -16.1785 0.933606 0.135576 -0.325677 -0.0627113
1295965810 -19.0628 0.860443 -15.438 0.928456 0.132531 -0.340477 -0.066938
1295965810 -18.1851 0.967422 -14.9707 0.919221 0.130251 -0.365045 -0.0693521
1295965811 -17.4862 1.01606 -14.2573 0.912495 0.128418 -0.381692 -0.0719215
1295965811 -16.8059 1.12718 -13.5328 0.895725 0.128346 -0.419482 -0.0723757
1295965812 -16.0541 1.06167 -12.8766 0.888576 0.125666 -0.434439 -0.0768332
1295965812 -15.1599 1.06914 -12.429 0.866861 0.118835 -0.476728 -0.0846266
1295965813 -14.3208 1.1022 -11.8861 0.861185 0.117182 -0.48728 -0.0847771
1295965813 -13.3953 1.11178 -11.5074 0.860233 0.118311 -0.488458 -0.086087
1295965814 -12.5545 1.14012 -10.9667 0.852975 0.116013 -0.502182 -0.0823884
1295965814 -11.6802 1.21779 -10.4876 0.850234 0.111401 -0.507916 -0.0819294
1295965815 -10.7574 1.24433 -10.1032 0.84722 0.110658 -0.512537 -0.0853106
1295965816 -9.87795 1.36416 -9.64263 0.842213 0.109384 -0.521489 -0.0822301
1295965816 -8.9374 1.36481 -9.30299 0.840151 0.111737 -0.524385 -0.0817386
1295965817 -8.04385 1.41415 -8.85675 0.845568 0.111018 -0.516378 -0.077738
1295965817 -7.1445 1.50097 -8.42821 0.8619 0.116233 -0.488221 -0.0725158
1295965818 -6.20252 1.5607 -8.09791 0.906341 0.124017 -0.399421 -0.0602406
1295965818 -5.21923 1.56092 -7.91588 0.954931 0.155875 -0.250984 -0.0285948
1295965819 -5.40966 1.60789 -6.9353 0.914449 -0.301221 -0.264918 0.0535501
1295965819 -5.54865 1.25269 -7.8597 0.915506 -0.296047 -0.265837 0.0594596
1295965820 -4.98747 1.29302 -7.03299 0.91354 -0.310696 -0.256995 0.053526
1295965820 -5.49856 1.87165 -6.3974 0.902252 -0.316715 -0.283785 0.0714043
1295965821 -5.14839 1.81369 -5.46251 0.918754 -0.320145 -0.226451 0.0460265
1295965821 -4.69973 1.70997 -4.57484 0.919248 -0.326181 -0.21647 0.0416063
1295965822 -4.3458 1.75987 -3.6409 0.912614 -0.333573 -0.231193 0.0491387
1295965822 -4.17458 1.70109 -2.65743 0.906556 -0.340829 -0.244056 0.0492771
1295965823 -3.41157 1.79103 -2.01732 0.921132 -0.348957 -0.168895 0.0349314
1295965823 -3.24109 1.74952 -1.03284 0.921683 -0.351179 -0.162 0.0304867
1295965824 -2.98269 1.7788 -0.0672426 0.920208 -0.350993 -0.170053 0.0332169
1295965824 -2.6498 1.74342 0.875058 0.918781 -0.350207 -0.178553 0.0362768
1295965825 -2.38066 1.73692 1.83814 0.914745 -0.354182 -0.190703 0.0378091
1295965825 -1.90242 1.65945 2.71294 0.913807 -0.354827 -0.19318 0.0416655
1295965826 -1.46553 1.63577 3.61215 0.911189 -0.357963 -0.198933 0.0449797
1295965826 -1.32527 1.67917 4.60131 0.907 -0.357777 -0.217045 0.0473123
1295965827 -0.790671 1.70553 5.44601 0.907212 -0.353548 -0.222455 0.049843
1295965827 -0.727285 1.60249 6.43866 0.916472 -0.351008 -0.190093 0.0271332
1295965828 -0.032958 1.49215 7.14981 0.918791 -0.35102 -0.179162 0.0225695
1295965828 -0.393639 1.65182 8.06873 0.912338 -0.355841 -0.200831 0.026155
1295965829 -0.725389 1.67654 9.01178 0.907805 -0.357089 -0.218458 0.0255499
1295965829 -0.291132 1.64189 9.9119 0.905973 -0.35694 -0.225799 0.0286631
1295965830 0.0964207 1.57606 10.8314 0.902265 -0.358319 -0.237381 0.0342874
1295965830 0.516893 1.57249 11.7387 0.904629 -0.352287 -0.23748 0.0338065
1295965831 0.890745 1.50972 12.6641 0.904281 -0.349352 -0.242938 0.034795
1295965831 1.4648 1.48689 13.4826 0.902019 -0.351829 -0.246738 0.0412092
1295965832 2.185 1.17345 14.1015 0.903414 -0.351038 -0.24248 0.0426505
1295965832 2.71222 1.1904 14.951 0.901047 -0.350011 -0.251021 0.0509368
1295965833 3.17122 1.10559 15.8354 0.909541 -0.346943 -0.225427 0.0393532
1295965833 3.5015 1.12 16.7792 0.912994 -0.350507 -0.206417 0.0312892
1295965834 3.92449 1.17806 17.6835 0.909659 -0.355284 -0.212243 0.0353109
1295965834 3.91487 1.15187 18.6831 0.917516 -0.348871 -0.189892 0.0198797
1295965835 3.44032 1.64606 19.4115 0.937758 -0.324978 -0.120944 -0.0192604
1295965835 4.15328 1.65128 20.1127 0.946396 -0.320433 0.00828542 -0.0398606
1295965836 4.43705 1.8674 21.0469 0.942256 -0.313285 0.105181 -0.0542446
1295965836 4.29277 1.93559 22.0341 0.926867 -0.302363 0.205903 -0.084252
1295965837 3.99556 1.48636 22.8766 0.899859 -0.292188 0.297376 -0.128251
1295965837 3.34735 1.38119 23.6308 0.87278 -0.275516 0.371574 -0.155817
1295965838 2.66118 1.29807 24.3534 0.874057 -0.276589 0.368423 -0.154232
1295965838 1.88179 1.27168 24.9794 0.876592 -0.275627 0.36269 -0.155149
1295965839 1.05511 1.3123 25.5406 0.88011 -0.272696 0.356515 -0.154726
1295965839 1.3534 0.815607 26.3557 0.879457 -0.280629 0.348233 -0.162902
1295965840 0.566786 0.864271 26.9712 0.884058 -0.275465 0.339709 -0.1648
1295965841 -0.0894339 0.733883 27.7144 0.88576 -0.275387 0.335921 -0.163552
1295965841 -0.925882 1.22022 27.4618 0.863319 -0.261473 0.38894 -0.187184
1295965842 -1.81017 1.31144 27.9197 0.839868 -0.244312 0.438621 -0.206264
1295965842 -2.63333 1.18554 28.4734 0.842951 -0.246175 0.432756 -0.203848
1295965843 -3.46472 1.12662 29.026 0.8481 -0.24757 0.421843 -0.203676
1295965843 -4.33605 1.08423 29.5148 0.850602 -0.246223 0.417562 -0.203698
1295965844 -5.05425 0.662908 30.0686 0.804042 -0.224993 0.497772 -0.234773
1295965844 -5.83252 0.296955 30.5789 0.732581 -0.186868 0.596936 -0.268463
1295965845 -5.5984 -0.433923 31.22 0.579813 -0.115725 0.748968 -0.299118
1295965845 -4.97299 -0.77143 31.9235 0.425956 -0.0846518 0.823663 -0.364657
1295965846 -5.70603 -1.45046 31.963 0.172192 -0.038429 0.923206 -0.341414
1295965846 -6.47362 -2.08811 31.8981 0.0592925 0.016239 0.933831 -0.352393
1295965847 -6.6452 -2.24993 30.9264 0.0597333 0.0143068 0.93502 -0.349235
1295965847 -6.86481 -2.28252 29.9513 0.0214796 0.0289967 0.936472 -0.34888
1295965848 -7.60019 -2.95001 30.0682 -0.0622635 0.0666007 0.934929 -0.342922
1295965848 -6.95335 -2.60751 29.3868 -0.103359 0.0830237 0.931863 -0.337722
1295965849 -6.20769 -2.10192 28.9528 -0.00575689 0.0574724 0.939297 -0.338209
1295965849 -5.82008 -2.06994 28.0315 0.0261498 0.0463266 0.941191 -0.333662
1295965850 -5.79636 -2.06759 27.0318 0.0344724 0.0456358 0.941289 -0.332723
1295965850 -5.67562 -2.0652 26.0391 0.041637 0.041214 0.941071 -0.333096
1295965851 -5.73786 -2.15255 25.0449 0.0459273 0.0375087 0.940791 -0.333761
1295965851 -5.8148 -2.18529 24.0484 0.0495456 0.0369452 0.941018 -0.332663
1295965852 -5.88741 -2.35248 23.0652 0.0872047 0.0241746 0.938279 -0.333831
1295965852 -6.05733 -2.44458 22.084 0.130314 0.00837969 0.933623 -0.333611
1295965853 -6.38954 -2.56627 21.1487 0.133598 0.00798982 0.932633 -0.335087
1295965853 -6.76299 -2.74772 20.239 0.135538 0.00786428 0.932393 -0.334979
1295965854 -7.12385 -2.86094 19.3132 0.143147 0.00806735 0.929581 -0.339593
1295965854 -7.35247 -3.02586 18.3538 0.153306 0.00209331 0.92817 -0.339105
1295965855 -7.5942 -3.09432 17.3859 0.19647 -0.0127021 0.921062 -0.335981
1295965855 -7.9682 -3.17348 16.4618 0.228781 -0.0260303 0.914235 -0.3334
1295965856 -8.43119 -3.34081 15.5914 0.240032 -0.0295164 0.911965 -0.331412
1295965856 -8.83612 -3.46239 14.6852 0.259595 -0.0391623 0.906609 -0.330359
1295965857 -8.98787 -3.22789 13.725 0.315028 -0.0604339 0.889157 -0.32635
1295965857 -9.24385 -3.05237 12.7743 0.360847 -0.0854866 0.869519 -0.326218
1295965858 -9.95959 -3.20236 12.0923 0.368286 -0.0777144 0.868807 -0.321715
1295965858 -10.735 -3.36566 11.4823 0.369642 -0.0779898 0.868482 -0.32097
1295965859 -11.2786 -3.44917 10.6471 0.373417 -0.0802237 0.867315 -0.319199
1295965859 -11.9248 -3.61237 9.90159 0.376652 -0.0853917 0.864995 -0.320352
1295965860 -12.6216 -3.76162 9.20007 0.382024 -0.0885222 0.861913 -0.321446
1295965860 -13.3744 -3.66796 8.54851 0.387306 -0.0894887 0.860202 -0.319434
1295965861 -14.2323 -3.5384 8.0512 0.372817 -0.0736287 0.869236 -0.316251
1295965861 -14.506 -3.1575 7.16803 0.346201 -0.0521075 0.879018 -0.323662
1295965862 -14.0657 -2.89727 8.02732 0.257645 -0.0314546 0.908047 -0.328757
1295965862 -14.5959 -3.01898 7.18825 0.157343 0.00389021 0.928802 -0.335493
1295965863 -15.2493 -3.65305 7.60175 -0.0411171 0.0799162 0.942902 -0.320716
1295965863 -15.8465 -4.42406 7.38049 -0.169946 0.116734 0.925847 -0.3167
1295965864 -15.3579 -4.17017 6.54573 -0.267105 0.160063 0.901704 -0.299942
1295965865 -14.8708 -4.18916 5.67258 -0.357533 0.191144 0.869555 -0.281973
1295965865 -14.2067 -4.28809 4.93156 -0.450574 0.224795 0.824265 -0.258917
1295965866 -13.4105 -3.68371 4.96192 -0.490639 0.227906 0.800161 -0.258988
1295965866 -12.9164 -2.82666 5.10788 -0.5391 0.261497 0.760168 -0.251269
1295965867 -11.9986 -3.04012 4.77313 -0.552783 0.264238 0.751296 -0.245282
1295965867 -11.1687 -3.52583 4.49866 -0.595218 0.234517 0.713664 -0.285309
1295965868 -10.2157 -3.23426 4.58147 -0.49303 0.197433 0.78639 -0.315489
1295965868 -9.28512 -3.20521 4.21663 -0.466918 0.182851 0.80272 -0.322788
1295965869 -8.44953 -3.23778 3.66824 -0.465442 0.184964 0.803002 -0.323016
1295965869 -7.70747 -3.23656 2.9979 -0.464184 0.189404 0.802822 -0.3227
1295965870 -6.8812 -3.26384 2.4353 -0.511343 0.204601 0.774043 -0.312289
1295965870 -6.72938 -2.50138 3.06429 -0.52309 0.194577 0.760884 -0.331018
1295965871 -5.82022 -2.3729 2.66817 -0.526201 0.196346 0.758458 -0.330609
1295965871 -4.88289 -2.27542 2.33362 -0.515555 0.190133 0.766272 -0.332986
1295965872 -3.9544 -2.2773 1.96227 -0.504668 0.182801 0.775196 -0.333113
1295965872 -2.98282 -2.42738 1.77924 -0.398916 0.22829 0.855559 -0.23826
1295965873 -2.42086 -2.59785 0.969833 -0.515403 0.27739 0.788054 -0.190749
1295965873 -1.49888 -2.69519 0.595022 -0.600517 0.289955 0.723855 -0.17703
1295965874 -0.518471 -2.79999 0.42823 -0.595553 0.295433 0.72575 -0.176983
1295965874 0.0348012 -2.56809 1.2283 -0.597224 0.224969 0.759584 -0.125475
1295965875 1.01549 -2.74767 1.15088 -0.633216 0.227846 0.730814 -0.114172
1295965875 1.92898 -3.03675 1.4372 -0.623431 0.22245 0.740909 -0.113593
1295965876 2.91427 -3.20584 1.46192 -0.622914 0.212489 0.743972 -0.115468
1295965876 3.85742 -3.52745 1.54578 0.706076 -0.225113 -0.666009 0.0849313
1295965877 4.78746 -3.78794 1.80494 0.773451 -0.245157 -0.582428 0.0494932
1295965877 5.75723 -3.64891 2.0055 0.839527 -0.243626 -0.484305 0.0359085
1295965878 6.60721 -3.93538 2.44762 0.847671 -0.240825 -0.471605 0.0323322
1295965878 7.42461 -4.13803 2.98686 0.846832 -0.236928 -0.475071 0.0323785
1295965879 8.25868 -4.25325 3.52635 0.840706 -0.24064 -0.483999 0.032425
1295965879 9.07506 -4.15885 4.0961 0.786938 -0.244094 -0.563618 0.0589988
1295965880 10.0087 -4.40834 4.35322 0.731278 -0.241746 -0.633155 0.0768557
1295965880 10.261 -4.10957 5.27359 -0.673774 0.231108 0.696165 -0.08928
1295965881 10.927 -4.53623 4.66166 -0.664885 0.231472 0.703892 -0.0942609
1295965881 11.8549 -4.75172 4.35745 -0.673565 0.237967 0.693403 -0.0942054
1295965882 12.4064 -5.16496 3.63285 -0.673922 0.238604 0.693696 -0.0876514
1295965882 13.3625 -5.45766 3.61804 0.712483 -0.237957 -0.656035 0.0732326
1295965883 14.2482 -4.99538 3.57478 0.747554 -0.229528 -0.613498 0.110004
1295965883 15.242 -4.9886 3.68524 0.741676 -0.240355 -0.616802 0.108172
1295965884 14.9118 -4.6525 4.56727 0.731479 -0.235044 -0.630662 0.109358
1295965884 15.5084 -4.72047 5.36692 0.750723 -0.228374 -0.611879 0.0993199
1295965885 16.0704 -5.07946 4.62174 0.757154 -0.230638 -0.602873 0.10034
1295965885 17.0038 -5.24993 4.93745 0.750059 -0.228072 -0.612448 0.1015
1295965886 17.9342 -5.31505 5.29815 0.747858 -0.224147 -0.616391 0.102608
1295965886 18.8716 -5.39037 5.6381 0.742761 -0.221625 -0.622839 0.106115
1295965887 19.844 -5.47911 5.85414 0.737878 -0.21734 -0.629634 0.108906
1295965887 20.8236 -5.55512 6.04007 0.761589 -0.220332 -0.600829 0.102175
1295965888 21.8123 -5.57344 6.1886 0.763986 -0.232539 -0.593431 0.100449
1295965888 22.6298 -5.33579 6.71323 0.752187 -0.239849 -0.604936 0.103636
1295965889 23.2215 -5.28845 7.51802 0.745885 -0.234862 -0.614532 0.104145
1295965889 24.1948 -5.38563 7.72559 0.743654 -0.232514 -0.618176 0.103795
1295965890 25.1757 -5.57767 7.75652 0.74783 -0.237013 -0.61206 0.0997867
1295965890 25.6727 -6.19709 7.14882 0.770036 -0.24056 -0.583841 0.0911365
1295965891 25.4135 -6.34749 6.19478 0.77074 -0.236476 -0.585161 0.0873218
1295965892 25.5862 -6.9258 5.39746 0.895117 -0.230574 -0.377098 -0.0583016
1295965892 26.5419 -7.00784 5.68044 0.947072 -0.227437 -0.211654 -0.0808037
1295965893 26.2934 -6.94966 6.64733 0.954274 -0.214791 -0.189397 -0.0857635
1295965893 26.4659 -7.08211 7.62339 0.954753 -0.211151 -0.190823 -0.0863091
1295965894 26.7951 -7.41889 6.74123 0.971144 -0.196412 -0.105314 -0.0849116
1295965894 27.1766 -7.68987 5.85749 0.980042 -0.173029 -0.0255607 -0.094479
1295965895 27.0429 -7.78512 6.84392 0.980301 -0.171615 -0.0231325 -0.0949948
1295965895 26.7636 -7.46283 7.74843 0.980433 -0.161553 0.0441931 -0.103434
1295965896 27.447 -7.30711 7.0352 0.976128 -0.14876 0.0793651 -0.136918
1295965896 26.5627 -7.21891 7.49367 0.970281 -0.133029 0.138732 -0.147008
1295965897 27.0633 -7.96121 7.93908 0.958574 -0.14117 0.173539 -0.176327
1295965897 26.4534 -7.94829 8.73143 0.961402 -0.142366 0.161158 -0.171658
1295965898 26.299 -8.10245 9.70734 0.963229 -0.138393 0.156974 -0.168514
1295965898 25.988 -8.49993 10.5706 0.967699 -0.140996 0.125725 -0.166948
1295965899 25.0116 -8.28772 10.6116 0.975958 -0.158835 0.0475981 -0.141462
1295965899 24.8876 -8.58859 11.5572 0.976133 -0.161441 0.0333376 -0.141386
1295965900 24.8388 -8.82881 12.5267 0.976063 -0.162165 0.0323883 -0.141259
1295965900 24.4766 -9.17865 13.3906 0.966787 -0.130595 0.136312 -0.172298
1295965901 25.4066 -9.28427 13.0385 0.936924 -0.0936692 0.268935 -0.202664
1295965901 26.3867 -9.37812 12.8633 0.886505 -0.0625779 0.412755 -0.199564
1295965902 26.9534 -9.64922 13.6414 0.71696 -0.0262922 0.653794 -0.24048
1295965902 26.4884 -10.2036 14.3316 0.627295 0.00769907 0.737798 -0.249192
1295965903 25.5824 -10.6034 14.1925 0.624015 0.00956262 0.739681 -0.251768
1295965903 24.6385 -10.9172 14.0903 0.627713 0.00934694 0.736716 -0.251274
1295965904 23.6828 -11.2046 14.1549 0.60631 0.0156562 0.756187 -0.245611
1295965904 22.7563 -11.5197 13.9494 0.511624 0.0460976 0.822957 -0.242607
1295965905 21.9238 -11.833 13.4924 0.499408 0.052501 0.829278 -0.24522
1295965905 20.9854 -12.1783 13.4997 0.49738 0.0581475 0.831553 -0.240316
1295965906 20.0396 -12.4685 13.3538 0.505396 0.0556412 0.828454 -0.234826
1295965906 19.2235 -12.8331 12.9055 0.511701 0.053675 0.824913 -0.234092
1295965907 18.4348 -13.1136 12.3584 0.520647 0.0525433 0.819334 -0.234216
1295965907 17.5967 -13.4138 11.903 0.524564 0.0499845 0.815711 -0.238642
1295965908 16.775 -13.73 11.4288 0.530967 0.0470316 0.81164 -0.23896
1295965908 16.0111 -14.0778 10.8852 0.536439 0.0444424 0.808199 -0.238897
1295965909 15.1743 -14.3782 10.4275 0.53963 0.0420795 0.806195 -0.238913
1295965909 14.2924 -14.7362 10.1207 0.540784 0.0406534 0.805796 -0.237893
1295965910 13.4065 -15.0632 9.79169 0.473431 0.0604132 0.8458 -0.2384
1295965910 12.7309 -15.4719 9.17798 0.475054 0.0592337 0.844655 -0.239526
1295965911 11.9776 -15.6947 8.5593 0.512573 0.0486775 0.8229 -0.24028
1295965911 11.1621 -16.0485 8.10122 0.520342 0.0475656 0.818601 -0.238482
1295965912 10.3663 -16.2949 7.54801 0.581065 0.0271285 0.777654 -0.238499
1295965912 9.459 -16.4576 7.16035 0.637808 0.0121675 0.730892 -0.24259
1295965913 8.58233 -16.8541 6.88781 0.647634 0.0049099 0.722114 -0.243101
1295965913 8.63943 -16.4415 5.97866 0.806135 -0.0419821 0.500699 -0.312543
1295965914 7.76565 -16.893 6.15952 0.825239 -0.0540448 0.466461 -0.313806
1295965914 8.75241 -16.8565 6.31753 0.800729 -0.0346422 0.506103 -0.31858
1295965915 8.85776 -16.2457 5.53272 0.814421 -0.0570842 0.475176 -0.328128
1295965916 9.50422 -15.6236 5.0911 0.828386 -0.0533296 0.459508 -0.315886
1295965916 8.6508 -15.8643 5.55342 0.825115 -0.0483574 0.468723 -0.311681
1295965917 7.7741 -16.2569 5.83141 0.82419 -0.0467611 0.471437 -0.310276
1295965917 8.43516 -16.8566 5.38051 -0.488181 0.293393 -0.370369 0.733776
1295965918 7.64957 -17.2167 4.87733 -0.451828 0.233591 -0.402695 0.761001
1295965918 6.90127 -17.7853 4.53555 -0.454885 0.235307 -0.403848 0.758035
1295965919 6.12174 -17.9082 3.92136 -0.409367 0.166363 -0.438822 0.782417
1295965919 6.63891 -18.7321 3.68953 -0.249941 -0.0253606 -0.519141 0.816933
1295965920 7.06587 -18.9228 4.57345 -0.187558 -0.119764 -0.538006 0.813036
1295965920 7.36627 -19.863 4.73413 -0.124124 -0.220402 -0.551515 0.794889
1295965921 7.76132 -20.6812 5.15184 -0.0290813 -0.346386 -0.560763 0.751476
1295965921 8.21343 -21.0679 4.34807 0.0246806 -0.414355 -0.560346 0.716738
1295965922 8.75029 -21.5439 3.65153 0.0222157 -0.415326 -0.5607 0.715979
1295965922 9.34778 -22.0098 2.99889 0.0185708 -0.412288 -0.560358 0.718103
1295965923 9.94644 -22.4517 2.33079 0.0157122 -0.406967 -0.561225 0.720526
1295965923 10.5733 -22.886 1.68394 0.0106119 -0.399085 -0.562359 0.724135
1295965924 11.126 -23.3408 0.985584 0.00669308 -0.395439 -0.560722 0.727443
1295965924 11.5816 -23.7495 0.194774 0.000662831 -0.3922 -0.556941 0.732118
1295965925 12.1412 -24.1808 -0.512936 -0.000713218 -0.387728 -0.556069 0.735155
1295965925 12.6415 -24.6923 -1.21159 -0.00161799 -0.388036 -0.556013 0.735034
1295965926 13.2531 -25.2017 -1.81685 0.043526 -0.445061 -0.554322 0.701964
1295965927 13.9031 -25.6681 -2.41692 0.0760062 -0.480435 -0.548932 0.679764
1295965927 14.6154 -26.1079 -2.96387 0.0988054 -0.508993 -0.54513 0.658784
1295965928 15.4009 -26.6171 -3.31557 0.152139 -0.56963 -0.533813 0.606151
1295965928 16.243 -27.1501 -3.39839 0.236943 -0.638002 -0.499817 0.535718
1295965929 17.0236 -27.7534 -3.23521 -0.274584 0.677544 0.476961 -0.487899
1295965929 17.9523 -28.1176 -3.16583 -0.276026 0.679309 0.480049 -0.481562
1295965930 18.8249 -28.606 -3.1665 -0.275545 0.686476 0.472769 -0.478869
1295965930 19.5632 -29.2653 -3.30887 -0.295469 0.71935 0.440441 -0.448604
1295965931 20.398 -29.6068 -2.87693 -0.312778 0.7112 0.446783 -0.443564
1295965931 19.4798 -29.8399 -2.55656 -0.320911 0.738335 0.428172 -0.410544
1295965932 20.3383 -29.3271 -2.55604 -0.283921 0.779677 0.411095 -0.377483
1295965932 20.7357 -30.2285 -2.38403 -0.325065 0.839945 0.348496 -0.259567
1295965933 20.9889 -31.111 -1.98773 -0.358406 0.859567 0.318892 -0.176062
1295965933 21.5197 -31.3227 -1.16709 -0.374911 0.863172 0.308858 -0.13778
1295965934 21.819 -31.933 -0.433657 -0.374735 0.864036 0.306429 -0.138262
1295965934 22.2744 -32.3654 0.344631 -0.371004 0.863022 0.310335 -0.145742
1295965935 22.3852 -33.2008 0.88294 -0.372625 0.865352 0.299871 -0.149644
1295965935 22.9332 -33.5421 1.64667 -0.374257 0.863334 0.301134 -0.154606
1295965936 23.3504 -32.7331 2.06078 -0.374328 0.865138 0.30042 -0.145473
1295965936 23.8595 -33.4966 2.45814 -0.37939 0.864081 0.295704 -0.14828
1295965937 24.408 -33.8083 3.234 -0.397493 0.871981 0.270718 -0.0914315
1295965937 24.7658 -34.0785 4.12789 -0.394668 0.870046 0.278957 -0.0971636
1295965938 25.1603 -34.537 4.92414 -0.383298 0.871052 0.285591 -0.113089
1295965938 25.6241 -34.8721 5.74433 -0.379445 0.870715 0.289001 -0.119811
1295965939 25.9514 -35.3572 6.55523 -0.375116 0.87126 0.290189 -0.126432
1295965939 26.3205 -35.8692 7.33087 -0.380289 0.868749 0.289849 -0.129009
1295965940 26.3386 -35.4045 8.21617 -0.370301 0.859539 0.320661 -0.145762
1295965940 26.9119 -35.1776 9.00346 -0.357982 0.851203 0.34405 -0.170094
1295965941 27.5697 -34.7905 9.6495 -0.351673 0.845599 0.358447 -0.181119
1295965942 28.0768 -35.2983 10.3459 -0.364787 0.846483 0.353702 -0.159035
1295965942 28.6719 -35.8306 10.9481 -0.358156 0.849226 0.350995 -0.165354
1295965943 29.1875 -36.3689 11.6147 -0.370526 0.856176 0.334396 -0.13361
1295965943 29.7013 -36.8372 12.3335 -0.391667 0.86163 0.311585 -0.084294
1295965944 30.1223 -37.2727 13.1292 -0.384919 0.861446 0.317756 -0.0936985
1295965944 29.5442 -37.6275 12.3944 -0.367481 0.8686 0.312194 -0.114132
1295965945 29.2159 -38.4774 12.8066 -0.380243 0.874064 0.290385 -0.0842845
1295965945 29.4941 -38.257 13.7415 -0.367434 0.866275 0.325451 -0.0929549
1295965946 30.0037 -38.3172 14.5998 -0.360864 0.86203 0.338206 -0.110898
1295965946 29.2093 -38.8514 14.3107 -0.398587 0.863601 0.307702 -0.0253316
1295965947 29.4083 -39.3316 15.165 -0.442741 0.853575 0.257805 0.0944799
1295965947 29.4657 -40.0756 15.8307 -0.477261 0.832439 0.172948 0.222162
1295965948 29.6373 -40.1893 16.8093 -0.486778 0.818147 0.124188 0.279751
1295965948 29.3391 -40.7925 17.549 -0.485168 0.819557 0.120582 0.279997
1295965949 29.0362 -41.2018 18.4096 -0.495386 0.794545 0.0906485 0.339224
1295965949 28.5942 -42.0777 18.2163 -0.481599 0.787037 0.0760119 0.377964
1295965950 28.1126 -42.6046 18.9166 -0.482494 0.787287 0.076315 0.376238
1295965950 27.7016 -42.8816 19.7852 -0.481193 0.791182 0.0810191 0.368675
1295965951 27.2185 -43.3831 20.5029 -0.483955 0.773239 0.0553725 0.405983
1295965951 26.7568 -44.2656 20.5921 -0.452451 0.739049 0.0832555 0.492101
1295965952 26.5613 -44.0083 21.5385 -0.480515 0.719358 0.0955698 0.492439
1295965952 26.8551 -44.1206 20.5892 -0.492503 0.667124 0.054592 0.556243
1295965953 26.179 -44.6439 21.1078 -0.491748 0.673218 0.0597267 0.548993
1295965953 25.394 -45.2103 21.3591 -0.492202 0.647075 0.0430947 0.580666
1295965954 24.6513 -45.8376 21.593 -0.492774 0.571281 -0.0203274 0.656048
1295965954 25.0988 -46.3742 20.8776 -0.481702 0.364659 -0.167871 0.778978
1295965955 25.9795 -46.7611 20.6042 -0.4646 0.240674 -0.242402 0.816985
1295965955 26.7967 -47.3221 20.4725 -0.459208 0.163854 -0.281356 0.82651
1295965956 26.2145 -48.0173 20.0509 -0.461746 0.162893 -0.2811 0.825372
1295965956 25.6473 -48.732 19.6418 -0.464382 0.172879 -0.277678 0.823017
1295965957 25.1455 -49.4449 19.1519 -0.469452 0.17907 -0.273204 0.82031
1295965957 24.6692 -50.1037 18.5696 -0.464879 0.171579 -0.274228 0.824165
1295965958 24.1272 -50.8196 18.1292 -0.468647 0.176458 -0.267471 0.82322
1295965958 23.4625 -51.459 17.7429 -0.474673 0.185724 -0.263102 0.819127
1295965959 22.7829 -52.0835 17.3579 -0.483043 0.195556 -0.257918 0.813576
1295965959 22.2099 -52.7651 16.9029 -0.482666 0.205407 -0.252397 0.813103
1295965960 23.0248 -53.3376 16.8121 -0.460813 0.115473 -0.299793 0.82731
1295965960 23.9481 -53.5484 17.1332 -0.436948 0.0112158 -0.353316 0.827114
1295965961 23.1346 -53.4452 16.5608 -0.411483 -0.0648944 -0.398274 0.81722
1295965961 22.8238 -54.1901 15.9704 -0.365145 -0.156878 -0.445574 0.802199
1295965962 22.5364 -54.6451 15.1276 -0.31375 -0.244954 -0.488232 0.776651
1295965962 22.643 -55.0563 14.2223 -0.297968 -0.27407 -0.497768 0.767025
1295965963 22.6811 -55.6536 13.4211 -0.298972 -0.271106 -0.502276 0.764746
1295965963 22.6862 -56.2504 12.6188 -0.29702 -0.273749 -0.515546 0.755681
1295965964 22.8888 -57.0531 12.0579 -0.294247 -0.268978 -0.519013 0.756106
1295965964 22.9449 -57.6974 11.2951 -0.298139 -0.270261 -0.513515 0.757875
1295965965 22.9766 -58.1935 10.4275 -0.300819 -0.258786 -0.522827 0.754446
1295965965 22.9084 -57.2825 10.0207 -0.318711 -0.236826 -0.515562 0.759297
1295965966 23.0166 -57.9954 9.32786 -0.321503 -0.221486 -0.510341 0.766246
1295965967 22.8624 -58.9039 8.9393 -0.37024 -0.132943 -0.522938 0.756164
1295965967 22.3951 -58.5809 8.11628 -0.461122 -0.0177066 -0.464466 0.75586
1295965968 21.8966 -59.2304 7.54203 -0.468303 -0.0119288 -0.454351 0.757704
1295965968 21.3189 -59.7801 6.93868 -0.50324 0.0549541 -0.410904 0.758213
1295965969 20.7343 -59.0021 6.70873 -0.549453 0.177115 -0.338082 0.743258
1295965969 20.1273 -59.7967 6.72508 -0.567033 0.187366 -0.329795 0.731165
1295965970 19.3877 -60.4187 6.46802 -0.554528 0.160003 -0.347653 0.738942
1295965970 18.7205 -61.072 6.11029 -0.557364 0.163727 -0.343693 0.737844
1295965971 17.7581 -61.2736 5.92793 -0.570232 0.189174 -0.325693 0.73005
1295965971 17.2802 -60.3955 5.94918 -0.621275 0.320035 -0.225173 0.678891
1295965972 17.3149 -59.4034 6.07025 -0.657342 0.476491 -0.070036 0.579615
1295965972 18.0735 -59.8869 5.63356 -0.718793 0.460974 -0.113916 0.507803
1295965973 17.3867 -60.2191 6.28006 0.729307 -0.519971 0.0222313 -0.444126
1295965973 16.8711 -60.767 6.93874 0.729077 -0.529326 0.00704384 -0.433833
1295965974 16.3918 -61.2825 7.64908 0.732097 -0.531883 -0.0020976 -0.425594
1295965974 15.6838 -61.5789 8.29014 0.727291 -0.560567 -0.0444007 -0.3935
1295965975 15.1844 -61.9798 9.05819 0.723045 -0.570626 -0.0612638 -0.384498
1295965975 15.182 -62.8601 9.5325 0.72372 -0.569124 -0.0617089 -0.385383
1295965976 15.0957 -63.4755 10.316 0.722251 -0.57489 -0.0647311 -0.379032
1295965976 14.7203 -63.8154 11.1783 0.723346 -0.578766 -0.0765987 -0.36869
1295965977 14.3236 -64.1681 12.0258 0.718335 -0.594199 -0.109204 -0.344959
1295965977 13.917 -64.6033 12.829 0.715548 -0.599402 -0.123377 -0.336876
1295965978 13.6837 -65.1823 13.6103 0.714707 -0.601703 -0.126889 -0.333237
1295965978 13.5603 -65.6945 14.4602 0.712822 -0.605575 -0.119932 -0.332836
1295965979 13.1791 -66.5566 14.7942 -0.622046 0.654738 0.105865 0.416138
1295965979 12.5335 -67.2652 15.079 -0.62285 0.623377 0.0770859 0.466387
1295965980 12.0013 -67.7325 15.785 -0.62108 0.628345 0.0850007 0.460669
1295965980 11.4293 -68.2487 16.4224 -0.619044 0.633595 0.0974013 0.453713
1295965981 10.9647 -68.8223 17.0971 -0.614624 0.641562 0.109776 0.445628
1295965981 11.8698 -69.0022 17.4821 -0.612092 0.642382 0.120473 0.445169
1295965982 12.7874 -69.2376 17.8025 -0.613233 0.639833 0.123891 0.44633
1295965982 12.4055 -70.0415 18.2585 -0.614573 0.639124 0.122426 0.445906
1295965983 13.1585 -69.9408 17.6082 -0.614407 0.634887 0.116523 0.453701
1295965983 12.9907 -70.9201 17.722 -0.615953 0.633035 0.117996 0.453812
1295965984 12.9915 -71.8415 17.3335 -0.615726 0.632983 0.117679 0.454276
1295965984 13.1383 -71.0368 16.7583 -0.614984 0.633626 0.118075 0.45428
1295965985 12.6256 -71.5145 17.4716 -0.617732 0.621338 0.1023 0.471043
1295965985 13.047 -70.7844 16.9337 -0.620687 0.626086 0.102713 0.460667
1295965986 12.6628 -71.5176 17.4948 0.623017 -0.610689 -0.0853695 -0.481271
1295965986 12.326 -72.169 18.1747 -0.628086 0.577203 0.0402707 0.520311
1295965987 11.865 -72.8992 18.6791 -0.62863 0.57699 0.0399303 0.519916
1295965987 11.3795 -73.4903 19.3231 -0.628041 0.553747 0.00858115 0.546676
1295965988 10.9066 -74.3644 19.4347 -0.62805 0.518422 -0.0242318 0.579831
1295965988 10.4958 -75.2527 19.6399 -0.631148 0.51146 -0.0289152 0.58243
1295965989 9.89569 -75.9114 20.0937 -0.632328 0.514524 -0.0275699 0.578504
1295965989 9.26238 -76.5404 20.5446 -0.631734 0.532289 -0.0113299 0.563429
1295965990 8.6579 -77.2364 20.932 -0.630849 0.551046 0.0097613 0.546152
1295965990 8.12381 -77.9663 21.3586 0.625766 -0.598445 -0.0630456 -0.496292
1295965991 8.56914 -77.1258 21.0502 0.624756 -0.618352 -0.0909812 -0.46802
1295965991 8.07417 -77.7952 21.6042 0.623685 -0.620638 -0.0950528 -0.465608
1295965992 7.64556 -78.4896 22.1821 0.624084 -0.622143 -0.0981485 -0.462411
1295965993 7.15 -79.1297 22.7693 -0.622987 0.625393 0.103223 0.458383
1295965993 6.73201 -79.8174 23.3629 0.62664 -0.598621 -0.0685734 -0.49424
1295965994 6.40395 -80.4539 24.0609 -0.633519 0.556052 0.00881804 0.537941
1295965994 5.94189 -81.1197 24.6467 -0.637484 0.55685 0.0102013 0.53238
1295965995 5.35483 -81.8055 25.0769 -0.636153 0.559749 0.0164386 0.530773
1295965995 4.87923 -82.5323 25.5724 -0.637226 0.56018 0.0169088 0.529015
1295965996 4.32795 -83.2373 26.0186 -0.637585 0.561142 0.0197269 0.527462
1295965996 3.59137 -83.7953 26.4008 -0.634899 0.564538 0.0213151 0.527015
1295965997 3.07074 -84.5345 26.8281 -0.633982 0.566659 0.0242382 0.525715
1295965997 2.33186 -85.0544 27.2568 -0.634463 0.568983 0.0234244 0.522653
1295965998 1.90058 -85.8144 27.7429 -0.633239 0.569183 0.0240421 0.52389
1295965998 1.43109 -86.558 28.2191 -0.636694 0.53216 -0.0167877 0.557803
1295965999 0.993725 -87.2233 28.8241 -0.641455 0.52676 -0.0258266 0.557128
1295965999 1.24113 -88.1667 29.045 -0.649707 0.520237 -0.0353316 0.55316
1295966000 0.6876 -88.7491 29.6402 -0.652524 0.524384 -0.030673 0.546162
1295966001 0.163248 -89.4359 30.1436 -0.652184 0.533492 -0.0236125 0.538038
1295966001 -0.415531 -90.1334 30.5661 -0.652491 0.52533 -0.0295427 0.545354
1295966002 -0.910914 -90.8335 31.0805 -0.652475 0.498013 -0.0610409 0.56792
1295966002 -1.20542 -91.2152 31.9566 -0.660315 0.500173 -0.0678851 0.55606
1295966003 -1.057 -92.1965 32.0787 -0.663695 0.42542 -0.145347 0.59783
1295966003 -1.83667 -92.629 32.5316 -0.656011 0.390501 -0.182915 0.619435
1295966004 -2.48032 -93.3233 32.8537 -0.636409 0.32097 -0.247544 0.656265
1295966004 -3.43938 -93.1101 33.04 -0.649285 0.358703 -0.218493 0.634051
1295966005 -4.33455 -93.5039 33.2487 -0.659819 0.386806 -0.192229 0.614872
1295966005 -5.0515 -94.1721 33.4475 -0.661054 0.391492 -0.184174 0.613043
1295966006 -5.09081 -93.1771 33.5395 -0.687477 0.447954 -0.110162 0.560872
1295966007 -5.36547 -94.0557 33.9302 -0.691082 0.453681 -0.253015 0.502556
1295966008 -4.5946 -93.6885 33.4097 -0.691891 0.447818 -0.25856 0.503878
1295966008 -4.28481 -92.7938 33.0878 -0.691798 0.44749 -0.258759 0.504195
1295966009 -4.99552 -93.1532 33.6925 -0.691909 0.447334 -0.258653 0.504235
1295966009 -4.08734 -92.735 33.7103 -0.691565 0.447673 -0.257446 0.505023
1295966010 -3.55814 -92.1589 33.0874 -0.691569 0.447695 -0.257604 0.504918
1295966010 -2.62872 -92.1593 32.7184 -0.690655 0.44841 -0.259488 0.50457
1295966011 -3.3537 -92.4079 33.3607 -0.690751 0.448561 -0.259579 0.504257
1295966011 -4.01114 -91.6545 33.3514 -0.690614 0.448511 -0.259881 0.504334
1295966012 -3.10729 -91.7055 32.9266 -0.691846 0.447622 -0.258257 0.504269
1295966012 -2.46332 -91.7505 32.1629 -0.691548 0.447899 -0.258256 0.504432
1295966013 -1.99638 -91.0196 31.6652 -0.691157 0.448918 -0.259014 0.503672
1295966013 -1.25194 -90.6151 31.134 -0.690988 0.447787 -0.259239 0.504795
