1295965766 0.914854 0.231015 0.331171 6.66998e-05 -0.0013883 -0.000210807 0.999999
1295965767 0.375006 -0.205904 1.05066 -0.53657 -0.437115 0.721819 -0.000418895
1295965768 -0.290624 -0.685085 0.478541 -0.595229 0.787945 0.0346654 0.153765
1295965768 -0.897487 -0.76376 1.26944 0.718445 0.600758 0.128666 -0.326147
1295965769 -1.14262 -1.52466 1.87023 0.578457 -0.470015 0.368295 0.555726
1295965769 -1.31068 -2.47739 1.61713 0.385261 0.645715 0.606737 -0.257868
1295965770 -1.20946 -1.50162 1.8111 0.385156 0.645817 0.606597 -0.258101
1295965770 -0.911789 -0.566106 1.6208 0.384 0.647561 0.604572 -0.260196
1295965771 -0.942195 -1.50869 1.28821 0.384124 0.647579 0.604521 -0.260085
1295965772 -1.11362 -0.537892 1.45605 0.383715 0.648015 0.604013 -0.260783
1295965772 -0.80727 0.11684 0.765054 0.38382 0.648491 0.603179 -0.261374
1295965773 -1.03532 -0.83923 0.580868 0.499171 -0.174433 0.225814 0.818174
1295965773 -0.89208 0.0266272 0.101521 0.136108 0.582292 0.782451 -0.173724
1295965774 -1.00947 -0.904192 -0.244593 0.0553076 0.608503 0.788424 -0.0710819
1295965774 -0.774186 0.0329054 0.0132629 0.157107 0.5997 0.770934 -0.146077
1295965775 -1.32759 0.772925 0.395512 0.591657 0.307975 -0.200306 0.717615
1295965775 -0.957075 -0.109854 0.684335 -0.312753 0.76792 0.550208 0.0987721
1295965776 -1.54159 0.693832 0.572835 -0.282012 0.771789 0.567483 0.0526762
1295965776 -1.7415 1.64287 0.329184 -0.279407 0.771657 0.569348 0.0481623
1295965777 -1.32718 0.790568 0.648439 0.707169 0.321378 -0.13466 0.615219
1295965777 -0.933621 -0.100596 0.422738 0.700016 0.343901 -0.165096 0.603699
1295965778 -1.31068 0.807416 0.605336 -0.311811 0.793976 0.519899 0.0456231
1295965778 -0.676751 0.0948889 0.906069 0.560644 0.423703 -0.37091 0.607108
1295965779 -0.757698 1.08826 0.824406 -0.472009 0.536492 0.568612 0.40751
1295965779 -0.8688 2.0702 0.671308 -0.467303 0.538665 0.572769 0.404233
1295965780 -0.611479 1.10413 0.693649 0.432211 0.419661 -0.486216 0.632987
1295965780 -0.465636 0.165096 1.005 0.429447 0.420534 -0.486097 0.634378
1295965781 -0.773968 1.08613 0.767024 -0.521174 0.519216 0.545762 0.401169
1295965781 -0.853694 2.08282 0.751387 -0.508845 0.526213 0.559732 0.388429
1295965782 -1.27127 1.76007 -0.0980036 -0.451431 0.564557 0.601743 0.339692
1295965782 -1.63998 0.831417 -0.0573114 0.835541 0.427868 0.0204477 0.344067
1295965783 -2.14653 0.172545 -0.613447 -0.503519 0.417776 0.283051 0.701294
1295965783 -2.98838 -0.288796 -0.893565 0.385486 0.876658 -0.245988 -0.149535
1295965784 -3.21554 -0.0154392 -1.82827 0.385335 0.876863 -0.245077 -0.150219
1295965784 -2.59482 0.629156 -2.2746 0.152072 0.181929 0.329337 0.913955
1295965785 -2.47077 0.242168 -1.3609 -0.509826 0.275633 0.775896 -0.249177
1295965785 -3.31249 0.608966 -0.964711 0.283737 0.317692 0.342167 0.837548
1295965786 -4.10434 1.17049 -1.20486 -0.491843 -0.138077 0.850024 -0.128389
1295965786 -3.44716 1.13435 -1.95773 0.130734 0.0934733 0.236515 0.958244
1295965787 -4.32946 0.958794 -2.39447 0.130638 0.0946245 0.236043 0.958261
1295965787 -4.32561 0.472932 -1.52044 0.130723 0.0945749 0.236141 0.95823
1295965788 -3.47086 0.973041 -1.38149 0.129733 0.0927599 0.236157 0.958538
1295965788 -3.74886 1.10699 -2.33269 0.12893 0.0943543 0.235366 0.958685
1295965789 -3.70254 1.43822 -3.2751 -0.385336 0.206669 0.879959 -0.185677
1295965789 -3.02713 1.27091 -3.99331 0.0924962 0.327071 0.159453 0.926846
1295965790 -3.1861 1.56995 -4.93421 0.0931367 0.327242 0.156783 0.927177
1295965790 -3.72654 1.62256 -5.77395 -0.412721 0.161606 0.880808 -0.166498
1295965791 -4.23609 1.13394 -6.4822 -0.411925 0.162125 0.880793 -0.168038
1295965792 -3.44211 1.73618 -6.39909 -0.117255 0.960311 -0.200183 0.15486
1295965792 -3.37497 1.36535 -7.32536 0.888443 0.0500846 -0.419947 -0.178339
1295965792 -2.41068 1.44078 -7.0715 -0.0548257 0.540162 -0.370571 0.753589
1295965793 -1.50384 1.39073 -6.65299 -0.0675732 0.532333 -0.366012 0.760323
1295965794 -0.641499 1.19523 -6.18593 -0.0702261 0.532456 -0.36314 0.761372
1295965794 0.182362 1.07783 -5.63143 0.672052 0.109215 -0.658493 -0.320632
1295965795 -0.755749 1.4103 -5.53441 -0.0754983 0.692505 -0.286471 0.657777
1295965795 0.0967625 0.942591 -5.76781 -0.433942 -0.00668008 0.840243 0.325026
1295965796 -0.696501 1.25332 -5.24419 -0.082257 0.543492 -0.33232 0.766429
1295965796 0.22583 0.952754 -5.00136 -0.0896898 0.561442 -0.332071 0.752641
1295965797 1.16525 0.635389 -4.87188 -0.0930199 0.579137 -0.331204 0.739088
1295965797 0.229797 0.86747 -5.13846 -0.0889242 0.568196 -0.333207 0.74714
1295965798 -0.680983 1.10426 -5.4767 -0.575936 -0.0858628 0.744369 0.326864
1295965798 0.211297 0.670801 -5.60301 -0.587404 -0.0951823 0.734475 0.326257
1295965799 1.192 0.524025 -5.73219 -0.616664 -0.107076 0.711879 0.318573
1295965799 0.772566 0.824416 -4.87554 -0.616761 -0.11269 0.711158 0.318058
1295965800 1.6361 0.608414 -5.33123 0.0634538 0.494488 -0.241345 0.832591
1295965800 1.68107 0.680301 -6.32763 0.881023 0.36347 0.116916 -0.279318
1295965801 1.58202 0.116702 -5.50754 -0.366939 0.851499 -0.328609 -0.179784
1295965801 1.67042 0.819896 -4.80206 0.857865 0.361413 0.156434 -0.330117
1295965802 1.61051 0.162162 -4.0512 -0.35402 0.843283 -0.366509 -0.170922
1295965802 1.4337 -0.593363 -4.68201 0.883743 0.315439 0.037474 -0.343646
1295965803 1.49006 -1.21777 -3.90294 -0.333746 0.853613 -0.383257 -0.114334
1295965803 1.76779 -1.82438 -4.64786 -0.335353 0.856738 -0.376079 -0.110011
1295965804 1.52035 -1.23915 -3.87567 -0.33518 0.855584 -0.378255 -0.112043
1295965804 1.36131 -0.559648 -3.15944 0.827761 0.370388 0.212212 -0.36413
1295965805 1.55988 -1.1126 -2.35023 -0.216743 0.862395 -0.438118 0.13172
1295965805 0.686645 -0.696353 -2.09686 0.660108 0.445156 0.418288 -0.437183
1295965806 0.773558 -1.50451 -1.51434 0.660474 0.444349 0.418657 -0.437098
1295965806 0.542858 -0.594381 -1.8585 -0.475698 0.836455 -0.249086 -0.109594
1295965807 0.428805 -0.262716 -0.922024 -0.474901 0.833937 -0.254851 -0.118611
1295965807 0.328941 0.104685 0.00266128 0.807418 0.519785 0.255036 -0.113391
1295965808 0.558231 0.370472 -0.933706 -0.487471 0.837334 -0.212389 -0.127026
1295965808 0.171443 -0.0501049 -0.11303 -0.448396 0.842956 -0.296929 0.0141342
1295965809 0.515118 -0.410409 -0.980248 0.849024 0.480385 0.0727317 -0.2076
1295965809 0.86697 -0.560691 -0.0563353 0.850212 0.478537 0.0727046 -0.207016
1295965810 0.73814 -0.167832 -0.966865 0.852256 0.472809 0.0600164 -0.21566
1295965810 1.02111 -0.244527 -0.0108075 -0.341377 0.795122 -0.412804 0.284316
1295965811 0.28974 0.156109 0.541089 0.837502 0.342529 -0.264448 -0.333665
1295965811 0.894233 -0.135366 1.28246 -0.372925 0.764294 -0.463808 0.248322
1295965812 1.60798 -0.698408 0.865864 -0.37873 0.769967 -0.45678 0.234663
1295965812 0.789007 -0.3305 1.30624 0.794733 0.479424 -0.0313184 -0.370905
1295965813 0.431439 0.20532 0.54136 0.7948 0.474939 -0.041571 -0.375497
1295965813 -0.0716518 0.636589 -0.207578 0.793866 0.474861 -0.0422273 -0.377492
1295965814 -0.435627 1.19119 -0.955872 0.794239 0.470356 -0.0574423 -0.380329
1295965814 -0.0404842 0.693891 -0.183499 -0.457507 0.753402 -0.470461 0.0416963
1295965815 -0.57617 1.27997 0.424407 0.766369 0.504731 0.0315534 -0.396143
1295965816 -0.326898 0.702118 1.20155 -0.478492 0.701138 -0.524548 -0.0655791
1295965816 0.146058 -0.0219897 0.699572 -0.482139 0.699974 -0.52269 -0.0661334
1295965817 0.508843 -0.811307 0.204228 0.733543 0.484292 0.0329395 -0.475701
1295965817 0.138816 -0.129621 -0.426949 -0.469234 0.686804 -0.551551 -0.0625393
1295965818 0.667157 -0.806527 -0.939446 0.683678 0.528744 0.132544 -0.485228
1295965818 0.0627783 -0.431405 -1.6423 -0.352329 0.712928 -0.565958 0.21746
1295965819 -0.0230582 0.494311 -1.27395 0.0779598 -0.674816 0.723459 0.123098
1295965819 -0.609815 -0.309929 -1.17954 -0.716708 0.299544 0.264766 0.571403
1295965820 -0.508917 -1.26441 -0.898855 -0.715467 0.304766 0.248456 0.577489
1295965820 -1.15845 -1.36627 -0.145376 -0.711022 0.330119 0.265165 0.561388
1295965821 -0.937082 -0.427244 -0.408488 0.21326 0.829767 -0.514051 0.0419357
1295965821 -0.802925 0.4643 0.0241209 0.223785 0.827731 -0.512317 0.0480942
1295965822 -0.554247 1.26769 0.565163 0.834267 -0.28897 -0.129838 -0.451262
1295965822 -0.216712 2.05312 0.0463466 0.209974 0.906697 -0.346808 -0.116347
1295965823 -0.281169 1.68064 -0.879452 0.947046 -0.14404 0.285345 -0.0305712
1295965823 0.39452 1.71589 -1.61579 0.109672 0.894017 0.045631 -0.431999
1295965824 -0.421882 1.92973 -2.15223 0.110066 0.890228 0.0450132 -0.43972
1295965824 -1.20187 2.12364 -2.74722 0.109953 0.8862 0.044026 -0.447908
1295965825 -2.04471 2.29571 -3.25713 0.114229 0.879958 0.0467806 -0.458735
1295965825 -2.76848 2.53138 -3.90568 0.826684 -0.08857 0.548094 0.091337
1295965826 -1.90444 2.22003 -4.30128 -0.124058 -0.844659 -0.0411699 0.519101
1295965826 -2.8746 2.35675 -4.50152 -0.124021 -0.834692 -0.0433329 0.534819
1295965827 -3.69747 2.70172 -4.95306 -0.120463 -0.831975 -0.0408174 0.540037
1295965827 -4.68742 2.65051 -5.0849 0.932827 -0.233534 0.219842 -0.164212
1295965828 -4.56724 2.80705 -6.06523 0.317941 0.892484 -0.29309 0.12839
1295965828 -5.19579 2.52162 -6.78874 0.317604 0.893981 -0.297965 0.105561
1295965829 -5.8703 2.13418 -7.41716 0.316224 0.896464 -0.297814 0.0875307
1295965829 -5.88707 1.6078 -8.26725 0.313782 0.897076 -0.30059 0.0802562
1295965830 -5.79185 2.1625 -7.44067 0.89106 -0.330307 -0.125916 -0.2847
1295965830 -5.78805 2.66609 -8.30461 0.287495 0.884803 -0.362445 0.055719
1295965831 -5.58516 3.30637 -7.56375 0.867684 -0.315235 -0.14328 -0.356683
1295965831 -5.73439 3.94641 -8.31746 0.309056 0.801156 -0.459467 0.226987
1295965832 -6.12916 4.84182 -8.11158 0.30876 0.799686 -0.459981 0.231489
1295965832 -5.97041 4.02548 -8.6669 0.301168 0.800771 -0.466485 0.224623
1295965833 -6.01628 4.90939 -8.2015 0.3119 0.796384 -0.454444 0.248941
1295965833 -6.01036 4.0815 -8.76236 0.7394 -0.388383 -0.382782 -0.394872
1295965834 -6.34694 4.88363 -9.25563 0.31312 0.707407 -0.510678 0.375152
1295965834 -6.15639 5.79745 -8.897 -0.379173 0.372557 0.681805 0.502565
1295965835 -6.35742 6.57156 -9.49729 -0.432632 0.310711 0.666664 0.52139
1295965835 -6.93487 7.02543 -8.81865 0.16729 -0.00826932 -0.577346 0.799135
1295965836 -6.76489 6.98703 -7.83395 -0.214831 0.475178 0.642802 0.561123
1295965836 -6.8952 6.13627 -8.34309 -0.285597 0.41433 0.616321 0.605734
1295965837 -6.45033 6.71986 -7.66374 0.684724 0.295889 -0.376972 0.549086
1295965837 -6.20887 7.67698 -7.50371 0.713473 0.252704 -0.313735 0.573295
1295965838 -6.02808 8.65722 -7.42342 -0.298906 0.706083 0.535139 0.354581
1295965838 -6.17136 7.69973 -7.17302 0.681809 0.345552 -0.403215 0.503139
1295965839 -6.29065 6.76965 -7.52046 0.677587 0.351586 -0.405443 0.50287
1295965839 -5.90679 7.23705 -8.31681 0.682334 0.357609 -0.406642 0.491099
1295965840 -5.81333 8.17504 -7.98299 -0.287127 0.75681 0.524059 0.264875
1295965841 -5.68172 9.12894 -8.25272 0.767269 0.256352 -0.223207 0.543838
1295965841 -5.01281 8.96137 -8.97693 0.781345 0.226756 -0.169888 0.556075
1295965842 -4.76074 8.0918 -9.40156 -0.03129 0.813711 0.567426 -0.122161
1295965842 -4.54622 7.16528 -9.09247 0.798198 0.0188719 0.142042 0.585105
1295965843 -4.27134 6.2266 -9.30059 0.800992 0.0272408 0.134 0.582849
1295965843 -4.6373 7.12608 -9.06183 0.0461721 0.789947 0.564545 -0.23482
1295965844 -4.83079 7.96464 -9.57113 0.856893 -0.136064 0.318632 0.3817
1295965844 -4.563 7.30353 -10.272 0.0453118 0.861844 0.454459 -0.220544
1295965845 -3.72977 7.30311 -10.8249 0.0555667 -0.442349 0.887337 -0.117779
1295965845 -3.25223 8.10308 -11.1883 -0.27689 0.661779 0.458936 0.524175
1295965846 -2.67108 8.56574 -10.5188 0.893598 0.00312283 -0.0648543 0.444148
1295965846 -1.7026 8.78335 -10.3976 0.889905 -0.0428119 0.0526044 0.451075
1295965847 -1.75973 7.9963 -11.0118 -0.00756988 0.881403 0.469438 0.0519461
1295965847 -1.61574 8.8743 -11.4683 0.828797 -0.013449 -0.031027 0.558527
1295965848 -0.623303 8.75585 -11.5004 0.824662 -0.0662866 0.0441648 0.559989
1295965848 -1.28357 9.47651 -11.289 0.821092 -0.0928689 0.0797946 0.55751
1295965849 -0.471517 8.89303 -11.2783 -0.496266 -0.479075 -0.266327 0.673258
1295965849 -0.787123 9.74978 -10.8704 -0.508222 -0.452984 -0.253961 0.687037
1295965850 -0.517105 8.79631 -11.0045 0.499146 -0.444935 0.668922 0.3247
1295965850 -0.844068 9.69622 -11.2931 -0.489794 -0.366158 -0.243252 0.7529
1295965851 -0.547932 8.77229 -11.5353 0.358589 -0.472691 0.765183 0.249944
1295965851 -0.300923 7.84625 -11.2499 0.360515 -0.471707 0.763931 0.252846
1295965852 -0.674611 8.72886 -11.5351 -0.411793 -0.409908 -0.310298 0.752408
1295965852 -0.327124 7.84293 -11.8424 0.35938 -0.410996 0.783771 0.296026
1295965853 0.00682283 6.95257 -11.5329 0.362501 -0.40899 0.783273 0.296315
1295965853 0.397192 6.06903 -11.2742 0.363791 -0.408021 0.782799 0.297325
1295965854 0.0695017 6.96789 -11.5652 -0.423288 -0.465484 -0.309241 0.713107
1295965854 0.525289 6.10495 -11.7833 0.466915 -0.471772 0.696184 0.273403
1295965855 0.890058 5.18971 -11.6122 0.496827 -0.459002 0.673765 0.297525
1295965855 0.520492 6.11431 -11.7047 -0.471097 -0.516536 -0.294328 0.651636
1295965856 0.958688 5.21601 -11.6723 0.471076 -0.512042 0.675978 0.242805
1295965856 0.546876 6.12333 -11.7571 -0.484005 -0.450041 -0.259406 0.704209
1295965857 0.458556 6.97656 -11.2431 -0.499266 -0.404785 -0.230049 0.730726
1295965857 0.376365 7.81497 -10.7043 -0.504506 -0.36252 -0.204751 0.756393
1295965858 0.780962 6.91751 -10.88 -0.513627 -0.361112 -0.198715 0.752527
1295965858 1.18926 6.00806 -10.9588 0.239536 -0.511401 0.814382 0.133693
1295965859 1.35061 5.16954 -10.4383 -0.438597 -0.0934607 -0.0784483 0.890362
1295965859 1.45784 4.43215 -11.1052 0.104234 -0.513338 0.84873 0.0726462
1295965860 1.31588 5.29554 -11.5894 -0.470418 -0.132055 -0.0953423 0.867282
1295965860 1.30006 6.21461 -11.1956 0.170648 -0.300882 0.926401 0.148762
1295965861 1.16564 7.04174 -11.7413 0.149504 -0.293776 0.932896 0.145086
1295965861 1.62126 7.47841 -12.517 0.119131 -0.289433 0.94117 0.127415
1295965862 1.75273 7.13159 -11.5883 -0.0818789 0.0840043 -0.0749565 0.990263
1295965862 1.89073 7.31041 -10.6142 -0.0221825 -0.0525448 0.995531 0.0752658
1295965863 0.899447 7.40583 -10.5233 -0.233617 -0.0609123 0.968036 0.0679605
1295965863 0.150106 7.37547 -11.1848 -0.36049 -0.0771592 0.928205 0.0502917
1295965864 1.02005 7.62264 -11.6115 -0.46092 -0.0721582 0.883516 0.0417718
1295965865 1.82085 7.86654 -12.1586 -0.548986 -0.0747718 0.831788 0.0339359
1295965865 0.930725 7.68864 -11.739 -0.137645 0.591308 -0.0828568 0.790281
1295965866 0.158345 7.59173 -11.1113 -0.140148 0.553635 -0.0765315 0.817306
1295965866 0.726899 7.84447 -11.8941 0.519678 0.436429 0.730312 -0.0781618
1295965867 0.00801801 7.14966 -11.8727 0.506782 0.435957 0.740266 -0.0715528
1295965867 0.65244 7.86324 -12.1476 -0.585122 0.660815 -0.127121 -0.452544
1295965868 1.06173 8.74928 -11.9298 0.756662 0.548552 0.250567 -0.252527
1295965868 0.970713 8.03242 -11.2385 -0.567004 0.752113 -0.207386 -0.264242
1295965869 0.812542 7.47905 -12.0563 0.733628 0.582398 0.312471 -0.157998
1295965869 1.19891 7.90542 -12.8742 -0.500001 0.74467 -0.346636 -0.274423
1295965870 1.12722 7.1665 -13.5442 0.753916 0.515387 0.264019 -0.310293
1295965870 1.54627 7.66453 -12.785 0.73808 0.537866 0.262054 -0.311875
1295965871 1.41494 6.91656 -12.1344 0.737033 0.53948 0.264864 -0.309179
1295965871 1.33392 6.1411 -11.5082 -0.550426 0.721256 -0.292425 -0.302174
1295965872 1.38799 6.89546 -10.854 0.694938 0.541469 0.356336 -0.311284
1295965872 1.23577 7.75954 -11.3337 -0.502467 0.83846 -0.0177976 -0.210224
1295965873 0.840524 7.84035 -12.2488 0.821063 0.49412 0.197042 0.207065
1295965873 0.191424 8.00871 -11.5069 0.78521 0.485315 0.28489 0.258366
1295965874 -0.580251 8.16379 -10.8901 0.787626 0.483482 0.278551 0.261343
1295965874 -1.00816 7.31389 -10.5826 0.109913 0.00183102 -0.702212 0.70343
1295965875 -0.818078 7.57032 -11.5303 0.144923 -0.029545 -0.695215 0.703421
1295965875 -1.30179 7.15098 -10.7621 0.139006 -0.0159117 -0.697604 0.702689
1295965876 -1.04064 7.45964 -11.6767 0.142637 0.199939 0.705114 0.665202
1295965876 -0.391877 7.67552 -10.947 0.199271 0.188017 -0.690564 0.669375
1295965877 -0.217464 8.28207 -11.7226 0.278344 0.106692 -0.674016 0.675902
1295965877 -0.355318 8.82476 -12.5512 0.347784 0.0240883 -0.627812 0.695929
1295965878 -0.838418 8.42531 -11.772 -0.0629159 0.231777 0.711798 0.660049
1295965878 -0.597821 8.81565 -10.8834 -0.0594215 0.23202 0.714598 0.657256
1295965879 -0.433782 9.23412 -9.99007 0.190836 0.0224856 -0.66294 0.723593
1295965879 -0.457501 9.66652 -10.8914 -0.126425 0.382168 0.675187 0.618132
1295965880 -0.118395 10.2437 -10.1485 -0.0619368 0.436668 0.680648 0.584981
1295965880 -0.202072 11.1696 -10.5169 -0.298141 0.670693 -0.643014 0.218666
1295965881 -1.19005 11.2376 -10.3781 0.646536 0.657895 0.299985 -0.243257
1295965881 -1.00191 11.719 -11.2342 -0.535036 0.674121 -0.473476 -0.187397
1295965882 -1.36965 11.802 -10.308 -0.531684 0.678979 -0.47069 -0.186414
1295965882 -1.04655 11.0068 -10.821 0.647586 0.532042 0.221201 -0.498633
1295965883 -1.48908 10.2338 -10.3662 0.628365 0.585944 0.213414 -0.465061
1295965883 -1.61835 11.0533 -10.9246 0.515558 -0.562276 0.58407 0.277321
1295965884 -1.8039 11.0109 -9.94288 0.527341 -0.559681 0.57259 0.28427
1295965884 -1.48984 10.2225 -9.41396 0.516858 -0.569845 0.583132 0.260946
1295965885 -1.798 10.3827 -8.47621 0.510394 -0.56985 0.590989 0.255932
1295965885 -2.1587 11.3093 -8.36971 -0.534235 -0.475534 -0.276383 0.641929
1295965886 -1.89708 10.3511 -8.4858 0.56671 -0.492793 0.563318 0.344482
1295965886 -2.19317 11.3062 -8.49086 -0.520637 -0.488103 -0.289617 0.63782
1295965887 -2.48725 12.262 -8.49268 -0.520734 -0.483401 -0.283617 0.643989
1295965887 -2.1951 11.3057 -8.48756 -0.509079 -0.508634 -0.30171 0.62538
1295965888 -2.42008 12.2708 -8.62115 0.430056 -0.447137 0.705649 0.342315
1295965888 -2.46512 11.4192 -8.09901 -0.663522 -0.165663 -0.0620254 0.726944
1295965889 -2.87493 10.6094 -8.51888 -0.586899 0.599426 -0.339262 -0.425604
1295965889 -3.02633 9.70584 -8.91978 -0.589704 0.598028 -0.335637 -0.426567
1295965890 -3.18205 8.90001 -9.49109 0.523542 0.65108 0.510738 -0.202843
1295965890 -3.48887 8.93895 -8.54012 0.504183 0.658315 0.529669 -0.178525
1295965891 -3.86649 9.79798 -8.19445 0.502552 0.65576 0.533212 -0.181949
1295965892 -3.55197 9.35195 -9.03238 -0.0755704 0.701541 -0.569251 0.421997
1295965892 -2.58988 9.09237 -9.1161 0.934807 0.0449401 -0.192391 -0.295131
1295965893 -2.89187 8.54936 -8.33256 -0.235963 0.829671 -0.174616 -0.474844
1295965893 -2.0938 9.06513 -8.02102 0.911266 0.219219 0.29469 -0.186264
1295965894 -1.14502 9.37751 -8.06815 0.883512 0.249132 0.365792 -0.153416
1295965894 -0.219901 9.75429 -8.11502 0.202163 -0.308303 0.0890801 0.92528
1295965895 0.178274 10.1331 -8.95046 0.471142 0.220257 0.846709 -0.112234
1295965895 -0.347154 10.0515 -9.79738 0.411731 0.23156 0.875902 -0.0982508
1295965896 -0.231494 10.6286 -8.98899 0.413243 0.179055 -0.106626 0.886454
1295965896 0.634226 10.1281 -8.98442 0.418276 0.126704 -0.0743199 0.896364
1295965897 -0.150603 9.5363 -8.80065 0.711675 0.238335 -0.511494 -0.418436
1295965897 -0.905894 10.0119 -9.25154 0.705957 0.231678 -0.521843 -0.419082
1295965898 0.0732487 9.90526 -9.07862 -0.257361 0.512977 -0.576753 0.581357
1295965898 -0.781165 10.1575 -9.53289 -0.502462 -0.371031 0.49896 0.600755
1295965899 -0.758195 9.158 -9.55463 -0.46915 -0.310192 0.539973 0.626185
1295965899 0.128328 8.92953 -9.95697 -0.266692 0.467886 -0.6229 0.56741
1295965900 -0.764316 9.15701 -10.3461 -0.524337 -0.272467 0.55355 0.586869
1295965900 -0.0170618 8.62665 -10.7465 -0.365127 0.753532 -0.350702 0.41938
1295965901 0.171281 7.82485 -11.3137 -0.316087 0.68538 -0.384489 0.531518
1295965901 0.606417 7.10608 -11.8559 -0.256826 0.591242 -0.441528 0.62412
1295965902 0.804542 7.95269 -11.362 0.830668 0.456135 0.315368 0.0497478
1295965902 0.798449 7.53499 -12.2705 -0.406228 0.807242 -0.203842 0.376547
1295965903 1.62917 7.55886 -12.8267 0.825957 0.44307 -0.28231 -0.204415
1295965903 2.28401 7.59355 -12.0717 -0.433298 0.775819 -0.299496 0.347362
1295965904 3.08274 7.7114 -12.6618 0.868282 0.432954 -0.221468 -0.0979211
1295965904 2.60561 7.62903 -13.5367 -0.442569 0.878725 -0.0940448 0.15209
1295965905 2.26073 7.63795 -12.5981 -0.445151 0.874346 -0.100466 0.165126
1295965905 1.76395 7.19225 -11.8534 -0.444279 0.873682 -0.108425 0.16595
1295965906 1.33393 6.86103 -11.0136 0.883084 0.420598 0.0864321 0.18918
1295965906 1.06684 7.14205 -10.0918 -0.430506 0.882007 0.189123 -0.030999
1295965907 0.77883 7.38513 -11.018 -0.42876 0.881745 0.192393 -0.0409308
1295965907 0.513753 7.69888 -11.9298 -0.430332 0.879586 0.197713 -0.0453093
1295965908 0.788333 7.41478 -11.0111 0.879699 0.435164 0.0195562 0.190735
1295965908 0.568868 7.60218 -10.0537 -0.410631 0.857743 0.296824 -0.0869177
1295965909 0.999505 7.19239 -9.24957 0.856441 0.422994 0.0453766 0.292448
1295965909 0.746798 7.74162 -8.45302 -0.45284 0.85814 0.235901 0.0536849
1295965910 0.654253 8.27024 -9.29682 0.850303 0.451678 -0.0622455 0.262862
1295965910 0.727175 7.88125 -10.2152 0.850185 0.452822 -0.0635355 0.26096
1295965911 0.477922 8.33042 -9.3572 -0.439746 0.868245 0.228357 -0.0250556
1295965911 0.692939 7.95454 -8.45582 0.873677 0.431325 0.0594232 0.217064
1295965912 0.298309 8.20255 -7.57108 -0.416673 0.877818 0.203762 -0.119585
1295965912 0.829252 7.95891 -6.75945 0.842205 0.447466 0.0369863 0.298491
1295965913 1.1161 7.58416 -7.64109 0.84459 0.44975 0.0254642 0.289386
1295965913 0.488317 6.82061 -7.48986 0.795774 0.570022 -0.164552 0.121417
1295965914 0.355234 6.56215 -8.44667 0.787308 0.57684 -0.195215 0.0963977
1295965914 0.256352 6.30223 -7.48612 0.793614 0.574839 -0.154526 0.125929
1295965915 0.577234 7.2177 -7.24335 -0.415737 0.331997 -0.384916 0.754176
1295965916 -0.0845454 6.6925 -7.77833 -0.465854 -0.570164 0.607686 0.297675
1295965916 -0.942657 6.30216 -8.11192 0.717426 -0.424356 0.362319 -0.41707
1295965917 -0.0346616 6.45963 -8.50019 0.37239 0.649516 -0.489594 -0.446936
1295965917 -0.468146 6.77533 -9.34424 0.506175 0.464309 0.0716514 0.723236
1295965918 -1.18774 7.45381 -9.19644 0.502426 0.405971 0.119876 0.753913
1295965918 -1.91913 8.05867 -9.51144 0.501165 0.407326 0.115588 0.754691
1295965919 -2.76414 8.55938 -9.32369 -0.0728979 0.240347 0.933036 -0.257609
1295965919 -3.40836 7.8006 -9.41974 -0.32331 0.259658 0.890459 -0.18743
1295965920 -4.38881 7.78295 -9.22372 -0.425262 0.275573 0.84656 -0.162934
1295965920 -4.74372 7.27155 -10.0064 -0.525156 0.294464 0.786909 -0.13519
1295965921 -5.08849 6.65498 -10.7141 -0.648508 0.307665 0.690674 -0.0880306
1295965921 -6.05381 6.90623 -10.785 0.297246 0.752662 0.0168233 0.587249
1295965922 -6.98923 7.14845 -10.5275 0.297289 0.752406 0.0140831 0.587628
1295965922 -7.897 7.4652 -10.2525 0.769948 -0.313474 -0.555218 0.0254326
1295965923 -8.77592 7.7596 -10.6278 0.766281 -0.31288 -0.560561 0.0263032
1295965923 -7.9112 7.41984 -10.2579 0.328086 0.75173 0.0537734 0.569535
1295965924 -7.00001 7.15959 -10.5773 0.326426 0.755793 0.0515122 0.565305
1295965924 -6.07565 7.03037 -10.9363 0.322211 0.761229 0.0476465 0.56075
1295965925 -6.96525 7.29788 -10.5661 0.756016 -0.330718 -0.561036 0.0656022
1295965925 -7.89791 7.53567 -10.8374 0.277233 0.723849 0.020188 0.631488
1295965926 -6.99177 7.12737 -10.9478 0.749305 -0.245785 -0.614561 -0.0211062
1295965927 -7.91696 7.44396 -11.1571 0.223352 0.764062 -0.0495025 0.603218
1295965927 -7.00322 7.1297 -11.4146 0.740682 -0.247178 -0.624551 -0.0151266
1295965928 -7.90645 7.54477 -11.5237 0.27274 0.720007 0.0300009 0.637419
1295965928 -7.0384 7.05003 -11.5654 0.777779 -0.171621 -0.602222 -0.0541723
1295965929 -7.9407 7.47763 -11.5104 0.227667 0.596505 0.0731358 0.766159
1295965929 -6.99069 7.21556 -11.3406 -0.581314 0.226497 0.778129 -0.0727223
1295965930 -7.91359 7.40836 -11.0073 0.137989 0.532415 0.0257283 0.834765
1295965930 -7.14358 7.50934 -10.3773 -0.614266 0.406437 0.655486 -0.166806
1295965931 -7.98074 8.02657 -10.5552 -0.624767 0.389879 0.657271 -0.160174
1295965931 -8.81223 7.60588 -10.918 0.648211 -0.409902 -0.625457 0.14355
1295965932 -9.39539 7.28289 -11.6634 0.433423 0.836336 -0.236651 -0.238082
1295965932 -9.37961 6.8832 -12.5799 0.675177 -0.237067 0.692733 -0.0897563
1295965933 -10.131 7.03668 -11.9382 0.604873 -0.229996 0.753644 -0.115117
1295965933 -9.20867 6.91747 -11.5706 -0.0701005 -0.466003 0.0626002 0.879777
1295965934 -10.1506 6.96023 -11.2375 0.235274 -0.0334702 0.968924 -0.0686425
1295965934 -10.6224 6.98405 -12.1189 -0.029095 -0.257843 0.0652228 0.963544
1295965935 -9.72399 6.88515 -12.5469 -0.30203 0.159884 0.938999 -0.0386815
1295965935 -9.07069 6.63264 -13.2606 0.154543 0.385135 0.0253157 0.909476
1295965936 -8.36017 6.278 -13.8684 0.157639 0.376871 0.0245351 0.912423
1295965936 -8.83269 6.12367 -14.7361 -0.520882 0.545936 0.636607 -0.15927
1295965937 -9.7077 6.56637 -14.932 0.56822 0.623264 0.0637322 0.533486
1295965937 -9.03025 6.0745 -15.4789 0.572093 0.627306 0.0612379 0.52483
1295965938 -9.78068 6.60888 -15.09 0.648574 -0.600682 -0.464269 0.054665
1295965938 -9.11479 6.19242 -14.471 0.612264 0.68147 0.016847 0.400559
1295965939 -9.64879 6.76555 -13.8494 0.726381 -0.60002 -0.325236 -0.0810471
1295965939 -9.24043 6.17049 -13.1572 0.590554 0.682285 -0.0278856 0.430064
1295965940 -8.91327 6.41683 -12.2449 0.601584 0.692929 -0.0327794 0.396069
1295965940 -8.7798 6.36696 -13.2347 -0.32893 0.374863 0.864202 -0.0666153
1295965941 -9.67109 6.72579 -13.5119 -0.313454 0.366357 0.873408 -0.0684637
1295965942 -10.2196 7.35861 -12.9654 0.377868 0.285383 0.0891414 0.876257
1295965942 -10.7992 7.87166 -13.5985 0.373734 0.289962 0.0814178 0.877278
1295965943 -10.2723 7.27695 -12.9913 -0.29968 0.411978 0.85622 -0.0857525
1295965943 -10.8823 7.89808 -12.4992 0.390109 0.376379 0.0403637 0.839359
1295965944 -11.5787 8.50497 -12.8821 -0.34544 0.390376 0.851833 -0.0515546
1295965944 -12.4691 8.84836 -13.1809 0.542727 0.799541 -0.163032 0.199004
1295965945 -12.1065 7.92067 -13.2695 -0.645357 0.19171 -0.521681 0.524033
1295965945 -11.4185 8.13552 -12.5763 -0.641439 0.225298 -0.504036 0.532676
1295965946 -12.31 7.97559 -13.0002 0.0978846 -0.508371 0.426888 0.741447
1295965946 -12.3709 8.29731 -12.0554 0.0650603 -0.581241 0.434941 0.684655
1295965947 -11.7049 8.96624 -12.3855 0.0148575 -0.672767 0.439038 0.595322
1295965947 -12.4809 8.36538 -12.5777 0.680637 0.120337 0.648718 -0.318462
1295965948 -13.3047 8.09649 -13.0766 0.634062 0.148343 0.698918 -0.295759
1295965948 -14.1518 7.56524 -13.0938 0.634312 0.148601 0.700296 -0.291807
1295965949 -14.9526 7.01325 -13.3261 0.580741 0.169135 0.742917 -0.286719
1295965949 -14.4361 7.477 -14.046 0.181169 0.934601 -0.283371 0.115754
1295965950 -14.2806 6.94285 -14.8769 0.951129 -0.179625 -0.0842886 -0.23661
1295965950 -14.4594 6.58305 -13.9612 0.107191 0.933255 -0.295782 -0.173376
1295965951 -14.8386 6.08965 -14.744 0.947098 -0.118081 0.136492 -0.26539
1295965951 -15.2283 6.53065 -15.5525 0.332783 0.761565 -0.298655 0.469126
1295965952 -15.2864 6.38831 -16.5406 0.306023 0.768918 -0.281708 0.485547
1295965952 -15.2057 6.1408 -17.5061 0.325155 0.723065 -0.248377 0.55656
1295965953 -15.8309 6.79971 -17.0878 -0.631048 0.375838 0.656157 0.173155
1295965953 -16.3899 7.62688 -17.1448 0.475578 0.636387 -0.0529972 0.605003
1295965954 -17.0486 8.33901 -16.9017 0.479398 0.555238 0.00430897 0.67961
1295965954 -16.6042 8.78353 -17.6795 0.444398 0.34436 0.127099 0.817173
1295965955 -15.6962 9.04603 -18.0059 0.406403 0.221407 0.187813 0.866338
1295965955 -14.8224 9.4985 -18.1844 0.371325 0.152985 0.221412 0.888645
1295965956 -15.2451 10.0007 -18.9389 -0.104427 0.463803 0.844274 -0.247351
1295965956 -14.879 9.33348 -19.5876 0.352446 0.128765 0.234821 0.896694
1295965957 -14.5413 8.74741 -18.851 0.351801 0.137891 0.232078 0.896304
1295965957 -14.1464 8.09154 -18.2077 -0.201444 0.271382 0.918657 -0.204552
1295965958 -13.7057 7.72661 -19.0278 0.192366 0.190648 0.200255 0.941566
1295965958 -14.2067 7.85425 -19.8838 -0.0589396 0.272451 0.929628 -0.241015
1295965959 -14.527 8.19109 -18.9984 -0.0446324 0.27465 0.928794 -0.244779
1295965959 -14.3044 7.70705 -19.8447 0.268868 0.0420732 0.245248 0.93048
1295965960 -13.4297 8.18166 -19.7464 0.234343 -0.0523524 0.27534 0.930876
1295965960 -12.6725 8.40683 -19.1334 0.183659 -0.156749 0.302849 0.921945
1295965961 -12.1337 8.59786 -18.3129 0.144135 -0.238608 0.312916 0.907951
1295965961 -11.7376 8.9132 -19.1753 0.104894 -0.34057 0.324327 0.876254
1295965962 -11.4448 9.09186 -20.1146 0.0651206 -0.43787 0.329615 0.833896
1295965962 -11.0546 9.44193 -20.9661 0.638838 -0.215898 0.612034 -0.413144
1295965963 -12.0297 9.34899 -21.1673 -0.140547 -0.495038 0.454217 0.727235
1295965963 -11.2032 9.40099 -21.7279 -0.150668 -0.500424 0.442578 0.728697
1295965964 -10.36 9.7732 -22.1159 0.359194 -0.113944 0.79234 -0.479784
1295965964 -11.0035 9.71602 -22.8792 -0.0557352 -0.262541 0.493358 0.827384
1295965965 -10.6793 9.63489 -23.8217 0.484452 -0.224798 0.714693 -0.451649
1295965965 -11.2445 8.95225 -23.3585 0.505603 -0.237777 0.702156 -0.441368
1295965966 -12.1331 8.79086 -23.7878 -0.199349 -0.555885 0.397619 0.702247
1295965967 -13.1122 8.60951 -23.8795 0.350136 0.143951 0.890486 -0.252422
1295965967 -12.7886 8.74782 -24.8156 0.490589 0.113521 0.825004 -0.256523
1295965968 -13.5287 8.39349 -25.3872 0.0906814 -0.400581 0.278663 0.868135
1295965968 -12.9901 8.61326 -26.2005 0.542702 0.109317 0.788379 -0.268297
1295965969 -13.3645 8.21968 -25.3609 0.25074 0.802335 -0.0803305 0.535663
1295965969 -14.331 8.34169 -25.135 0.856178 -0.388591 -0.305282 0.150861
1295965970 -14.9279 8.20262 -25.9252 0.392999 0.899398 0.0526249 0.184027
1295965970 -14.6126 8.1959 -26.8742 0.39233 0.900912 0.0496975 0.178784
1295965971 -14.6623 7.70621 -26.0037 0.637668 -0.323225 -0.568579 0.406968
1295965971 -14.2086 6.91476 -26.4133 -0.335779 -0.484318 0.397905 0.703108
1295965972 -13.3755 7.46358 -26.3446 -0.337868 0.158137 0.784265 -0.495748
1295965972 -13.9175 6.64977 -26.5542 0.284919 -0.236079 -0.759097 0.535592
1295965973 -14.5456 6.35532 -25.8339 0.185947 -0.167595 -0.787586 0.563066
1295965973 -14.0597 6.39692 -26.707 0.187025 0.257099 0.544542 0.776142
1295965974 -14.6506 6.26751 -27.5032 0.13671 -0.161402 -0.787861 0.578389
1295965974 -15.2785 6.05143 -26.7556 0.0886719 -0.126223 -0.797987 0.582599
1295965975 -15.6797 5.91323 -25.85 0.0735975 -0.110632 -0.801768 0.582676
1295965975 -15.7632 5.47369 -26.7444 0.0748397 -0.1104 -0.800863 0.583806
1295965976 -15.7411 5.51209 -25.7453 -0.135263 0.195161 0.545243 0.803944
1295965976 -15.5358 6.20136 -25.0505 -0.128208 0.20824 0.549478 0.79892
1295965977 -15.8116 5.53512 -25.7434 0.0132031 -0.266021 0.825738 -0.497207
1295965977 -15.7368 4.97448 -24.9187 0.0259119 -0.276954 0.8244 -0.492939
1295965978 -16.0275 5.4608 -25.7428 -0.255885 0.0267283 0.507963 0.82206
1295965978 -16.2893 6.05231 -24.9801 0.143637 -0.21281 0.84794 -0.463764
1295965979 -16.673 5.77976 -25.8625 0.0570441 -0.274293 0.87772 -0.388737
1295965979 -16.9124 5.82301 -26.8324 -0.00443434 -0.262204 0.874175 -0.408714
1295965980 -16.9306 6.44976 -27.6114 -0.144077 0.219973 0.461682 0.847174
1295965980 -17.325 5.92311 -28.3645 -0.107893 -0.289051 0.857366 -0.411985
1295965981 -17.3596 5.24051 -27.6345 -0.0955084 -0.299282 0.858426 -0.405479
1295965981 -18.1019 5.70932 -27.1557 -0.0913383 -0.309107 0.855721 -0.404787
1295965982 -18.8865 6.12456 -26.6954 -0.0912329 -0.311785 0.853395 -0.407657
1295965982 -19.092 6.62964 -27.5336 -0.377948 -0.0378152 0.354941 0.85425
1295965983 -19.4533 6.01622 -28.2359 -0.337291 0.808885 -0.473459 0.0881812
1295965983 -18.7057 5.81426 -28.8687 -0.3394 0.808175 -0.472856 0.0898201
1295965984 -17.8428 6.09073 -29.2916 0.450577 0.569392 0.675165 0.130096
1295965984 -16.9692 6.55452 -29.144 0.368718 -0.536144 0.0594233 0.757011
1295965985 -16.3794 7.27901 -29.5008 0.367506 -0.55579 0.0689126 0.742488
1295965985 -15.5785 7.8672 -29.6131 0.535886 0.391854 0.746662 -0.0420955
1295965986 -14.7684 8.43915 -29.4843 0.33886 -0.531708 0.0777389 0.772281
1295965986 -13.9743 8.91364 -29.8641 0.330003 -0.583497 0.101418 0.735081
1295965987 -14.8219 8.39725 -29.7418 0.577539 0.406337 0.707202 -0.0346933
1295965987 -14.0382 8.97583 -29.5158 0.294247 -0.400447 0.0186636 0.86759
1295965988 -14.8939 8.49489 -29.3249 0.123925 0.228888 0.964904 0.0348427
1295965988 -14.3652 8.79404 -28.5306 0.148263 -0.398926 0.0463554 0.903729
1295965989 -15.0257 8.59637 -27.8063 0.47862 0.24237 0.843784 -0.0144323
1295965989 -14.2789 8.97301 -27.2582 0.50292 0.240929 0.829858 -0.018958
1295965990 -15.1045 8.57113 -27.6543 0.221406 -0.520063 0.0357626 0.824157
1295965990 -14.2346 8.91255 -28.0101 0.42264 0.275116 0.863302 0.0199227
1295965991 -15.1071 8.51957 -28.3004 0.285962 -0.653295 0.0545629 0.698894
1295965991 -15.9716 8.01697 -28.2965 0.287176 -0.649711 0.052247 0.701909
1295965992 -15.0754 8.46003 -28.3166 0.659627 0.314406 0.681951 -0.0313605
1295965993 -14.2229 8.98273 -28.3299 0.66454 0.313623 0.677389 -0.034219
1295965993 -13.3314 9.43386 -28.3702 0.287619 -0.603922 0.0310786 0.742689
1295965994 -12.4259 9.72246 -28.6814 0.276284 -0.665145 0.0595106 0.691164
1295965994 -11.4786 10.0299 -28.7708 0.708094 0.399874 0.580036 0.0475675
1295965995 -12.3341 9.62557 -28.4473 0.40318 -0.708916 -0.0495272 0.576568
1295965995 -13.2452 9.32615 -28.7305 0.402708 -0.70788 -0.0487664 0.578233
1295965996 -12.3768 9.70134 -28.4062 0.697574 0.415044 0.579952 0.0691716
1295965996 -11.6293 10.2784 -28.7352 0.700678 0.412149 0.578394 0.0681557
1295965997 -12.5111 9.95849 -28.3887 0.3952 -0.73769 -0.0179853 0.54709
1295965997 -13.2246 9.34161 -28.7211 0.812168 0.287741 0.475031 -0.178698
1295965998 -13.9426 8.91093 -28.1743 -0.205436 0.813606 -0.308639 -0.447865
1295965998 -14.5733 8.30398 -28.6577 0.844863 0.241832 0.418315 -0.229643
1295965999 -15.3495 7.93891 -28.1437 0.842934 0.247845 0.423181 -0.221251
1295965999 -15.0423 7.74416 -29.0752 0.841649 0.257315 0.425651 -0.210329
1295966000 -15.8233 7.29467 -28.6417 0.204341 -0.718909 0.322734 0.580738
1295966001 -16.6123 6.69565 -28.7784 0.206318 -0.710953 0.319231 0.591667
1295966001 -17.3312 6.01189 -28.9033 0.710382 0.225903 0.59482 -0.300856
1295966002 -16.5232 6.58372 -29.0452 0.136347 -0.630584 0.396402 0.653176
1295966002 -15.5471 6.61249 -29.2603 0.12614 -0.622606 0.404295 0.658024
1295966003 -16.1124 6.12487 -29.9256 0.1152 0.540473 0.833436 -0.00108154
1295966003 -16.0308 5.29612 -30.4793 0.0679324 0.54152 0.837436 0.0290052
1295966004 -15.8536 6.10954 -29.9252 0.385169 -0.0181862 -0.0673257 0.920207
1295966004 -16.6275 6.55879 -30.3717 0.377274 0.0284385 -0.0935992 0.920921
1295966005 -16.9382 7.22726 -31.0474 0.225812 0.440209 0.868864 -0.0173442
1295966005 -16.5491 7.97954 -30.5157 0.232834 0.438698 0.867627 -0.0235564
1295966006 -15.6168 8.3396 -30.5503 0.322264 0.445344 0.831876 -0.076145
1295966007 -14.8199 8.86141 -30.2461 0.293247 -0.579765 0.193231 0.735214
1295966008 -15.6262 8.33547 -29.9757 0.669464 0.387585 0.621209 -0.12528
1295966008 -14.9353 8.54985 -30.666 -0.160582 0.891562 -0.406903 -0.117302
1295966009 -15.1808 7.97395 -31.4458 -0.160779 0.891517 -0.406947 -0.11722
1295966009 -15.2045 8.92354 -31.1332 -0.675746 -0.0828477 -0.121949 0.722241
1295966010 -15.1521 7.97494 -30.8211 -0.10924 -0.402567 0.908834 0.0052068
1295966010 -14.5158 8.58054 -31.299 -0.110953 -0.401961 0.908886 0.00651479
1295966011 -14.1746 9.45617 -31.6408 -0.662792 0.26223 0.029856 0.70075
1295966011 -13.2138 9.30958 -31.8761 -0.662778 0.262123 0.029536 0.700817
1295966012 -12.528 9.97801 -32.1641 -0.66338 0.26154 0.0315488 0.700377
1295966012 -12.1115 10.6416 -32.7855 0.101076 -0.187671 0.969336 0.122275
1295966013 -12.5428 11.2715 -33.4314 -0.343176 -0.486043 -0.158841 0.787885
1295966013 -13.0586 12.092 -33.1849 0.477895 -0.180555 0.819056 0.26108
