1295965766 -0.914854 -0.231015 -0.331171 0.915264 0.23123 0.329885 0.000329511
1295965767 -0.802332 -0.503201 0.624472 0.915264 0.23123 0.329885 0.000329511
1295965768 -1.76603 -0.528719 0.890259 0.91531 0.231186 0.329788 0.000422654
1295965768 -1.41592 0.0111579 0.124783 0.915313 0.23104 0.329882 -0.000183157
1295965769 -0.522568 -0.0567738 -0.31942 0.915496 0.230696 0.329615 0.000507727
1295965769 -1.02192 -0.112818 0.545162 0.915222 0.231143 0.330063 0.00036953
1295965770 -1.85057 -0.228465 1.09285 0.165167 -0.774833 0.0847962 0.604288
1295965770 -0.953433 -0.0184479 1.48148 0.679221 0.237564 0.694241 0.0158418
1295965771 -0.0853151 0.227761 1.91247 0.0688772 -0.312284 0.0176276 0.947325
1295965772 0.116002 0.426315 0.953276 0.670825 -0.00792111 0.738634 -0.065962
1295965772 -0.693542 0.132917 1.46176 -0.0795038 0.980915 0.0669553 -0.164322
1295965773 -1.22361 0.463288 0.680811 -0.0804126 0.980882 0.0662671 -0.164355
1295965773 -1.52556 0.658038 -0.25241 -0.0758017 0.976544 0.0696443 -0.189119
1295965774 -1.85328 0.880219 -1.17069 0.978425 0.0536533 0.122779 0.15726
1295965774 -1.88637 1.25033 -0.242291 -0.105933 0.965127 0.0820456 0.224891
1295965775 -1.66742 1.26486 0.733335 -0.0678111 0.977443 0.1457 0.137032
1295965775 -1.85665 0.728277 1.55569 -0.0699888 0.971991 0.143404 0.172541
1295965776 -1.85737 0.0838048 2.32032 0.779369 0.0399372 -0.339634 0.525012
1295965776 -1.33669 0.931552 2.42141 -0.118565 0.782234 0.454947 0.408748
1295965777 -0.96444 1.80902 2.11896 -0.0839356 0.810904 0.459274 0.352784
1295965777 -1.27628 0.932391 2.48539 0.708115 0.110928 -0.463468 0.521024
1295965778 -1.63662 2.99542e-06 2.45689 0.687485 0.128369 -0.492853 0.51767
1295965778 -1.78002 -0.987918 2.39818 0.679779 0.12596 -0.501343 0.520279
1295965779 -2.35575 -1.79853 2.50516 0.677571 0.128681 -0.503789 0.520131
1295965779 -1.86009 -0.932768 2.57431 -0.0549912 0.726561 0.542872 0.417583
1295965780 -1.43004 -0.030288 2.5984 -0.0494891 0.732938 0.541429 0.40891
1295965780 -1.97562 -0.867947 2.62432 0.724283 0.0161264 -0.383689 0.572658
1295965781 -2.37123 -1.78378 2.69317 0.684558 0.0624806 -0.443682 0.574998
1295965781 -1.75491 -0.998645 2.63223 -0.0933286 0.600322 0.606796 0.512545
1295965782 -1.01958 -1.39181 3.18424 0.72704 -0.433789 0.530739 -0.0394488
1295965782 -0.0584746 -1.3151 2.91893 0.728591 -0.44301 0.520207 -0.0477611
1295965783 -0.767086 -1.78185 3.44809 0.719774 -0.450905 0.522116 -0.0774885
1295965783 0.217714 -1.77161 3.62149 0.721018 -0.454514 0.517006 -0.0790875
1295965784 -0.142154 -0.970849 4.10032 0.614746 0.383494 -0.578295 -0.374959
1295965784 -0.291705 -0.584695 5.01055 0.614336 0.383982 -0.578195 -0.375284
1295965785 0.646243 -0.253869 4.90658 0.61407 0.384516 -0.577754 -0.375853
1295965785 1.63085 -0.121074 4.79294 0.614381 0.384229 -0.5776 -0.375875
1295965786 0.738606 0.0468774 5.2121 0.613971 0.384299 -0.578006 -0.37585
1295965786 -0.158734 -0.100846 5.62798 0.613389 0.384612 -0.578774 -0.375297
1295965787 -0.724894 0.675989 5.35232 -0.46968 0.863555 0.146593 -0.110381
1295965787 -0.721486 0.338066 6.29348 0.789123 0.37024 0.464772 0.155547
1295965788 -1.25116 -0.320062 5.75841 -0.111842 0.247912 -0.313759 0.909718
1295965788 -0.662758 -0.279867 6.56597 -0.200744 -0.0511806 0.927928 0.30989
1295965789 -0.826728 -0.446154 7.53832 -0.200752 -0.0515078 0.928263 0.308827
1295965789 -1.22586 -0.556486 8.44855 -0.200601 -0.0515469 0.928337 0.308693
1295965790 -1.14802 -0.803286 9.41449 0.175454 -0.30682 -0.278396 0.89307
1295965790 -1.83573 -0.835657 10.1398 0.175852 -0.3076 -0.27639 0.893346
1295965791 -2.57783 -0.29648 9.74154 0.840637 0.304823 -0.407576 -0.185189
1295965792 -2.44378 -0.0170003 8.79079 0.840166 0.306493 -0.406952 -0.185937
1295965792 -1.8284 -0.226072 9.55078 0.840069 0.306891 -0.406823 -0.186002
1295965792 -2.65509 -0.6369 9.16634 0.840998 0.306109 -0.406376 -0.18406
1295965793 -1.88772 -0.426457 9.77203 -0.362206 0.705912 -0.394798 0.463281
1295965794 -2.84382 -0.304194 10.0384 0.760921 0.377149 -0.415774 -0.325407
1295965794 -1.91903 -0.288282 10.4185 0.770444 0.392285 -0.394859 -0.310829
1295965795 -1.05178 -0.490649 10.8734 0.770395 0.390656 -0.394251 -0.31376
1295965795 -0.355917 -0.949319 11.426 0.770105 0.388038 -0.398863 -0.311887
1295965796 0.438274 -1.20431 11.9776 0.780093 0.399971 -0.375738 -0.300497
1295965796 1.17196 -1.49067 12.5938 -0.451773 0.813572 -0.271201 0.245869
1295965797 0.693528 -1.10885 13.3846 0.762638 0.366256 -0.43981 -0.301343
1295965797 -0.174626 -0.969829 12.9082 -0.395863 0.768767 -0.315698 0.390673
1295965798 0.67493 -1.13787 12.4081 -0.397463 0.769102 -0.314151 0.389634
1295965798 1.41244 -1.555 11.877 0.612216 0.315339 -0.569721 -0.448521
1295965799 0.440497 -1.37016 11.7316 -0.458376 0.587621 -0.512106 0.427013
1295965799 -0.360635 -1.69165 11.2268 0.313411 0.799551 0.270664 -0.435009
1295965800 -0.890078 -1.16184 10.5642 0.314529 0.79804 0.271323 -0.436564
1295965800 -0.952426 -1.18049 9.56631 -0.350767 -0.738501 -0.229628 0.528062
1295965801 -1.52128 -0.40801 9.28402 -0.355555 -0.73033 -0.220993 0.539779
1295965801 -2.15295 0.310016 8.99173 -0.354629 -0.726866 -0.220709 0.545153
1295965802 -2.75733 1.04387 8.68161 -0.354414 -0.725733 -0.221242 0.546585
1295965802 -2.1674 0.256667 8.8613 -0.359511 -0.721722 -0.216978 0.550263
1295965803 -2.75931 1.0257 8.61997 -0.360103 -0.719891 -0.215143 0.552988
1295965803 -2.13773 0.441367 9.1417 0.564882 -0.423228 0.702356 0.0920973
1295965804 -1.35454 -0.147635 8.94248 -0.379437 -0.715474 -0.197776 0.552277
1295965804 -2.00083 0.498524 8.53653 -0.380078 -0.715173 -0.196977 0.552512
1295965805 -2.59149 0.996471 7.90158 -0.379455 -0.715446 -0.196303 0.552825
1295965805 -3.23159 1.22938 7.16944 -0.379522 -0.715347 -0.19619 0.552948
1295965806 -3.88453 1.64822 6.53837 0.461713 -0.501345 0.728253 -0.0715681
1295965806 -4.79651 1.98345 6.30193 0.460509 -0.502543 0.728209 -0.071374
1295965807 -3.97383 1.42366 6.20275 -0.53817 -0.601512 -0.0152144 0.590191
1295965807 -4.67325 1.96583 5.73706 -0.537741 -0.597404 -0.0143888 0.594757
1295965808 -3.94225 1.45139 6.18538 -0.533698 -0.624773 -0.0429085 0.568316
1295965808 -4.4437 1.27891 5.33756 -0.0224795 -0.358872 0.863742 -0.353066
1295965809 -4.78386 1.84268 4.58493 -0.0378521 -0.353804 0.862548 -0.359723
1295965809 -4.40621 1.52175 5.45348 -0.367422 -0.318165 0.205526 0.84943
1295965810 -3.68133 1.0804 4.92456 0.250763 -0.378241 0.858914 -0.237312
1295965810 -2.81812 0.806748 5.34879 0.273626 -0.383391 0.852447 -0.226879
1295965811 -2.13907 0.256982 5.83527 0.288887 -0.387615 0.847458 -0.219348
1295965811 -1.46429 -0.357626 6.24384 0.325852 -0.392165 0.835152 -0.206272
1295965812 -2.14007 0.164069 5.72311 -0.361359 -0.314185 0.20117 0.854539
1295965812 -2.94639 0.520245 6.19533 -0.351998 -0.271161 0.215394 0.869583
1295965813 -2.30785 -0.0153753 5.64272 0.269737 -0.289548 0.895445 -0.203917
1295965813 -3.01938 0.306652 5.0182 -0.316683 -0.405106 0.156748 0.843226
1295965814 -2.25034 -0.161333 4.5828 0.418761 -0.261648 0.859578 -0.131552
1295965814 -1.44637 -0.566095 5.01847 0.424068 -0.261022 0.857996 -0.126001
1295965815 -0.593204 -0.87915 5.43572 0.428411 -0.264366 0.855101 -0.124002
1295965816 0.216404 -1.32569 5.8167 0.437822 -0.26153 0.851589 -0.121287
1295965816 -0.654723 -1.04371 5.41467 -0.26839 -0.5363 0.0895758 0.795189
1295965817 0.23727 -1.42877 5.17786 -0.271754 -0.543956 0.0888476 0.788903
1295965817 1.14542 -1.81278 5.01115 -0.272761 -0.570722 0.0821446 0.770149
1295965818 2.11652 -2.05117 4.99947 -0.278748 -0.645361 0.0550565 0.709068
1295965818 3.04016 -1.98938 5.37772 -0.26707 -0.757512 0.0289192 0.59499
1295965819 2.33463 -1.31925 5.60827 0.70917 -0.351011 0.209996 0.574256
1295965819 2.16174 -0.364433 5.36655 0.709878 -0.344064 0.213202 0.576402
1295965820 2.00405 -1.33759 5.19892 0.38703 0.752733 0.499606 -0.184377
1295965820 1.43892 -0.719301 5.74513 0.374912 0.364431 -0.662746 0.536096
1295965821 1.71374 0.195675 5.44967 0.420004 0.331891 -0.635816 0.556043
1295965821 1.519 -0.674433 5.90243 -0.31989 0.391429 0.559025 0.657225
1295965822 1.64235 0.246351 6.27248 -0.309779 0.407383 0.557613 0.653562
1295965822 1.27153 -0.649987 6.02943 -0.29739 0.417359 0.556367 0.654085
1295965823 1.42953 -1.42162 5.41331 -0.347469 0.374099 0.524537 0.681305
1295965823 1.16284 -2.31518 5.05215 -0.349899 0.368708 0.5206 0.686003
1295965824 1.0244 -3.22717 4.666 -0.288205 -0.38309 0.726398 -0.492469
1295965824 1.0584 -2.37481 4.14415 -0.389602 0.301715 0.491964 0.717739
1295965825 0.95643 -3.26988 3.71003 -0.247017 -0.442692 0.737507 -0.446195
1295965825 0.823005 -2.4291 3.18534 -0.243093 -0.442236 0.739803 -0.445
1295965826 0.72146 -1.55477 2.71077 -0.238792 -0.443168 0.743698 -0.439879
1295965826 0.906545 -0.626602 2.38789 -0.247366 0.371417 0.554305 0.702571
1295965827 0.810779 -1.40151 1.76311 0.302908 0.12193 -0.717412 0.615386
1295965827 1.36009 -0.748464 1.24177 0.336876 0.105588 -0.702348 0.618121
1295965828 1.46106 -0.426656 0.300366 0.345549 0.0984884 -0.698048 0.619375
1295965828 1.96263 0.435543 0.229346 0.497558 0.533481 0.60032 0.327795
1295965829 1.48112 -0.398856 0.497534 0.434601 0.0782926 -0.726033 0.527133
1295965829 1.97308 0.22588 -0.108834 -0.113547 0.489479 0.498453 0.706443
1295965830 2.55121 0.911615 0.33335 -0.107082 0.499702 0.498087 0.700529
1295965830 2.00282 0.18447 -0.0796022 -0.108993 0.497737 0.503344 0.697871
1295965831 2.60596 0.878963 0.312702 -0.106328 0.500399 0.506586 0.694022
1295965831 2.14294 0.189058 -0.243758 -0.105988 0.507424 0.50353 0.691191
1295965832 2.65183 0.579004 0.523693 0.713349 -0.138762 -0.435007 0.531645
1295965832 3.36713 1.2764 0.479277 0.088774 0.778214 0.440502 0.438703
1295965833 4.11882 1.88312 0.220693 0.762794 -0.0527596 -0.47897 0.431219
1295965833 4.80426 2.5579 0.494275 0.77255 -0.0641462 -0.464184 0.428468
1295965834 5.48767 3.27047 0.652999 0.767665 -0.0660648 -0.471697 0.428751
1295965834 4.89894 2.70391 0.0764474 0.783921 -0.0693608 -0.448455 0.423728
1295965835 4.73715 3.38134 0.794018 -0.421739 -0.689416 -0.160767 0.566565
1295965835 4.95888 2.70276 1.49428 0.408558 0.76104 0.197239 -0.463676
1295965836 5.09452 1.87983 2.04598 0.394271 0.806278 0.22179 -0.38115
1295965836 4.7724 2.60877 1.44193 0.798556 -0.325889 0.346896 0.368467
1295965837 4.4512 3.11175 2.24433 0.763612 -0.365106 0.425046 0.320827
1295965837 4.92781 2.34684 1.81103 -0.35561 -0.699436 -0.330315 0.524617
1295965838 4.46583 3.18494 1.52094 -0.357515 -0.697283 -0.329089 0.526953
1295965838 3.94134 4.02344 1.37319 -0.356539 -0.694797 -0.326788 0.532304
1295965839 4.48114 3.18195 1.39567 0.789117 -0.289435 0.386131 0.380031
1295965839 4.07791 2.95603 0.508902 -0.190235 0.692688 0.343459 0.605003
1295965840 4.71344 3.70236 0.311191 -0.192114 0.6953 0.350724 0.597196
1295965841 4.01176 2.98995 0.300223 -0.191352 0.697823 0.351725 0.5939
1295965841 3.94959 2.63783 1.23411 0.357046 -0.428993 0.821644 0.115694
1295965842 3.71111 3.45084 0.702939 0.309973 -0.433724 0.841906 0.083631
1295965842 4.16614 2.65826 1.10885 0.31575 -0.432962 0.83976 0.0874602
1295965843 3.76779 3.48129 0.703957 -0.487226 -0.300863 -0.0534936 0.818065
1295965843 3.44426 4.34103 1.09916 -0.486659 -0.298542 -0.049185 0.819522
1295965844 4.11142 3.70181 0.716667 -0.472372 -0.37992 -0.0969631 0.789382
1295965844 4.82134 3.00981 0.585753 -0.450352 -0.484218 -0.153001 0.734376
1295965845 5.41553 3.33124 1.32306 -0.408678 -0.640121 -0.247035 0.601831
1295965845 5.11466 4.13285 1.8397 -0.309677 -0.732794 -0.331594 0.507108
1295965846 5.30919 3.74956 2.74261 0.233068 0.809926 0.456806 -0.284654
1295965846 5.88641 3.93721 1.94788 0.140536 -0.503979 0.852129 -0.0114164
1295965847 5.52412 4.75894 1.508 0.139586 -0.505739 0.85128 -0.00816173
1295965847 5.22901 5.65173 1.16765 0.104874 -0.504577 0.856471 -0.0293315
1295965848 6.19328 5.86847 1.01536 0.0222147 0.864552 0.498466 0.0598977
1295965848 5.62944 6.55703 0.559338 -0.595633 -0.332895 0.646358 -0.3415
1295965849 5.96103 7.07724 1.34638 -0.527269 -0.355447 0.708272 -0.306586
1295965849 6.63774 7.80128 1.4799 -0.150638 0.687459 0.454674 0.545875
1295965850 7.17155 8.6452 1.42659 -0.147251 0.692987 0.45367 0.54062
1295965850 7.71347 9.46683 1.24981 -0.142506 0.696617 0.456071 0.535179
1295965851 8.31349 10.2668 1.24661 -0.139242 0.698446 0.458473 0.531589
1295965851 7.75541 9.43708 1.25709 0.653763 0.117665 -0.558749 0.496537
1295965852 7.0935 8.69886 1.38708 0.630695 0.137047 -0.584439 0.491806
1295965852 6.50565 7.91168 1.57358 -0.603361 -0.159082 0.613392 -0.484147
1295965853 7.07001 8.67333 1.25516 -0.232534 0.565078 0.44012 0.657958
1295965853 6.55551 7.91721 0.850732 0.651579 0.142792 -0.564953 0.485678
1295965854 5.98063 7.13117 1.07803 0.645565 0.148591 -0.567552 0.48893
1295965854 5.34579 6.36535 1.18047 0.640019 0.154846 -0.575191 0.485338
1295965855 5.91153 7.1859 1.09902 -0.147656 0.648518 0.484721 0.568037
1295965855 6.48141 7.99994 1.21113 -0.128246 0.668188 0.489018 0.545838
1295965856 7.12789 8.75388 1.32795 -0.121836 0.67537 0.489027 0.538409
1295965856 7.75502 9.53279 1.33099 -0.109056 0.686262 0.492629 0.523897
1295965857 7.44462 8.64532 1.67165 -0.38411 -0.286066 0.766123 -0.42858
1295965857 7.92278 9.51703 1.56451 -0.078983 0.652864 0.516011 0.548875
1295965858 8.59778 10.2299 1.75468 0.711115 0.0493469 -0.488151 0.503576
1295965858 7.90456 9.51846 1.86989 0.710211 0.0494727 -0.489472 0.503558
1295965859 8.5146 10.2845 2.07247 0.708135 0.0506477 -0.493553 0.50238
1295965859 7.82316 9.56601 1.99705 0.707578 0.0553303 -0.497004 0.499259
1295965860 7.13369 8.84188 1.98085 0.704984 0.0603676 -0.501047 0.498302
1295965860 7.62708 9.70973 1.92257 0.701445 0.0616959 -0.505683 0.49845
1295965861 7.17719 8.84953 2.16268 -0.21854 0.808099 0.257672 0.482515
1295965861 7.35517 9.36096 1.32199 -0.273637 -0.28096 0.909815 -0.135721
1295965862 7.93548 9.74133 0.601882 -0.360806 -0.275942 0.877006 -0.156638
1295965862 8.43961 10.3524 -0.0083821 -0.452482 -0.260972 0.831415 -0.189478
1295965863 9.0162 10.5443 0.78579 -0.178274 -0.804226 -0.210167 0.526563
1295965863 9.09139 10.4318 -0.205011 -0.142749 -0.337751 0.894845 -0.254556
1295965864 8.85822 9.56173 0.229209 -0.359424 0.559936 0.314775 0.676906
1295965865 9.25127 10.4746 0.339932 -0.453072 -0.266812 0.772883 -0.35523
1295965865 9.6741 11.2399 -0.145394 -0.535238 -0.222383 0.719275 -0.383027
1295965866 9.42979 10.4112 -0.649022 -0.00111018 0.964653 0.249299 -0.0854071
1295965866 10.281 9.89839 -0.760813 -0.0153834 0.972958 0.229729 -0.0184735
1295965867 10.3423 10.3236 -1.66383 0.97279 -0.00494523 0.102729 0.207612
1295965867 10.4308 10.4895 -0.681675 0.966909 0.0528953 0.1502 0.199321
1295965868 11.0826 10.1789 -1.37355 0.977648 0.0785767 0.0189935 0.194088
1295965868 11.2198 9.84578 -2.3064 0.97806 0.0877588 -0.0141378 0.188409
1295965869 11.2827 10.239 -1.38912 0.977729 0.0867155 -0.0152142 0.190511
1295965869 11.4063 10.7628 -0.546232 0.977209 0.0841086 -0.0154702 0.194292
1295965870 11.4678 11.189 0.356291 0.97668 0.0754586 0.0420741 0.196548
1295965870 10.4917 11.0855 0.164892 -0.211133 0.13689 0.0280561 0.967418
1295965871 10.7733 11.5658 0.995609 -0.0925767 -0.142334 0.985069 -0.0284653
1295965871 10.5423 11.2709 1.9228 -0.078064 -0.144228 0.986101 -0.0266237
1295965872 10.4104 11.0384 2.8864 -0.0631239 -0.148103 0.986688 -0.0229676
1295965872 10.5769 11.0175 1.90058 0.00569072 -0.13122 0.982658 0.130887
1295965873 10.4159 11.5213 1.05191 -0.144629 -0.138818 0.971415 0.127141
1295965873 10.0327 11.1654 1.90425 -0.293926 0.269446 -0.121817 0.908938
1295965874 10.6145 11.7148 2.50397 -0.267826 -0.188027 0.939609 0.100252
1295965874 9.69473 12.1068 2.51994 -0.242377 -0.27188 0.922417 0.128382
1295965875 9.09868 11.7413 3.2349 -0.253019 0.38076 -0.073701 0.886325
1295965875 8.23322 11.7079 2.73504 -0.100277 -0.454859 0.851543 0.24067
1295965876 7.74338 11.0845 3.34448 -0.0921099 -0.460444 0.850489 0.237012
1295965876 8.13414 11.6308 2.60361 -0.193311 -0.487166 0.831442 0.184405
1295965877 7.56428 11.0276 3.16173 -0.388383 0.398928 -0.0387748 0.829766
1295965877 8.14859 11.8348 3.24594 -0.26418 -0.0513522 0.962929 -0.0184281
1295965878 8.54634 11.8771 2.32942 -0.278826 -0.0533706 0.958611 -0.0217505
1295965878 9.05864 11.9693 1.47559 -0.0362767 0.250579 0.0283313 0.967001
1295965879 8.57041 11.829 0.614239 -0.034652 0.260756 0.0240331 0.964483
1295965879 9.17329 12.1331 1.35182 -0.0370065 0.355527 0.0202672 0.933713
1295965880 8.60508 12.0676 0.531542 -0.544465 -0.0440136 0.837491 -0.015175
1295965880 9.31344 12.0189 1.2357 -0.470394 -0.0505579 0.880997 -0.00411669
1295965881 9.09183 11.9027 2.2039 -0.459297 -0.0485242 0.886942 -0.005136
1295965881 9.70419 12.1099 1.44093 -0.471437 -0.042374 0.88085 -0.0074169
1295965882 9.64141 11.9625 2.42801 -0.0950642 -0.406519 -0.0700041 0.905983
1295965882 10.4196 11.7862 1.82519 -0.0857055 -0.45614 -0.0743666 0.882644
1295965883 10.033 12.5665 2.31677 0.480058 0.48687 0.638884 0.352603
1295965883 9.07499 12.3709 2.10694 0.486373 0.486454 0.630321 0.35986
1295965884 9.50597 11.4709 2.04251 -0.305711 0.755872 -0.506184 0.281025
1295965884 9.3111 12.4512 2.07279 -0.212843 -0.000160801 0.593935 0.775847
1295965885 8.82157 11.7853 2.6358 0.617525 -0.541176 -0.356818 0.445503
1295965885 7.93286 11.5858 2.22305 0.614166 -0.534966 -0.365386 0.45067
1295965886 7.03942 11.2785 1.89541 0.614813 -0.53023 -0.3684 0.452927
1295965886 6.14166 10.984 1.56787 0.612592 -0.524801 -0.372829 0.4586
1295965887 7.08075 11.181 1.84949 0.522504 0.630342 0.437525 0.371794
1295965887 8.01339 11.3647 1.53897 0.594473 -0.507845 -0.390129 0.486308
1295965888 9.0012 11.4891 1.63255 0.589607 -0.520291 -0.385554 0.482709
1295965888 9.8335 12.043 1.65511 0.576917 -0.519092 -0.395721 0.491035
1295965889 9.22909 11.3038 1.35807 0.575164 -0.51073 -0.403882 0.495197
1295965889 10.2058 11.4631 1.50191 0.492063 0.595427 0.471485 0.42549
1295965890 9.21806 11.5075 1.65166 0.490196 0.590068 0.473396 0.432926
1295965890 9.73565 10.6723 1.46571 0.725519 -0.568382 0.24498 -0.300913
1295965891 9.04636 11.3684 1.66657 0.013083 -0.230544 0.484316 0.84387
1295965892 9.3612 12.244 2.03301 -0.0591378 -0.484584 0.422685 0.763556
1295965892 10.301 12.5853 2.04946 -0.148159 -0.600722 0.413053 0.668258
1295965893 9.55811 12.8243 2.67473 -0.150705 -0.619354 0.415391 0.648953
1295965893 8.61212 12.6763 2.96316 -0.147171 -0.619958 0.416934 0.648197
1295965894 9.35209 12.1898 2.49866 0.949092 -0.296274 -0.0999283 0.0382075
1295965894 9.09488 12.7382 3.29437 0.958715 -0.283007 -0.0194885 0.0197976
1295965895 9.1725 12.5827 2.30957 0.9591 -0.281917 -0.0169908 0.0189892
1295965895 9.31044 12.0169 1.49667 0.248636 0.766446 -0.469421 -0.361089
1295965896 10.2961 12.1388 1.37985 0.250572 0.795519 -0.441314 -0.331066
1295965896 11.2678 11.9058 1.3421 0.694427 -0.511285 -0.503867 -0.0497644
1295965897 11.2005 10.9254 1.15705 0.706136 -0.502666 -0.489948 -0.0930005
1295965897 11.9018 10.6429 1.81151 0.344531 0.795396 -0.377115 0.326232
1295965898 12.3976 9.88848 1.38133 0.338467 0.796913 -0.379802 0.32576
1295965898 12.6081 8.99822 0.977445 0.324659 0.808759 -0.387268 0.300881
1295965899 12.0678 9.05746 0.138045 0.0200314 0.48204 0.861844 -0.156399
1295965899 11.9658 9.91725 0.638406 0.0322436 0.477768 0.862649 -0.162892
1295965900 11.9279 10.7407 1.20449 0.0334174 0.477524 0.862741 -0.162887
1295965900 11.5755 11.5781 1.62243 -0.0724621 0.481251 0.864927 -0.122674
1295965901 12.4954 11.3589 1.29722 0.299127 0.814049 -0.36543 0.338095
1295965901 12.6689 11.6294 2.24418 -0.15078 0.518895 0.831173 -0.131011
1295965902 11.7922 11.1879 2.05299 -0.388164 0.502205 0.771635 0.0412164
1295965902 11.5679 10.3771 1.51236 -0.486819 0.487341 0.717945 0.100305
1295965903 12.087 9.52782 1.41668 -0.490889 0.484881 0.716753 0.100913
1295965903 11.503 10.3219 1.585 -0.487776 0.486033 0.718504 0.0979688
1295965904 12.043 9.54562 1.2599 -0.506717 0.487201 0.701961 0.114559
1295965904 12.6351 8.74305 1.18705 -0.587719 0.469737 0.636196 0.170846
1295965905 12.0377 9.53708 1.07464 0.456081 0.587241 -0.178697 0.644365
1295965905 12.5307 8.76704 1.47959 0.842715 -0.388308 -0.219221 -0.301648
1295965906 12.0752 9.49341 0.964948 0.839489 -0.396114 -0.223626 -0.297227
1295965906 11.929 10.204 0.27671 0.837483 -0.399347 -0.229361 -0.294172
1295965907 12.0376 9.58977 1.05832 0.369563 0.849039 -0.339372 0.165475
1295965907 11.9913 10.2684 1.79139 0.860482 -0.373332 -0.15696 -0.309124
1295965908 11.9722 10.896 1.01309 0.858686 -0.376234 -0.164024 -0.306925
1295965908 12.0508 11.5126 0.229807 0.857028 -0.378979 -0.169893 -0.304982
1295965909 12.0102 12.1316 -0.554592 0.85563 -0.380868 -0.173631 -0.30445
1295965909 11.8657 12.8409 -1.24452 0.854695 -0.382575 -0.174512 -0.304431
1295965910 12.0063 12.1567 -0.528854 0.867011 -0.352755 -0.107145 -0.335225
1295965910 11.8191 11.4801 0.183312 0.33878 0.907109 -0.249749 0.00255621
1295965911 11.6163 11.1433 -0.73616 0.328561 0.905599 -0.26552 -0.0379103
1295965911 11.3733 10.6609 -1.57772 0.327559 0.904217 -0.270226 -0.0455427
1295965912 11.0401 10.3082 -2.45211 0.309477 0.897004 -0.293852 -0.115144
1295965912 10.6356 10.0093 -3.31647 0.282982 0.886876 -0.317407 -0.180624
1295965913 11.2198 10.4959 -2.66685 0.856582 -0.317551 0.110386 -0.391464
1295965913 11.9452 9.81217 -2.74673 0.355168 -0.110392 0.392603 0.841149
1295965914 11.7372 10.4424 -3.49472 0.157713 0.283894 0.845116 -0.424629
1295965914 11.4369 10.4541 -2.54094 0.430412 0.504607 0.120708 0.738611
1295965915 11.5716 9.63825 -1.97857 0.447711 0.529507 0.10988 0.712112
1295965916 12.2785 8.94185 -1.85493 0.436969 0.5459 0.0954889 0.708473
1295965916 11.3421 9.2555 -2.01218 0.432725 0.538542 0.0965732 0.716516
1295965917 10.4318 9.66869 -1.98429 0.431294 0.536384 0.0968062 0.718962
1295965917 9.69221 9.20111 -2.46833 0.757616 0.375324 0.403844 0.349371
1295965918 10.5365 9.15033 -3.00188 -0.384775 0.594571 0.526463 -0.470394
1295965918 9.60088 9.47366 -2.85988 0.487825 0.426175 0.432592 0.627109
1295965919 10.5943 9.55045 -2.94505 0.450066 0.364282 0.482302 0.657361
1295965919 10.6208 8.5564 -3.05066 0.847812 -0.47543 -0.0865252 -0.218393
1295965920 10.2129 8.6644 -2.14404 -0.175517 -0.673421 0.457398 0.553611
1295965920 10.2673 7.88233 -2.76485 -0.219634 0.40074 0.846281 -0.273819
1295965921 10.9413 8.6105 -2.64023 0.0985366 0.783099 -0.482977 -0.379184
1295965921 11.6814 9.24002 -2.40374 0.141591 0.81573 -0.471341 -0.30393
1295965922 11.0599 8.60796 -2.86658 0.855189 -0.104703 0.328656 -0.386879
1295965922 11.6845 9.1925 -3.3844 0.857274 -0.106321 0.324414 -0.3854
1295965923 11.0451 8.61307 -2.87901 0.115147 0.85172 -0.40103 -0.317
1295965923 10.425 7.97884 -3.34068 0.111387 0.848874 -0.400946 -0.325957
1295965924 11.0657 8.55908 -2.83794 0.862 -0.090466 0.340058 -0.364872
1295965924 10.3442 8.13549 -2.29031 0.103481 0.774544 -0.486431 -0.390842
1295965925 9.62513 7.47927 -2.51917 0.0991008 0.773227 -0.486783 -0.394133
1295965925 10.3073 8.13843 -2.20262 0.0996184 0.772681 -0.487321 -0.394409
1295965926 10.918 8.89484 -1.96833 0.137549 0.802125 -0.477402 -0.331304
1295965927 11.5623 9.56881 -1.6069 0.158527 0.819978 -0.469489 -0.286506
1295965927 12.1786 10.2312 -1.18093 0.178482 0.831146 -0.462657 -0.251573
1295965928 12.6535 10.9972 -0.74779 0.222172 0.852305 -0.441894 -0.170135
1295965928 12.9779 11.8306 -0.300283 0.259617 0.874511 -0.406819 -0.0482446
1295965929 13.007 12.689 0.211846 0.287275 0.875259 -0.388567 0.0202457
1295965929 13.2097 13.3775 0.908184 0.292816 0.87541 -0.38397 0.021987
1295965930 13.2733 14.0325 1.66116 0.295418 0.872155 -0.388777 0.0304353
1295965930 13.0846 14.5943 2.46657 0.310577 0.862979 -0.389045 0.0863337
1295965931 13.2297 15.4511 2.96148 -0.776998 0.243478 0.0710991 0.57614
1295965931 12.6271 15.0692 3.6622 0.248856 -0.416537 0.741346 0.463653
1295965932 12.8981 15.1336 2.7018 0.189247 -0.416005 0.739818 0.493756
1295965932 13.0874 16.1136 2.76197 0.0603045 -0.468634 0.764869 0.437859
1295965933 12.9793 15.12 2.73112 0.392801 0.525916 0.594567 -0.464337
1295965933 13.204 14.1731 2.5012 0.362755 0.542007 0.613136 -0.445759
1295965934 13.1348 13.1785 2.5785 0.363552 0.543832 0.611941 -0.444528
1295965934 13.0946 14.1693 2.70756 0.369603 0.539093 0.609251 -0.448982
1295965935 13.3939 15.0611 2.36835 0.371911 0.547556 0.602333 -0.446161
1295965935 13.3305 16.036 2.58158 0.372725 0.546736 0.599127 -0.45078
1295965936 14.0552 15.9563 1.89716 0.774773 0.239928 -0.556441 0.180373
1295965936 13.5798 15.0781 1.84506 0.772895 0.242411 -0.55572 0.187203
1295965937 14.317 15.6113 2.26009 0.807619 0.22953 -0.504212 0.202086
1295965937 15.0615 16.0582 2.75612 -0.156792 0.819124 0.30353 0.460785
1295965938 15.7135 16.7336 2.41166 -0.146383 0.82955 0.301984 0.446346
1295965938 16.3227 17.3515 1.91461 -0.142442 0.833457 0.302478 0.439963
1295965939 17.0466 17.9542 1.57881 -0.139308 0.837652 0.300756 0.434141
1295965939 17.7409 18.5942 1.24967 -0.144199 0.837135 0.30369 0.43149
1295965940 18.2596 18.3355 0.434772 -0.551502 -0.495564 0.417612 0.525225
1295965940 18.9638 17.6829 0.155268 -0.531873 -0.480265 0.428922 0.549985
1295965941 19.4754 16.9037 -0.206831 -0.552423 0.817625 0.150107 0.0615308
1295965942 19.497 16.5482 0.727611 -0.558704 0.812866 0.141114 0.0847686
1295965942 19.3543 16.9026 -0.19656 0.791207 0.54238 -0.155878 0.235621
1295965943 19.3232 17.4994 0.605183 0.796076 0.532143 -0.127168 0.25868
1295965943 19.2092 18.0331 1.44318 0.800678 0.518171 -0.0798549 0.289893
1295965944 19.4026 17.5242 0.604352 0.801651 0.519212 -0.0903512 0.282154
1295965944 19.2416 17.2297 1.54633 0.800406 0.514616 -0.118251 0.28379
1295965945 19.5371 18.1829 1.61004 0.80085 0.504102 -0.0908992 0.310255
1295965945 19.626 18.1756 2.60605 -0.227032 0.53315 0.81476 -0.0193054
1295965946 18.9742 18.9333 2.57326 -0.208804 0.528188 0.822483 -0.0306754
1295965946 19.9498 18.9284 2.79306 0.15977 0.852682 -0.49383 -0.0594843
1295965947 19.699 18.0533 2.37911 -0.808884 0.1985 0.0551803 0.550689
1295965947 19.8501 17.1685 2.81985 -0.814538 0.111762 -0.0767587 0.564044
1295965948 20.5492 17.7471 2.39983 0.210346 -0.539608 0.616853 0.532983
1295965948 20.1975 16.8293 2.58393 -0.525195 -0.327616 -0.574651 0.535364
1295965949 20.4667 17.7402 2.89656 0.403288 -0.421757 0.486242 0.650422
1295965949 20.7105 18.4363 3.57184 0.385545 -0.459541 0.485957 0.635627
1295965950 20.9752 19.3646 3.31049 0.386066 -0.457786 0.486331 0.636292
1295965950 20.7874 18.5449 3.85173 0.39071 -0.45187 0.482061 0.640918
1295965951 21.0183 19.4759 3.56877 0.364801 -0.482274 0.500311 0.619694
1295965951 21.3358 20.32 4.00086 0.377954 -0.559646 0.483156 0.557232
1295965952 21.546 20.6536 3.08191 -0.732778 0.266667 0.246671 0.575395
1295965952 21.0008 20.1767 3.77134 -0.367946 0.570787 -0.538134 -0.499229
1295965953 20.7639 19.234 4.00614 0.373561 -0.565426 0.534036 0.50552
1295965953 20.7581 20.2327 3.95562 -0.353846 0.589293 -0.547768 -0.476945
1295965954 20.6679 19.2369 3.97028 -0.575171 -0.290338 -0.4609 0.61029
1295965954 20.2775 19.3552 3.05725 0.562178 0.526687 -0.418122 0.481383
1295965955 20.201 19.4964 4.04426 0.397791 0.502678 0.618495 -0.454468
1295965955 20.4641 19.5742 3.08267 0.44932 0.606995 -0.515067 0.405432
1295965956 20.5983 18.6026 2.88817 0.447593 0.605952 -0.516591 0.406959
1295965956 20.7486 17.6288 2.71709 0.443175 0.609518 -0.522219 0.399213
1295965957 20.6861 18.6232 2.80309 -0.646059 0.413697 0.34868 0.53841
1295965957 20.6203 17.6291 2.88989 -0.648426 0.406024 0.346076 0.543066
1295965958 20.5325 18.6081 2.70576 -0.647572 0.408517 0.353058 0.537694
1295965958 20.4623 19.5496 2.37626 -0.644915 0.416727 0.358907 0.530669
1295965959 20.5131 18.6097 2.71392 0.314391 0.636165 -0.632482 0.310513
1295965959 20.5076 17.6098 2.70062 0.30906 0.641634 -0.633589 0.302246
1295965960 21.1173 17.636 3.49285 0.335674 0.623422 0.609437 -0.356727
1295965960 21.5871 17.1888 2.73173 0.548471 0.441051 -0.466798 0.535493
1295965961 21.4512 17.7485 3.54922 0.269471 0.681452 0.627052 -0.264224
1295965961 21.4904 18.7476 3.5675 0.635643 -0.164816 0.187892 0.730404
1295965962 21.8071 17.8545 3.88716 0.499488 0.481079 0.555039 -0.459354
1295965962 21.6992 18.785 4.23736 0.480154 0.499069 0.570818 -0.441078
1295965963 21.7866 19.7513 4.47919 0.482919 0.495224 0.573587 -0.438795
1295965963 21.9073 20.7107 4.73413 0.549645 -0.334426 0.331032 0.690266
1295965964 21.7652 19.721 4.74872 0.552915 -0.337092 0.326337 0.688591
1295965964 21.7257 18.7573 5.01263 0.552268 -0.330993 0.329164 0.690721
1295965965 21.8369 17.8448 5.40634 0.553707 -0.335477 0.31488 0.694056
1295965965 21.0724 17.4566 4.89169 -0.426228 0.661729 0.408081 0.462509
1295965966 21.4119 18.3666 4.65366 -0.41766 0.665595 0.420406 0.453655
1295965967 21.3845 17.3707 4.5672 -0.3398 0.720791 0.4347 0.419562
1295965967 21.1312 17.6539 3.64221 -0.0616438 -0.532053 0.843869 0.0316888
1295965968 20.897 16.7516 4.00421 -0.048202 -0.530212 0.845837 0.0333363
1295965968 20.5506 15.8819 4.35571 0.0263576 -0.528448 0.844939 0.0782675
1295965969 21.5226 15.6496 4.32081 0.147722 -0.520902 0.824548 0.164196
1295965969 21.5613 14.6523 4.38313 0.161719 -0.505293 0.82892 0.177248
1295965970 21.5985 15.5419 3.92805 0.133575 -0.511846 0.834041 0.156676
1295965970 21.5975 16.4195 3.44864 -0.507892 -0.0749718 -0.123265 0.849253
1295965971 22.191 17.1291 3.82856 -0.513774 -0.0451373 -0.106755 0.85006
1295965971 21.2742 17.5285 3.82187 -0.529016 0.111612 -0.0197668 0.841008
1295965972 20.7498 18.2733 4.23448 -0.518797 0.313617 0.106697 0.788105
1295965972 19.8409 18.214 4.64729 0.589536 -0.334079 0.4476 0.583517
1295965973 19.7253 19.1131 4.22509 -0.48943 -0.573663 -0.409748 0.513299
1295965973 19.564 20.099 4.17944 -0.497643 -0.562483 -0.40021 0.525163
1295965974 19.4335 21.0904 4.17581 -0.50171 -0.558849 -0.39083 0.532191
1295965974 19.7644 20.1846 3.91104 0.748822 -0.445654 0.228269 0.434225
1295965975 19.6372 21.119 4.24397 0.527918 0.652081 0.348033 -0.41829
1295965975 19.6982 21.7732 3.49012 0.331239 -0.539485 0.748473 0.197548
1295965976 19.5806 22.7661 3.50829 0.334909 -0.537007 0.746509 0.205385
1295965976 19.5737 23.6929 3.13287 -0.615073 -0.108639 -0.0125084 0.780849
1295965977 19.7264 24.6452 3.39705 -0.613208 -0.0744856 0.0137614 0.786281
1295965977 19.6399 23.7149 3.04053 0.235387 -0.681848 0.68411 0.108028
1295965978 19.7546 22.7217 3.02086 0.238788 -0.681015 0.683072 0.112299
1295965978 19.7569 23.7173 3.11524 0.231905 -0.679863 0.686074 0.115364
1295965979 20.3747 22.9319 3.15408 -0.420445 -0.329553 -0.465457 0.70567
1295965979 19.9134 23.7749 3.4308 -0.330016 0.693726 -0.594772 -0.236814
1295965980 19.8076 22.7807 3.45192 -0.336891 0.692191 -0.589848 -0.243834
1295965980 19.808 21.7808 3.46199 -0.347689 0.690278 -0.582526 -0.25158
1295965981 19.8578 22.7758 3.5478 -0.728348 -0.269169 -0.149416 0.612153
1295965981 20.4453 22.625 2.75281 -0.151104 0.655951 0.690414 0.264997
1295965982 19.9284 22.5754 3.60741 -0.701189 -0.311976 -0.100444 0.63318
1295965982 19.5614 23.4665 3.34042 -0.701942 -0.313333 -0.100252 0.631704
1295965983 19.5466 24.351 3.80665 -0.700175 -0.319009 -0.108794 0.629406
1295965983 20.1134 23.7354 4.35428 -0.0932596 -0.567213 0.775768 -0.260301
1295965984 19.2663 23.8795 3.84263 -0.0938625 -0.567209 0.775693 -0.260317
1295965984 18.8951 24.7978 3.70519 -0.0939044 -0.567704 0.775638 -0.259385
1295965985 18.7699 23.8377 3.95528 -0.414724 0.3094 0.426696 0.741759
1295965985 18.8321 24.7197 4.42229 -0.417016 0.319146 0.427881 0.735637
1295965986 18.7923 23.8275 3.97255 -0.428575 0.294766 0.416195 0.745801
1295965986 18.7611 24.7854 4.2578 -0.0816643 -0.34478 0.85856 -0.370585
1295965987 18.5613 25.4747 3.56142 -0.0814003 -0.344141 0.858692 -0.370931
1295965987 18.4756 26.28 2.97474 -0.122901 -0.325966 0.855047 -0.384106
1295965988 18.2572 26.6523 2.0727 -0.172361 -0.306033 0.843934 -0.405475
1295965988 18.049 27.1458 1.22826 -0.17718 -0.300918 0.841972 -0.411265
1295965989 18.0641 27.8992 0.570804 -0.172457 -0.300709 0.843779 -0.40972
1295965989 18.1208 28.6488 -0.0886545 -0.324658 0.280165 0.421078 0.799249
1295965990 18.2821 29.4187 0.528803 -0.309556 0.306223 0.431367 0.790142
1295965990 18.4328 30.1832 1.15545 -0.269711 0.374692 0.454275 0.761903
1295965991 18.6887 30.7828 1.9138 -0.251585 0.408194 0.467108 0.742895
1295965991 18.2858 30.0246 1.40102 -0.400293 -0.283002 0.746742 -0.449501
1295965992 17.9734 29.2181 1.9029 -0.396391 -0.285179 0.748206 -0.449148
1295965993 18.36 30.0165 1.44132 -0.230292 0.430029 0.479568 0.729421
1295965993 17.9818 29.2391 0.938772 -0.255544 0.387309 0.466052 0.753316
1295965994 18.1349 30.1254 1.37576 -0.109843 -0.159781 0.866237 -0.460476
1295965994 18.2161 29.5996 2.22249 -0.103409 -0.157821 0.866329 -0.462464
1295965995 18.1741 29.2314 3.15129 -0.099166 -0.163577 0.866132 -0.461762
1295965995 18.085 29.6469 2.24607 -0.273516 0.130611 0.443861 0.843278
1295965996 18.0386 30.2257 3.06024 -0.271929 0.13281 0.445707 0.842473
1295965996 17.8321 29.6686 2.25584 -0.114773 -0.475354 0.787526 -0.375057
1295965997 18.0718 28.8553 2.78606 -0.112451 -0.477709 0.787458 -0.372905
1295965997 18.1389 29.7022 2.25859 -0.110269 -0.476301 0.789601 -0.370822
1295965998 18.4615 28.8777 2.72342 -0.111319 -0.477574 0.788932 -0.370294
1295965998 18.1783 29.7092 2.24548 -0.159554 -0.450876 0.780176 -0.403212
1295965999 18.4578 28.8024 2.56106 -0.610552 0.325788 0.378509 0.614669
1295965999 19.2431 28.2851 2.22084 0.402064 -0.180538 -0.44532 0.779385
1295966000 18.8061 27.758 2.94971 0.395453 -0.174599 -0.447446 0.782895
1295966001 19.3466 28.1867 2.2258 0.110623 0.49436 0.723622 0.468767
1295966001 18.7229 27.5965 1.71336 0.101184 0.487993 0.726685 0.472814
1295966002 18.2137 27.0084 1.08498 0.0648191 0.467115 0.729993 0.494684
1295966002 18.0968 27.6638 1.83117 -0.207998 -0.121172 -0.481175 0.842927
1295966003 18.2142 26.6845 1.66654 -0.166016 -0.2269 -0.490237 0.824998
1295966003 18.261 27.0098 2.61098 0.421437 0.127567 0.708897 0.550984
1295966004 17.6507 27.3785 1.90982 0.344341 0.0730257 0.751035 0.558608
1295966004 17.8036 27.9194 2.73692 -0.466694 0.329943 -0.366674 0.734088
1295966005 18.7639 28.0828 2.96318 -0.484349 0.361585 -0.348406 0.716432
1295966005 17.9068 27.6273 2.72268 -0.382315 -0.465961 0.727675 0.327422
1295966006 18.0492 28.5398 2.33908 0.0403611 -0.415241 -0.552468 0.721613
1295966007 18.4715 27.7927 1.82568 -0.0353023 -0.521559 -0.563447 0.639733
1295966008 18.9802 27.1708 1.23033 -0.0324677 -0.528168 -0.560601 0.636954
1295966008 19.2844 26.2187 1.26243 -0.0320575 -0.52842 -0.560559 0.636803
1295966009 19.7032 25.5583 0.639162 0.398051 0.184077 0.582016 0.684784
1295966009 20.6247 25.3012 0.930111 0.399223 0.183849 0.582328 0.683896
1295966010 21.0139 24.8084 1.70839 0.39912 0.183848 0.58224 0.684032
1295966010 21.7598 24.9579 2.35741 -0.165717 -0.085494 -0.687388 0.701945
1295966011 22.1813 25.1184 3.24994 -0.166043 -0.0855199 -0.687468 0.701786
1295966011 22.2986 25.9612 2.72465 0.816001 0.511247 0.014302 0.269379
1295966012 21.7384 25.9291 3.55237 -0.305499 0.715254 0.427276 -0.460997
1295966012 22.6308 25.8 3.11994 -0.305456 0.715201 0.427642 -0.460767
1295966013 21.943 26.5134 2.98588 -0.304127 0.715714 0.428094 -0.46043
1295966013 22.8678 26.1335 3.0072 -0.305519 0.71583 0.427635 -0.459754
