1295878709 0 0 0 0 0 0 0
1295878710 0 0 0 0 0 0 0
1295878711 0.000968863 6.57018e-05 0 0 0 -0.112606 -0.00473519
1295878712 0.00103855 -0.00986703 0 0 0 0.41765 -0.0475417
1295878713 0.00847954 -0.00787036 0 0 0 0.383675 -0.236504
1295878714 0.0152698 0.00236841 0 0 0 0.245705 -0.395178
1295878715 -0.0975078 0.0889787 0 0 0 0.0136315 -0.044342
1295878716 -0.25453 0.235949 0 0 0 0.0296262 -0.145654
1295878717 -0.339139 0.0846564 0 0 0 0.00447605 -0.0425124
1295878718 -0.366812 0.0890438 0 0 0 0.0006971 -0.0087927
1295878719 -0.376594 0.0865234 0 0 0 0.000408824 -0.00567946
1295878720 -0.355651 0.078771 0 0 0 0.00185588 -0.0365734
1295878721 -0.21386 0.0627086 0 0 0 0.000486938 -0.0237177
1295878722 -0.483605 0.0535047 0 -0 0 -9.5231e-07 -0.0174411
1295878723 -0.110122 -0.0022259 0 0 0 -3.3322e-05 -0.00320999
1295878724 0.000103684 2.58203e-06 0 0 0 4.62903e-08 3.86265e-06
1295878725 3.83093e-05 9.28131e-07 0 0 0 5.32596e-08 4.44574e-06
1295878726 -0.0546892 -0.00141422 0 0 0 -2.22938e-05 -0.00173551
1295878727 -0.433785 -0.0152173 0 0 0 -9.38862e-05 -0.00567256
1295878728 -0.492006 -0.0212271 0 0 0 -8.56409e-05 -0.00400349
1295878729 -0.425607 -0.0141159 0 0 0 -0.000122082 0.0515149
1295878730 -0.0531709 0.00331443 0 0 0 -0.000496163 0.0140966
1295878731 -0.135945 0.0226544 0 0 0 -0.00844489 0.0941081
1295878732 -0.149244 0.0415378 0 0 0 -7.36757e-05 0.000534305
1295878733 -0.298719 0.0831587 0 0 0 0.000354069 -0.00258756
1295878734 -0.307289 0.0836245 0 0 0 0.000449002 -0.00335624
1295878735 -0.30539 0.0804865 0 0 0 0.00052988 -0.00407703
1295878736 -0.22021 0.0534422 0 0 0 0.000297457 -0.00234819
1295878737 0.000212688 -5.37089e-05 0 0 0 -9.57563e-06 7.62927e-05
1295878738 3.01981e-14 -4.77396e-14 0 0 0 2.38863e-08 -1.90253e-07
1295878739 0 0 0 0 0 0 0
1295878740 0 0 0 0 0 0 0
1295878741 -0.00697069 0.00176553 0 0 0 4.08893e-05 -0.000326113
1295878742 -0.406668 0.100303 0 0 0 0.000515235 -0.00418634
1295878743 -0.18385 0.0352109 0 0 0 0.000350547 -0.00293503
1295878744 0.000549414 -9.89643e-05 0 0 0 -7.18865e-08 6.09532e-07
1295878745 0.000213939 -3.85332e-05 0 0 0 -3.58417e-07 3.039e-06
1295878746 0.000131743 -2.37294e-05 0 0 0 -3.83884e-07 3.25485e-06
1295878747 -0.302578 -0.119175 0 0 0 0.00361612 -0.0363585
1295878748 -0.576348 -0.185378 0 0 0 -0.00245633 0.0260672
1295878749 -0.531653 0.114634 0 0 0 -0.00017602 0.00162556
1295878750 -0.46789 0.0987185 0 0 0 0.000410117 -0.00382703
1295878751 -0.522082 0.107695 0 0 0 0.000581083 -0.0056784
1295878752 -0.531999 0.0817423 0 0 0 0.00468056 -0.0776025
1295878753 -0.54563 0.0168377 0 0 0 0.000166068 -0.0102187
1295878754 -0.533069 0.0192042 0 0 0 -0.00137363 0.0424261
1295878755 -0.5283 0.142204 0 0 0 -0.021941 0.161392
1295878757 -0.45059 0.297698 0 0 0 -0.0461825 0.151484
1295878758 -0.308598 0.43271 0 0 0 -0.0909499 0.176932
1295878759 -0.21467 0.494338 0 0 0 -0.00567252 0.00866511
1295878760 -0.149367 0.522218 0 0 0 -0.0844104 0.11007
1295878761 -0.000265239 0.553176 0 0 0 -0.0784886 0.0794218
1295878762 0.114426 0.529326 0 0 0 -0.0758075 0.0621126
1295878763 0.156456 0.515743 0 0 0 0.00189567 -0.00140725
1295878764 0.1625 0.532763 0 0 0 -0.02817 0.0202143
1295878765 0.237126 0.488235 0 0 0 -0.0488553 0.0317272
1295878766 0.247217 0.481656 0 0 0 -0.00536116 0.00324065
1295878767 0.28188 0.462015 0 0 0 -0.03249 0.0186814
1295878768 0.291956 0.460029 0 0 0 -0.000886563 0.000487306
1295878769 0.261034 0.418325 0 0 0 0.00629877 -0.00348759
1295878770 0.319305 0.519034 0 0 0 0.00387534 -0.00217533
1295878771 0.2749 0.462785 0 0 0 0.00694146 -0.00395336
1295878772 0.304443 0.433532 0 0 0 -0.135156 0.0647396
1295878773 0.419604 0.362308 0 0 0 -0.0196392 0.00741934
1295878774 0.411312 0.350328 0 0 0 0.00416927 -0.00153577
1295878775 0.436873 0.335354 0 0 0 -0.103382 0.0320935
1295878776 0.513758 0.128309 0 0 0 -0.274236 0.0298667
1295878777 0.493242 -0.168334 0 0 0 -0.251151 -0.0398559
1295878778 0.437851 -0.343811 0 0 0 -0.0707446 -0.0236147
1295878779 0.354738 -0.408474 0 0 0 -0.124125 -0.0565861
1295878780 0.278113 -0.471758 0 0 0 -0.0263469 -0.0147753
1295878781 0.268307 -0.469902 0 0 0 -0.000650678 -0.000378258
1295878782 0.270876 -0.465009 0 0 0 0.00835375 0.00480675
1295878783 0.271619 -0.450438 0 0 0 0.0030288 0.00171643
1295878784 0.266646 -0.493024 0 0 0 -0.0655069 -0.0403718
1295878785 0.123463 -0.53632 0 0 0 -0.135972 -0.109556
1295878786 -0.081115 -0.526208 0 0 0 -0.136231 -0.162031
1295878787 -0.302328 -0.420286 0 0 0 -0.111485 -0.219709
1295878788 -0.490821 -0.239623 0 0 0 -0.0536465 -0.233153
1295878789 -0.535419 -0.109598 0 0 0 -0.000731005 -0.00709422
1295878791 -0.5376 -0.0875697 0 0 0 -0.00399455 -0.0562245
1295878791 -0.51921 0.00224846 0 0 -0 -0.000700627 -0.0633468
1295878793 -0.561518 0.0221661 0 0 0 -4.74625e-05 0.00244654
1295878794 -0.551381 0.0174776 0 0 0 -5.9125e-05 0.00361198
1295878795 -0.526813 0.0125823 0 0 0 -6.60107e-05 0.00561616
1295878796 -0.563569 -0.00660822 0 0 0 0.00106558 0.0559548
1295878797 -0.50669 -0.115285 0 0 0 0.0141915 0.127231
1295878798 -0.499949 -0.231474 0 0 0 0.0176304 0.0802595
1295878798 -0.125118 -0.0751323 0 0 0 0.00769301 0.0276177
1295878800 -0.410977 -0.365494 0 0 0 0.034355 0.0977888
1295878801 -0.416484 -0.35387 0 0 0 0.00137306 0.00332619
1295878802 -0.321578 -0.397537 0 0 0 0.00366394 0.00871406
1295878803 -0.289994 -0.349968 0 0 0 -0.0132093 -0.0325819
1295878804 -0.456034 -0.27885 0 0 0 -0.0652379 -0.303435
1295878805 -0.53598 -0.0137285 0 0 -0 0.0224596 -0.273813
1295878806 -0.514806 0.208939 0 0 0 0.101726 -0.267595
1295878807 -0.309023 0.453006 0 0 0 0.178797 -0.233095
1295878808 -0.0418737 0.556959 0 0 0 0.110562 -0.0925402
1295878809 0.0193659 0.571967 0 0 0 0.0106984 -0.00760835
1295878810 0.0439829 0.549071 0 0 0 0.00378588 -0.00264213
1295878811 0.106435 0.544042 0 0 0 -0.0343304 0.0249372
1295878812 0.0803023 0.53359 0 0 0 -0.0505734 0.0410655
1295878813 0.0699689 0.530178 0 0 0 -0.00142683 0.0012402
1295878814 0.125876 0.525663 0 0 0 0.112719 -0.0849541
1295878815 0.325103 0.438705 0 0 0 0.203607 -0.101203
1295878816 0.471695 0.237736 0 0 0 0.232453 -0.0538787
1295878817 0.531412 0.0484222 0 0 0 0.0834041 -0.005543
1295878818 0.547657 0.0307489 0 0 0 -0.00687462 0.000192501
1295878819 0.539153 0.0351364 0 0 0 -0.00283799 9.32692e-05
1295878820 0.558279 0.00306237 0 -0 0 0.0650603 -0.000112983
1295878821 0.53894 -0.039769 0 0 0 0.0486461 0.00268613
1295878822 0.512066 -0.154047 0 0 0 0.0873308 0.010844
1295878823 0.508716 -0.174732 0 0 0 -0.00343435 -0.000574737
1295878824 0.510515 -0.171429 0 0 0 -0.00218537 -0.000359325
1295878825 0.526522 -0.181154 0 0 0 0.0297567 0.00532179
1295878826 0.488612 -0.241693 0 0 0 0.0486237 0.0107194
1295878827 0.469506 -0.244179 0 0 0 -0.00574364 -0.00139904
1295878828 0.491018 -0.246641 0 0 0 -0.00653544 -0.00154826
1295878829 0.496867 -0.244134 0 0 0 -0.00167269 -0.000388823
1295878830 0.45049 -0.291774 0 0 0 0.135546 0.0417077
1295878831 0.330145 -0.424514 0 0 0 0.159964 0.0790155
1295878832 0.163433 -0.518559 0 0 0 0.14169 0.104688
1295878833 -0.0253934 -0.533181 0 0 0 0.11881 0.125022
1295878834 -0.131962 -0.529807 0 0 0 0.00961989 0.0122478
1295878835 -0.197973 -0.500667 0 0 0 0.0784828 0.117952
1295878836 -0.349238 -0.419157 0 0 0 0.0671091 0.143734
1295878837 -0.419553 -0.333198 0 0 0 0.00305807 0.0083003
1295878840 -0.747194 -0.648667 0 0 0 -0.00108618 -0.00297415
1295878841 -0.487761 -0.217114 0 0 0 0.0606548 0.310757
1295878842 -0.505887 0.139579 0 0 0 -0.049008 0.34474
1295878843 -0.324899 0.399567 0 0 0 -0.0876808 0.194682
1295878844 -0.34143 0.395727 0 0 0 0.0903638 -0.203005
1295878845 -0.432196 0.355214 0 0 0 -0.0339632 0.0912864
1295878846 -0.376176 0.393063 0 0 0 0.00106015 -0.00248288
1295878847 -0.299759 0.428737 0 0 0 -0.0954248 0.174013
1295878848 -0.168733 0.516647 0 0 0 -0.0199069 0.0279928
1295878849 -0.159337 0.508388 0 0 0 0.00236615 -0.00322256
1295878850 -0.211585 0.515403 0 0 0 0.0480679 -0.0721021
1295878851 -0.304734 0.438081 0 0 0 0.0610249 -0.1177
1295878852 -0.414263 0.354336 0 0 0 0.034587 -0.0909768
1295878853 -0.417733 0.350316 0 0 0 -0.00550927 0.0164436
1295878854 -0.444001 0.294016 0 0 0 0.0261325 -0.0890135
1295878855 -0.489504 0.258492 0 0 0 -0.00979602 0.0370736
1295878856 -0.389469 0.375101 0 0 0 -0.085777 0.208419
1295878857 -0.173825 0.488735 0 0 0 -0.125303 0.178313
1295878858 0.0718948 0.722291 0 0 0 -0.179224 0.159959
1295878859 0.403448 0.54448 0 0 0 -0.263756 0.130844
1295878860 0.656576 0.328733 0 0 0 -0.103406 0.0274242
1295878861 0.649886 0.283919 0 0 0 -0.000469234 9.78007e-05
1295878862 0.640823 0.282237 0 0 0 -0.00305489 0.000630987
1295878863 0.749461 0.198843 0 0 0 -0.158572 0.0194679
1295878864 0.71038 -0.0672715 0 0 0 -0.201728 -0.0119199
1295878865 0.576888 -0.374297 0 0 0 -0.266188 -0.0823427
1295878866 0.181493 -0.322273 0 0 0 -0.15213 -0.0887155
1295878867 0.19669 -0.609796 0 0 0 -0.0121374 -0.00873093
1295878868 0.164633 -0.528516 0 0 0 -0.0268312 -0.0203079
1295878869 -0.0586568 -0.616935 0 0 0 -0.244496 -0.279047
1295878870 -0.427778 -0.344667 0 0 0 -0.12992 -0.376049
1295878871 -0.53427 -0.12516 0 0 0 -0.00280695 -0.0231367
1295878872 -0.520379 -0.120045 0 0 0 0.000732785 0.00649517
1295878873 -0.536666 -0.0656045 0 0 -0 -0.00617841 -0.14689
1295878874 -0.650197 0.110285 0 0 0 0.00482585 -0.0715094
1295878875 -0.75288 0.158833 0 0 0 0.000806814 -0.00751122
1295878876 -0.503645 0.271288 0 0 0 0.0783937 -0.291817
1295878877 -0.380572 0.423472 0 0 0 -0.00930418 0.0218708
1295878878 -0.47237 0.45173 0 0 0 -0.00522086 0.0129449
1295878879 -0.353851 0.516175 0 0 0 0.120512 -0.219579
1295878880 -0.219438 0.705206 0 0 0 0.00340343 -0.00466395
1295878881 -0.224814 0.708315 0 0 0 -0.0030653 0.00419806
1295878882 -0.228401 0.511434 0 0 0 -0.0809211 0.131781
1295878883 -0.327093 0.416706 0 0 0 -0.0339509 0.073483
1295878884 -0.0617478 0.0609805 0 0 0 -0.00365412 0.00895348
1295878885 1.75023e-06 -1.74088e-06 0 0 0 -5.76252e-07 1.43171e-06
1295878887 0 0 0 0 0 0 0
1295878888 -0.00415034 0.0169883 0 0 0 0.000710035 -0.00175928
1295878889 0.0479 0.174632 0 0 0 0.0193649 -0.0446887
1295878890 -0.0113231 0.00765762 0 0 0 0.0679851 -0.123348
1295878891 -0.0201879 0.0476632 0 0 0 -0.0505512 0.0875471
1295878892 -0.0775696 0.0893548 0 0 0 -0.0370406 0.0810876
1295878893 -0.0973254 0.17076 0 0 0 0.0459242 -0.0980415
1295878894 -0.0470695 0.0909588 0 0 0 -0.0403955 0.0846356
1295878895 -0.0918902 0.0867791 0 0 0 -0.0187087 0.0478497
1295878896 -0.0978861 0.0778254 0 0 0 -0.0109487 0.0319507
1295878897 -0.111288 0.0800094 0 0 0 -0.00299009 0.00938877
1295878898 -0.14489 0.100266 0 0 0 -0.00105344 0.00338603
1295878899 -0.177847 0.121356 0 0 0 -0.000586616 0.00190412
1295878900 -0.180124 0.124577 0 0 0 -0.000194886 0.000635589
1295878901 -0.318941 0.242561 0 0 0 0.0112245 -0.0344132
1295878902 -0.247644 0.198841 0 0 0 0.0035012 -0.00994014
1295878903 -0.305701 0.25075 0 0 0 -0.000427689 0.00119652
1295878904 -0.280112 0.230516 0 0 0 0.00505772 -0.0138543
1295878905 -0.242482 0.250477 0 0 0 0.0287861 -0.0690785
1295878906 -0.229033 0.304189 0 0 0 0.0299233 -0.0595569
1295878907 -0.210095 0.441592 0 0 0 0.0488075 -0.0803369
1295878908 -0.190835 0.467828 0 0 0 -0.00225388 0.00335942
1295878909 -0.20072 0.478233 0 0 0 -0.00601208 0.00910754
1295878910 -0.160074 0.267181 0 0 0 -0.116141 0.245583
1295878911 0.28886 -0.0525131 0 0 0 -0.0028264 0.00911354
1295878912 -0.002491 0.000476255 0 0 0 8.47082e-05 -0.000277669
1295878913 -6.73571e-05 1.29051e-05 0 0 0 -2.31147e-06 7.57305e-06
1295878914 -0.000697489 0.000133635 0 0 0 2.38311e-05 -7.80672e-05
1295878915 -0.000227764 4.36687e-05 0 0 0 -1.48583e-05 4.86711e-05
1295878916 0 0 0 0 0 0 0
1295878917 -1.2126e-06 2.33635e-07 0 0 0 1.21747e-07 -3.98842e-07
1295878918 -4.25456e-06 8.15961e-07 0 0 0 -1.1208e-06 3.67175e-06
1295878919 -6.03177e-07 1.15462e-07 0 0 0 -2.98332e-07 9.77343e-07
1295878920 0 0 0 0 0 0 0
1295878921 0 0 0 0 0 0 0
1295878922 -6.05648e-07 1.15934e-07 0 0 0 -2.1415e-07 7.01563e-07
1295878923 -7.28125e-06 1.39607e-06 0 0 0 -1.35269e-06 4.43151e-06
1295878924 -0.00028845 5.52768e-05 0 0 0 4.41888e-06 -1.44763e-05
1295878925 -3.03546e-06 5.85096e-07 0 0 0 3.04862e-07 -9.98702e-07
1295878926 0 0 0 0 0 0 0
1295878927 -6.09706e-07 1.17524e-07 0 0 0 6.12352e-08 -2.00601e-07
1295878928 0 0 0 0 0 0 0
1295878929 0 0 0 0 0 0 0
1295878930 0 0 0 0 0 0 0
1295878931 0 0 0 0 0 0 0
