1295878709 -0.931282 0.0184765 0.36383 1.18898e-05 0.00246888 -0.000348622 0.999997
1295878710 -0.351491 -0.559291 0.938309 1.18812e-05 0.00246887 -0.000348623 0.999997
1295878711 -0.69849 -0.7903 0.0293392 -3.80533e-05 0.00271657 0.000418486 0.999996
1295878712 0.220091 -0.997702 -0.307104 -0.00441404 -0.134294 0.00280237 0.990928
1295878713 1.01024 -1.01134 -0.919869 -0.00102165 -0.253787 0.000775648 0.967259
1295878714 0.695684 -0.240927 -0.365329 0.376659 -0.175286 -0.140302 0.898731
1295878715 1.28186 0.224739 -1.02832 0.376594 -0.199487 -0.132829 0.89484
1295878716 1.45893 0.947796 -1.69603 0.369677 -0.151311 -0.152546 0.903977
1295878717 0.625616 0.607526 -1.26036 0.347575 -0.0374362 -0.183106 0.918837
1295878718 0.60877 1.20741 -2.06027 0.331657 0.00712769 -0.196641 0.922651
1295878719 0.586028 1.87452 -2.80488 0.328838 0.0226431 -0.201964 0.92226
1295878720 0.550043 2.51709 -3.57026 0.32571 0.030668 -0.205543 0.922347
1295878721 0.588611 3.15923 -4.33588 0.320756 0.0581812 -0.213396 0.920974
1295878722 0.401696 3.87553 -5.00817 0.310841 0.0830382 -0.223804 0.919997
1295878723 0.510095 4.06022 -5.98497 0.283928 0.0380856 -0.22457 0.931398
1295878724 0.452483 4.64153 -6.79661 0.285371 0.0450581 -0.227679 0.92989
1295878725 -0.0226668 3.84546 -7.17145 0.284975 0.045137 -0.227502 0.930051
1295878726 -0.676845 3.14874 -6.87711 0.285629 0.045074 -0.226634 0.930065
1295878727 -0.575712 3.64713 -7.73815 0.277532 0.0454885 -0.227238 0.932346
1295878728 -0.329735 3.92963 -8.66534 0.276337 0.023385 -0.168271 0.945926
1295878729 -0.298166 4.11052 -9.64834 0.257875 0.0177482 -0.12664 0.957678
1295878730 -0.245118 4.61764 -10.5086 0.262099 -0.0123649 -0.119426 0.957543
1295878731 -0.398358 5.08612 -11.3787 0.25836 -0.0207171 -0.11807 0.958582
1295878732 -0.354224 5.57895 -12.2477 0.271825 -0.100277 -0.0967308 0.952207
1295878733 -0.0416362 6.00222 -13.098 0.269076 -0.0994661 -0.0975751 0.952987
1295878734 0.212916 6.52895 -13.9091 0.268441 -0.0912699 -0.0995466 0.953782
1295878735 0.420447 6.99609 -14.7685 0.266453 -0.0849005 -0.100217 0.954857
1295878736 0.676456 7.58844 -15.5325 0.267439 -0.0767929 -0.102119 0.955066
1295878737 0.806487 8.03167 -16.4194 0.270083 -0.0717339 -0.103644 0.954551
1295878738 0.583682 7.31035 -15.7636 0.270497 -0.0708862 -0.103144 0.954551
1295878739 0.202566 6.5458 -16.2834 0.268926 -0.0704732 -0.102476 0.955097
1295878740 0.586989 6.85347 -17.1538 0.268871 -0.0703759 -0.102633 0.955103
1295878741 0.502091 7.18148 -18.0946 0.268711 -0.0705103 -0.102902 0.955109
1295878742 0.0553062 6.31691 -17.8647 0.264385 -0.0709576 -0.102662 0.956309
1295878743 0.183352 6.83378 -18.7111 0.262309 -0.0609828 -0.105708 0.957236
1295878744 0.657291 7.38216 -19.4 0.268704 -0.0575832 -0.107404 0.955482
1295878745 0.0348064 7.3306 -18.6191 0.268723 -0.0573951 -0.10716 0.955516
1295878746 -0.159943 7.59352 -19.5641 0.268494 -0.0576012 -0.106239 0.955671
1295878747 -0.658388 7.92937 -18.7648 0.267971 -0.0582657 -0.106395 0.95576
1295878748 0.00207756 8.27409 -19.4319 0.257663 -0.0146911 -0.118037 0.958886
1295878749 0.528239 8.58885 -20.2219 0.261212 -0.0317723 -0.11155 0.958288
1295878750 0.807928 9.02298 -21.0782 0.262301 -0.031505 -0.11094 0.95807
1295878751 1.26013 9.53743 -21.8068 0.266623 -0.0301869 -0.106132 0.957464
1295878752 1.53569 10.0411 -22.6256 0.264322 -0.0255593 -0.103305 0.958545
1295878753 2.48351 10.0347 -22.9444 0.262148 -0.0106536 -0.104972 0.959242
1295878754 2.51911 10.5831 -23.7798 0.260951 0.0107133 -0.111928 0.958781
1295878755 2.65125 11.1102 -24.6193 0.269435 -0.0224387 -0.0993823 0.957614
1295878757 1.7288 10.832 -24.3515 0.267728 -0.0234506 -0.104979 0.957471
1295878758 1.739 10.4765 -23.4169 0.262727 -0.133834 -0.0655836 0.95329
1295878759 2.57029 10.3518 -23.9585 0.268199 -0.158717 -0.0357192 0.949528
1295878760 2.869 10.8377 -24.7799 0.269474 -0.160227 -0.0358143 0.948909
1295878761 3.4059 11.674 -24.6689 0.30898 -0.187966 -0.0434335 0.931297
1295878762 4.37795 11.6039 -24.4447 0.309135 -0.202049 -0.0381312 0.928525
1295878763 3.53725 11.8778 -24.9119 0.308506 -0.204465 -0.0371942 0.928243
1295878764 4.21422 12.323 -25.498 0.307328 -0.206817 -0.0393041 0.928026
1295878765 4.75453 12.878 -26.1304 0.307723 -0.226013 -0.0421973 0.923279
1295878766 5.26304 13.3994 -26.8157 0.30774 -0.273928 -0.0263024 0.910806
1295878767 5.91997 13.9088 -27.3715 0.303718 -0.274348 -0.0291414 0.911943
1295878768 6.38069 14.4553 -28.0708 0.306571 -0.294165 -0.0233782 0.90495
1295878769 6.91282 15.0172 -28.7042 0.307466 -0.292361 -0.0215798 0.905276
1295878770 7.37519 15.5735 -29.3947 0.306335 -0.272985 -0.0275034 0.911527
1295878771 7.81951 16.1311 -30.0958 0.304372 -0.259131 -0.031033 0.916104
1295878772 8.14589 16.8081 -30.7555 0.310081 -0.234108 -0.0443652 0.920367
1295878773 9.12813 16.8364 -30.57 0.316162 -0.468656 0.0214799 0.824586
1295878774 10.1252 16.9111 -30.5556 0.296072 -0.514771 0.0495715 0.803054
1295878775 10.7212 17.6454 -30.8807 0.314996 -0.493769 0.0391424 0.809591
1295878776 11.3673 17.8264 -30.1392 0.328627 -0.636191 0.0591074 0.695537
1295878777 11.392 18.31 -31.0141 0.315926 -0.632375 0.0432648 0.705989
1295878778 10.6847 17.676 -30.7015 0.291061 -0.762035 0.0903142 0.57134
1295878779 11.0815 18.1557 -31.4841 0.288687 -0.757575 0.0834039 0.579469
1295878780 11.5184 18.6434 -32.2399 0.289887 -0.757712 0.0855196 0.578381
1295878781 12.2527 19.1902 -32.6423 0.285943 -0.758935 0.079396 0.579612
1295878782 13.0483 19.6427 -32.2397 0.287404 -0.756978 0.0802162 0.581333
1295878783 13.8994 20.1186 -32.0181 0.288639 -0.743733 0.0722348 0.598607
1295878784 14.7529 20.5833 -31.7824 0.289036 -0.734616 0.0693584 0.609908
1295878785 15.252 21.0779 -32.4939 0.28873 -0.735034 0.0688574 0.609606
1295878786 16.0354 21.6931 -32.5826 0.284713 -0.736362 0.0697289 0.609793
1295878787 15.5312 21.3839 -31.7762 0.310735 -0.774212 0.120734 0.538017
1295878788 15.8283 21.769 -32.65 0.304674 -0.767638 0.108835 0.553228
1295878789 16.1253 21.6366 -31.7043 -0.274723 0.883913 -0.215622 -0.311019
1295878791 16.5843 22.224 -31.0378 -0.273114 0.884545 -0.215077 -0.311016
1295878792 17.0396 22.7947 -30.3544 -0.266734 0.894293 -0.222641 -0.282001
1295878793 17.495 23.418 -29.7187 -0.255329 0.906345 -0.232588 -0.243411
1295878794 17.8314 23.971 -28.9565 -0.259819 0.902589 -0.229669 -0.255106
1295878795 18.233 24.5383 -28.2375 -0.262634 0.898941 -0.226155 -0.267922
1295878796 18.646 25.1291 -27.5444 -0.266573 0.894284 -0.219496 -0.284633
1295878797 19.0853 25.7194 -26.8672 -0.28188 0.875878 -0.205681 -0.333282
1295878798 19.6132 26.3588 -26.3082 -0.308581 0.82113 -0.164983 -0.450893
1295878798 20.224 27.0973 -26.0228 0.324577 -0.778729 0.130803 0.520693
1295878800 21.1253 27.2244 -25.6086 0.326555 -0.764542 0.125258 0.541431
1295878801 21.8984 27.8511 -25.7058 0.334092 -0.69029 0.0852267 0.636097
1295878802 22.7432 28.3746 -25.595 0.330669 -0.690484 0.0834731 0.637905
1295878803 23.5607 28.9122 -25.3881 0.338872 -0.671726 0.0720331 0.654798
1295878804 24.3371 29.4911 -25.1392 0.337399 -0.686482 0.0796781 0.639183
1295878805 23.7377 30.2326 -25.4407 0.42023 -0.631617 -0.0403489 0.65026
1295878806 23.4592 29.4789 -24.8454 -0.355062 0.919629 -0.110305 -0.126678
1295878807 22.8603 28.6829 -24.9336 -0.437335 0.738622 -0.435354 0.271372
1295878808 23.3935 28.1678 -25.6047 -0.495371 0.685529 -0.416613 0.333305
1295878809 22.4846 27.8218 -25.3716 -0.422156 0.625461 -0.481021 0.44632
1295878810 21.5092 27.6038 -25.4022 -0.418171 0.617972 -0.481202 0.460095
1295878811 20.5135 27.5399 -25.3339 -0.424085 0.618359 -0.479537 0.455882
1295878812 19.6392 28.025 -25.3212 -0.453566 0.649703 -0.444805 0.417508
1295878813 18.7783 28.3103 -24.9 -0.497316 0.671091 -0.413842 0.362006
1295878814 17.8071 28.4992 -24.7545 -0.491003 0.681124 -0.399599 0.367841
1295878815 17.6226 29.4803 -24.696 -0.464129 0.743131 -0.373682 0.304472
1295878816 18.2861 29.6807 -25.4168 0.894225 0.344588 -0.273944 -0.0810888
1295878817 18.0806 29.8 -26.3882 0.898383 0.336204 -0.271851 -0.077275
1295878818 17.502 29.1751 -25.864 0.900428 0.334173 -0.268356 -0.0744466
1295878819 18.2292 29.4818 -25.2499 0.899761 0.333719 -0.27111 -0.074565
1295878820 18.9567 29.7921 -24.638 0.901183 0.332414 -0.268009 -0.074444
1295878821 19.4829 29.807 -23.7878 0.911622 0.336938 -0.22746 -0.0606674
1295878822 19.3513 29.2891 -22.9425 0.911111 0.336574 -0.229051 -0.0642621
1295878823 19.8072 29.31 -22.0527 0.926683 0.338005 -0.15971 -0.0387714
1295878824 20.1096 29.313 -21.0995 0.92444 0.337293 -0.172757 -0.0424211
1295878825 20.4603 29.3505 -20.1638 0.923279 0.335206 -0.181493 -0.0474585
1295878826 20.8047 29.3603 -19.225 0.925062 0.33665 -0.17003 -0.044917
1295878827 21.1266 29.3249 -18.2789 0.931168 0.339594 -0.129331 -0.0295742
1295878828 21.4604 29.5696 -17.3686 0.931562 0.337348 -0.133375 -0.0244816
1295878829 21.6606 29.6428 -16.3916 0.927713 0.337923 -0.155845 -0.029489
1295878830 21.6067 29.7598 -15.3999 0.924801 0.332965 -0.182659 -0.0226604
1295878831 21.7188 30.0661 -14.4546 0.936944 0.335764 -0.089603 0.0370208
1295878832 21.2599 29.2055 -14.6755 0.940632 0.200953 -0.264263 -0.0706687
1295878833 21.5987 29.4813 -13.776 0.972202 0.196544 -0.1253 -0.0222085
1295878834 21.4948 29.3979 -12.7849 0.981068 0.193517 -0.00511503 0.00556561
1295878835 21.4089 29.4206 -11.7889 0.981618 0.190653 -0.00305702 0.00830373
1295878836 20.5225 28.9854 -11.631 0.984341 0.170618 -0.0439339 -0.00569038
1295878837 19.616 28.5646 -11.6649 0.983786 0.136554 -0.114031 -0.0226752
1295878840 19.7858 28.4856 -10.6826 0.983601 0.137462 -0.114662 -0.0220328
1295878841 20.2367 28.5297 -9.79111 0.983645 0.136949 -0.114935 -0.0218555
1295878842 20.3228 27.5416 -9.66378 0.982381 0.142674 -0.117578 -0.0273226
1295878843 20.4145 27.6357 -8.67245 0.982558 0.141812 -0.117071 -0.0276431
1295878844 20.7515 27.7266 -9.60953 0.989002 0.14342 0.0361259 -0.00115696
1295878845 19.8542 27.4499 -9.95354 0.981628 0.120766 -0.145369 -0.0262548
1295878846 20.1731 27.4719 -9.006 0.98999 0.125009 -0.0638292 -0.0147749
1295878847 20.246 27.4481 -8.00894 0.989068 0.123731 -0.0790377 -0.0137507
1295878848 20.64 27.6205 -8.91173 0.989043 0.13675 0.0556191 -0.000613028
1295878849 20.5079 27.6394 -7.92066 0.98782 0.135876 0.0757506 0.00344958
1295878850 20.3306 27.5911 -6.9377 0.988734 0.136083 0.0623282 0.00130661
1295878851 20.0759 27.4573 -5.97998 0.990705 0.132372 -0.0283368 -0.0133694
1295878852 20.0029 27.2643 -5.0015 0.977441 0.13041 -0.162405 -0.035039
1295878853 19.9547 27.1508 -4.00914 0.951805 0.124913 -0.275881 -0.0485183
1295878854 20.0986 26.9163 -3.04773 0.950729 0.125076 -0.278418 -0.0543411
1295878855 20.7982 26.7865 -2.34509 0.950527 0.126088 -0.278705 -0.0540723
1295878856 21.345 26.7423 -1.50895 0.955931 0.127682 -0.259552 -0.050259
1295878857 20.4078 26.4494 -1.31928 0.706854 0.139591 -0.679477 -0.138505
1295878858 19.6375 26.8243 -1.83504 0.773881 0.186481 -0.591145 -0.129923
1295878859 19.4405 27.222 -2.73118 0.755845 0.296825 -0.577348 -0.0852189
1295878860 20.2133 27.6452 -2.25816 0.74434 0.294546 -0.596036 -0.0627803
1295878861 20.9081 28.3074 -2.53859 0.828048 0.298713 -0.474422 0.0054965
1295878862 21.6896 28.6267 -2.00262 0.822979 0.300403 -0.482134 0.00334859
1295878863 22.5222 28.9848 -1.57998 0.820961 0.302189 -0.484425 0.00609061
1295878864 21.9289 28.7757 -2.35732 0.854882 0.299919 -0.42161 0.0383335
1295878865 21.4893 28.2491 -3.08497 0.903626 0.26455 -0.313527 0.123182
1295878866 21.5467 27.8431 -3.99703 -0.248589 -0.203423 -0.371366 0.871154
1295878867 21.3796 27.4882 -4.91691 -0.247988 -0.203541 -0.371757 0.871131
1295878868 21.4478 26.9032 -5.72506 -0.243496 -0.201961 -0.36659 0.874948
1295878869 21.5823 26.3958 -6.57619 -0.249741 -0.205575 -0.377477 0.867686
1295878870 20.982 26.8268 -7.2499 -0.245782 -0.212202 -0.373451 0.868962
1295878871 20.8026 26.5677 -8.19894 -0.249225 -0.215059 -0.379982 0.864437
1295878872 20.8958 26.0631 -9.0572 -0.24757 -0.222395 -0.382498 0.861942
1295878873 20.8552 25.5569 -9.91868 -0.257735 -0.206693 -0.374164 0.866517
1295878874 20.7401 24.8578 -10.6244 -0.228979 -0.308055 -0.39562 0.834359
1295878875 20.8163 24.0381 -11.1921 -0.225951 -0.371541 -0.399335 0.807115
1295878876 21.1187 23.3567 -11.8587 -0.235046 -0.362948 -0.392853 0.811597
1295878877 20.9593 22.7455 -12.6339 -0.237383 -0.352373 -0.393481 0.815264
1295878878 21.335 22.1407 -13.3361 -0.245989 -0.329674 -0.38926 0.824185
1295878879 22.0236 21.5877 -13.8051 -0.227909 -0.319344 -0.39374 0.831292
1295878880 22.2632 21.2116 -14.7002 -0.235966 -0.32742 -0.383651 0.830619
1295878881 22.6183 20.6312 -15.433 -0.236249 -0.318106 -0.383429 0.834252
1295878882 22.9626 19.9353 -16.0633 -0.23749 -0.317869 -0.3821 0.8346
1295878883 23.215 19.6909 -16.9995 -0.214369 -0.311968 -0.404825 0.83237
1295878884 23.3761 18.7999 -16.575 -0.236217 -0.414598 -0.367559 0.798255
1295878886 23.8853 18.1341 -17.1203 -0.239876 -0.408685 -0.365271 0.801257
1295878887 24.5878 18.8444 -17.1637 -0.235546 -0.406649 -0.367031 0.802772
1295878888 25.4801 19.2421 -17.3774 -0.228866 -0.403432 -0.368663 0.805575
1295878889 25.3183 18.5651 -18.0954 -0.236971 -0.4052 -0.364836 0.804085
1295878890 25.3166 18.4432 -19.0879 -0.21489 -0.439446 -0.377552 0.786234
1295878891 25.6428 17.6256 -18.6135 -0.157272 -0.557738 -0.398015 0.71118
1295878892 25.4062 18.0114 -19.5052 -0.205695 -0.471223 -0.374444 0.771641
1295878893 26.0225 17.4261 -20.0321 -0.240273 -0.400948 -0.35376 0.810163
1295878894 26.4692 16.807 -20.678 -0.205032 -0.473733 -0.375074 0.769974
1295878895 26.8983 16.182 -21.3301 -0.237741 -0.4071 -0.354136 0.807674
1295878896 27.3989 15.6134 -21.9829 -0.25414 -0.368708 -0.343213 0.825634
1295878897 27.811 15.0416 -22.6922 -0.266647 -0.339415 -0.335144 0.837481
1295878898 28.0822 14.4065 -23.4155 -0.271647 -0.32842 -0.331247 0.841798
1295878899 28.4129 13.7473 -24.0908 -0.273994 -0.322626 -0.329396 0.844001
1295878900 28.6573 13.0947 -24.8081 -0.277701 -0.315916 -0.327014 0.846251
1295878901 28.9812 12.3979 -25.448 -0.28076 -0.311536 -0.32353 0.848203
1295878902 29.2494 11.7524 -26.1632 -0.276424 -0.3226 -0.328206 0.843682
1295878903 29.496 11.1405 -26.9147 -0.277043 -0.325386 -0.328591 0.842258
1295878904 29.789 10.5198 -27.6419 -0.278968 -0.319086 -0.328039 0.844246
1295878905 30.1763 9.84231 -28.2672 -0.274857 -0.327704 -0.331721 0.840848
1295878906 30.3695 9.2669 -29.0619 -0.257059 -0.374399 -0.345237 0.821315
1295878907 30.7649 8.55415 -29.6413 -0.241507 -0.412506 -0.358603 0.801821
1295878908 31.4561 7.83556 -29.7182 -0.198146 -0.49639 -0.382826 0.753511
1295878909 31.9816 7.24599 -30.3316 -0.208715 -0.474279 -0.379847 0.766298
1295878910 32.5494 6.59575 -30.8364 -0.212153 -0.46572 -0.378306 0.77135
1295878911 32.1235 7.49695 -30.7559 -0.361765 -0.270005 -0.383078 0.8059
1295878912 31.7846 8.43201 -30.652 -0.374644 -0.259953 -0.377475 0.805964
1295878913 32.2297 7.72327 -30.1047 -0.374595 -0.259954 -0.376825 0.806291
1295878914 31.6482 8.24852 -29.4836 -0.31331 0.76433 -0.542673 -0.152124
1295878915 31.9885 9.14105 -29.1877 -0.313276 0.764354 -0.542641 -0.152191
1295878916 31.5263 8.39133 -28.7141 -0.31266 0.764194 -0.543334 -0.151791
1295878917 30.5817 8.52871 -29.0122 -0.313183 0.764776 -0.542527 -0.15066
1295878918 30.3044 7.60683 -29.2828 -0.312426 0.764813 -0.542724 -0.151333
1295878919 30.7705 8.46254 -29.0582 -0.312885 0.764604 -0.542659 -0.151675
1295878920 31.0817 9.31694 -28.642 -0.313136 0.764645 -0.542474 -0.151612
1295878921 31.2093 8.35606 -28.8878 -0.313231 0.764594 -0.542501 -0.151578
1295878922 31.3687 9.30607 -29.1563 -0.31253 0.764616 -0.542927 -0.151389
1295878923 32.183 9.56144 -29.6774 -0.311414 0.765009 -0.543704 -0.148887
1295878924 31.3503 9.30705 -29.1857 -0.309601 0.765692 -0.544698 -0.145489
1295878925 31.6792 10.1485 -28.757 -0.308922 0.765739 -0.544929 -0.145821
1295878926 32.1313 10.8715 -28.2345 -0.308656 0.765926 -0.544803 -0.145872
1295878927 32.289 9.88861 -28.139 -0.30862 0.765974 -0.54476 -0.145857
1295878928 32.5324 10.8054 -27.8225 -0.308932 0.765953 -0.544572 -0.146009
1295878929 32.3063 9.99675 -28.3656 -0.309218 0.765839 -0.544549 -0.146085
1295878930 32.6297 10.8562 -27.9696 -0.309615 0.765878 -0.544392 -0.145624
1295878931 32.2765 9.92084 -27.9502 -0.309006 0.766341 -0.54403 -0.145836
