1295965766 0 0 0 0 0 0 0
1295965768 0 0 0 0 0 0 0
1295965769 0 0 0 0 0 0 0
1295965770 0 0 0 0 0 0 0
1295965771 0 0 0 0 0 0 0
1295965772 5.65089e-05 0.000614334 0 0 0 0.00792385 -2.56673e-05
1295965773 -0.00167987 -0.00400001 0 0 0 0.274956 -0.040606
1295965774 0.00880195 -0.00869143 0 0 0 0.395372 -0.223873
1295965775 -0.0328537 0.0837411 0 0 0 0.158742 -0.18718
1295965776 -0.167208 0.293284 0 0 0 0.0463722 -0.0782729
1295965778 -0.268696 0.308642 0 0 0 0.02645 -0.053451
1295965779 -0.327411 0.34484 0 0 0 0.00338417 -0.00746563
1295965781 -0.438477 0.380588 0 0 0 0.0386585 -0.100355
1295965782 -0.501203 0.169513 0 0 0 0.032465 -0.128415
1295965783 -0.171884 0.0193822 0 0 0 0.000243384 -0.00133242
1295965785 1.23183e-06 -7.13141e-08 0 0 0 -3.35207e-07 1.84215e-06
1295965786 0 0 0 0 0 0 0
1295965788 6.09435e-07 -3.31711e-08 0 0 0 1.74951e-07 -9.61454e-07
1295965790 0 0 0 0 0 0 0
1295965792 0 0 0 0 0 0 0
1295965793 -0.352771 0.0737551 0 0 0 4.04902e-05 -0.00022266
1295965794 -0.571431 0.16428 0 0 0 -0.00586768 0.0297213
1295965796 -0.30288 0.151071 0 0 0 0.000205032 -0.000963972
1295965797 -0.261588 0.126886 0 0 0 -0.0043703 0.0196235
1295965798 -0.16257 0.0979293 0 0 0 -0.0177234 0.065764
1295965800 -0.31771 0.180568 0 0 0 0.0283477 -0.11743
1295965802 -0.646154 0.224426 0 0 0 0.00127097 -0.00728465
1295965803 -0.374946 0.114356 0 0 0 0.00020168 -0.00118603
1295965804 0.000658799 -0.000195829 0 0 0 -1.12896e-05 6.66202e-05
1295965806 0.000757854 -0.000174187 0 0 0 8.25737e-06 -4.87244e-05
1295965806 -0.00254532 -0.000696836 0 0 0 -6.9368e-05 0.000408867
1295965808 -1.01147 0.18282 0 0 0 -0.0630115 0.21765
1295965809 -0.527138 0.409103 0 0 0 -0.00515257 0.0121218
1295965811 -0.660807 0.466053 0 0 0 0.026305 -0.06735
1295965812 -0.572072 0.305262 0 0 0 0.0185988 -0.0590267
1295965813 -0.766316 0.343583 0 0 0 0.00246916 -0.0089335
1295965815 -0.74494 0.331895 0 0 0 0.00118426 -0.00440303
1295965817 -0.753533 0.356592 0 0 0 -0.0181768 0.0604614
1295965818 -0.462306 0.613326 0 0 0 -0.228275 0.376169
1295965819 0.105997 0.680132 0 0 0 -0.129458 0.112977
1295965821 0.318054 0.727106 0 0 0 -0.0986561 0.0636225
1295965822 0.305468 0.549963 0 0 0 -0.0593919 0.0309617
1295965823 0.471298 0.558386 0 0 0 -0.0291712 0.0134139
1295965825 0.424525 0.488609 0 0 0 0.00646974 -0.00287748
1295965826 0.527572 0.665738 0 0 0 0.00190695 -0.000858633
1295965828 0.478928 0.485898 0 0 0 -0.0707082 0.0287307
1295965829 0.723403 0.605653 0 0 0 0.00249144 -0.000906917
1295965831 0.594258 0.499865 0 0 0 0.00233265 -0.000855908
1295965832 0.656804 0.557877 0 0 0 -0.0339659 0.0118216
1295965834 0.643036 0.422271 0 0 0 -0.0551535 0.0163493
1295965835 0.749006 0.159961 0 0 0 -0.314018 0.031805
1295965837 0.79155 -0.415615 0 0 0 -0.341625 -0.0814505
1295965838 0.546934 -0.586249 0 0 0 0.000646692 0.000281237
1295965840 0.491707 -0.521901 0 0 0 0.00266265 0.00115224
1295965841 0.33485 -0.496682 0 0 0 -0.161966 -0.0883434
1295965842 0.289925 -0.703171 0 0 0 0.00338916 0.00226764
1295965843 0.127053 -0.520867 0 0 0 -0.155344 -0.127789
1295965845 -0.232623 -0.582077 0 0 0 -0.211676 -0.315887
1295965846 -0.702927 -0.35351 0 0 0 -0.0657328 -0.228775
1295965847 -0.689182 -0.0946482 0 0 -0 -0.0108063 -0.223714
1295965849 -0.829912 0.0535225 0 0 0 -0.0020387 0.0673198
1295965851 -0.895331 -0.0123594 0 0 0 2.69643e-05 0.00468833
1295965852 -0.765222 -0.0914813 0 0 0 0.00425021 0.0843579
1295965854 -0.83785 -0.166743 0 0 0 0.00184896 0.0181192
1295965855 -0.68486 -0.224165 0 0 0 0.0115179 0.0764789
1295965857 -0.66104 -0.307871 0 0 0 0.025997 0.105162
1295965858 -0.297229 -0.217381 0 0 0 0.00714146 0.0224248
1295965860 -0.567003 -0.427378 0 0 0 0.0014992 0.00448728
1295965861 -0.613116 -0.376228 0 0 0 -0.0374239 -0.147351
1295965862 -0.66535 -0.0244124 0 0 -0 -0.00300417 -0.325327
1295965864 -0.574108 0.461572 0 0 0 0.123831 -0.349407
1295965866 -0.131499 0.8599 0 0 0 0.226723 -0.267419
1295965867 0.0682819 0.654109 0 0 0 -0.132845 0.132855
1295965868 -0.208693 0.624481 0 0 0 -0.0504701 0.066453
1295965870 -0.188617 0.796869 0 0 0 0.148438 -0.16906
1295965871 0.0713459 0.790551 0 0 0 -0.00383937 0.00350662
1295965873 0.457043 0.634518 0 0 0 0.433046 -0.233338
1295965874 0.727073 0.276277 0 0 0 0.163826 -0.0268785
1295965876 0.824174 0.0841586 0 -0 0 0.155175 -0.000286792
1295965877 0.668897 -0.392694 0 0 0 0.286923 0.065209
1295965879 0.632751 -0.539457 0 0 0 -0.102506 -0.0336467
1295965880 0.746883 -0.230707 0 0 0 -0.178344 -0.0310824
1295965882 0.817287 -0.140485 0 0 0 0.0563135 0.00623338
1295965883 0.637537 -0.271257 0 0 0 0.0760232 0.0136141
1295965884 0.553203 -0.301264 0 0 0 0.0584913 0.0146853
1295965885 0.499421 -0.305012 0 0 0 -0.00145578 -0.000411353
1295965887 0.88948 -0.587591 0 0 0 0.0636507 0.0202511
1295965889 0.642723 -0.522771 0 0 0 0.000378398 0.000134551
1295965890 0.53202 -0.428429 0 0 0 -0.0033076 -0.00117033
1295965891 0.32 -0.432692 0 0 0 0.26924 0.144175
1295965892 0.0870553 -0.595382 0 0 0 0.0703124 0.0580978
1295965893 -0.0778445 -0.540233 0 0 0 0.163312 0.190447
1295965895 -0.356141 -0.623344 0 0 0 0.0903116 0.170836
1295965896 -0.562848 -0.353052 0 0 0 0.0501619 0.158646
1295965898 -0.724337 -0.356224 0 0 0 -0.00834916 -0.0340469
1295965899 -0.672115 -0.484016 0 0 0 -0.0139624 -0.0480109
1295965901 -0.730642 -0.13515 0 0 0 0.0376926 0.439737
1295965902 -0.47263 0.290231 0 0 0 -0.0721747 0.258953
1295965903 -0.551067 0.596554 0 0 0 -0.016969 0.0372828
1295965905 -0.292937 0.605827 0 0 0 -0.0744834 0.12939
1295965906 -0.240446 0.596522 0 0 0 0.00385162 -0.00570798
1295965907 -0.333467 0.797029 0 0 0 0.00357322 -0.00537233
1295965909 -0.273671 0.642102 0 0 0 -0.000442173 0.000668897
1295965910 -0.203925 0.74654 0 0 0 -0.0504182 0.0695206
1295965911 -0.192764 0.631403 0 0 0 0.0533903 -0.0740394
1295965913 -0.414927 0.624811 0 0 0 0.0891994 -0.17013
1295965914 -0.52793 0.589936 0 0 0 0.0237894 -0.0647257
1295965916 -0.384344 0.185845 0 0 0 -0.00543979 0.0160796
1295965918 -0.481152 0.775563 0 0 0 -0.133706 0.256831
1295965919 0.0748388 0.764049 0 0 0 -0.326715 0.289698
1295965920 0.518583 0.489677 0 0 0 -0.251862 0.0976422
1295965922 0.689822 0.311344 0 0 0 -0.0159477 0.00366986
1295965923 0.563096 0.256015 0 0 0 0.00461457 -0.00103367
1295965924 0.545339 0.26233 0 0 0 0.00334942 -0.000764648
1295965926 0.76994 0.260855 0 0 0 -0.158474 0.0233012
1295965927 0.791196 0.0395501 0 0 0 -0.164166 -0.00268792
1295965929 0.404198 -0.199883 0 0 0 -0.210137 -0.0439344
1295965930 0.395399 -0.319758 0 0 0 -0.0506757 -0.0179566
1295965932 0.360806 -0.519781 0 0 0 -0.236652 -0.13017
1295965933 0.0438926 -0.43252 0 0 0 -0.118663 -0.103477
1295965934 -0.00618149 -0.824414 0 0 0 0.00493071 0.0050006
1295965936 -0.0250443 -0.680149 0 0 0 -0.0247705 -0.0258556
1295965937 -0.114445 -0.592613 0 0 0 -0.0565722 -0.0668576
1295965938 -0.153543 -0.656132 0 0 0 0.0120496 0.0152663
1295965939 -0.168724 -0.803978 0 0 0 0.00471817 0.00581491
1295965941 -0.185469 -0.904745 0 0 0 -0.0189019 -0.0238497
1295965942 -0.24806 -0.875754 0 0 0 -0.0221623 -0.0299967
1295965943 -0.430685 -0.835839 0 0 0 -0.0459448 -0.0708297
1295965945 -0.486404 -0.895322 0 0 0 0.00393574 0.00660983
1295965946 -0.471711 -0.645342 0 0 0 -0.0987882 -0.221648
1295965947 -0.692209 -0.156946 0 0 0 -0.0432822 -0.256226
1295965949 -1.01687 0.123102 0 0 -0 0.00326328 -0.125824
1295965950 -1.03936 0.452313 0 0 0 0.00963974 -0.07551
1295965951 -0.487194 0.537253 0 0 0 0.165262 -0.406416
1295965953 -0.227431 0.904832 0 0 0 0.0572853 -0.0746638
1295965954 0.184918 0.759934 0 0 0 0.313983 -0.247711
1295965956 0.75801 0.75995 0 0 0 0.0720462 -0.0327846
1295965957 0.864455 0.747042 0 0 0 0.0103854 -0.00417048
1295965959 0.846816 0.742129 0 0 0 -0.0123984 0.00499452
1295965960 0.642865 0.341436 0 0 0 0.308907 -0.0724317
1295965962 0.740061 -0.162726 0 -0 0 0.327073 0.0308386
1295965963 0.72605 -0.445421 0 0 0 0.032779 0.00928584
1295965964 0.709056 -0.577914 0 0 0 -0.00643491 -0.00191838
1295965965 0.700779 -0.637749 0 0 0 -0.0341445 -0.00940075
1295965967 0.527578 -0.235209 0 0 -0 -0.265137 -0.0311836
1295965968 0.967008 0.00856648 0 0 0 -0.260893 0.0391906
1295965969 0.67602 0.310643 0 0 0 0.0283389 -0.0077427
1295965970 0.812195 0.336012 0 0 0 -0.0826265 0.0251267
1295965972 0.292899 0.639298 0 0 0 -0.427804 0.293116
1295965973 -0.159441 0.89212 0 0 0 -0.0429353 0.0538196
1295965975 -0.259328 0.962268 0 0 0 -0.0433831 0.0633382
1295965976 -0.374964 1.18987 0 0 0 -0.0278874 0.0470775
1295965978 -0.439433 1.02831 0 0 0 0.00175552 -0.00314412
1295965979 -0.0926496 0.723358 0 0 0 0.107656 -0.155447
1295965980 -0.012647 0.680909 0 0 0 -0.0116463 0.0140747
1295965981 -0.0688407 0.326499 0 0 0 -0.00411323 0.00509837
1295965983 -3.42225e-06 1.54651e-05 0 0 0 -9.19033e-06 1.14683e-05
1295965984 0.000156839 0.000151151 0 0 0 0.00044904 -0.000559939
1295965985 -0.0161323 0.114792 0 0 0 0.0317 -0.0375695
1295965987 0.00866917 0.364158 0 0 0 0.0763519 -0.0772165
1295965988 0.0382465 0.184982 0 0 0 0.0788244 -0.0644967
1295965989 0.10919 0.379178 0 0 0 -0.0259673 0.0197871
1295965990 0.0308343 0.323617 0 0 0 -0.11833 0.109857
1295965992 -0.0397038 0.432946 0 0 0 -0.00351668 0.00385849
1295965993 0.0110434 0.314096 0 0 0 0.127711 -0.118302
1295965995 0.106669 0.442774 0 0 0 -0.000236292 0.00018345
1295965996 0.0832376 0.363395 0 0 0 -0.00118144 0.000918939
1295965997 0.0672134 0.316819 0 0 0 -0.00170032 0.00132752
1295965999 0.123709 0.309818 0 0 0 0.062305 -0.0450024
1295966000 0.228963 0.566417 0 0 0 -0.0100737 0.00679122
1295966001 0.164766 0.356351 0 0 0 0.0664525 -0.0416638
1295966003 0.308027 0.397854 0 0 0 0.170541 -0.0775892
1295966004 0.403119 -0.000369916 0 0 0 0.00103767 -0.000358448
1295966005 0.364312 0.364287 0 0 0 -0.152988 0.0675453
1295966007 -0.0438849 -0.257457 0 0 0 -0.131836 0.0860516
1295966008 0.000466755 0.00178233 0 0 0 -0.000127895 9.86795e-05
1295966009 0 0 0 0 0 0 0
1295966010 6.26383e-07 2.39048e-06 0 0 0 1.29079e-09 -9.96097e-10
1295966011 1.56488e-07 5.94596e-07 0 0 0 -6.45218e-07 4.97913e-07
1295966012 0 0 0 0 0 0 0
1295966013 0 0 0 0 0 0 0
1295966014 0 0 0 0 0 0 0
