1295965766 3.43662e-09 3.43662e-09 0 0.000146563 0.000217757 -1.99972e-06 -1.48234e-06
1295965768 -3.42192e-08 -3.42192e-08 0 -0.00038223 0.00085623 -6.46927e-06 1.75096e-06
1295965769 -2.76701e-08 -2.76701e-08 0 -0.00011302 -0.000168829 1.58632e-06 1.2516e-06
1295965770 -4.09736e-08 -4.09736e-08 0 -8.21901e-05 -7.93426e-05 7.86082e-07 8.04931e-07
1295965772 -1.20598e-08 -1.20598e-08 0 0.000193768 0.000374927 -3.39657e-06 -2.31846e-06
1295965772 9.94128e-05 0.00063357 0 0.000638358 0.000436255 0.00195056 -3.35785e-06
1295965773 -0.00174255 -0.00409196 0 -0.0012402 -0.00173094 0.280437 -0.0399384
1295965774 0.00866844 -0.00869311 0 -0.000449502 -0.00201973 0.393754 -0.220944
1295965775 -0.0306671 0.0806047 0 0.000285206 -0.00052019 0.160496 -0.187484
1295965776 -0.170734 0.301705 0 -0.00153087 0.000697591 0.0494056 -0.083171
1295965778 -0.247823 0.280167 0 -0.000190503 0.000480197 0.0286115 -0.0584858
1295965779 -0.356454 0.357368 0 -0.000495132 0.00219029 0.00796893 -0.0182095
1295965781 -0.449257 0.359618 0 -0.000330795 -0.000283015 0.0391096 -0.108959
1295965782 -0.495509 0.133653 0 -0.00101388 0.000846111 0.0314929 -0.146546
1295965783 -0.193563 0.00454723 0 -0.00309173 0.0011263 0.000415987 -0.00303233
1295965785 1.2019e-06 1.19244e-08 0 -2.9713e-05 0.0011894 -5.0462e-06 1.8121e-06
1295965786 -4.73288e-08 -4.73288e-08 0 -0.000553429 0.00133692 -7.34656e-06 3.2839e-06
1295965788 5.23763e-07 -6.26683e-08 0 -0.000533841 5.57081e-05 -6.98896e-07 2.10169e-06
1295965790 7.14535e-09 7.14535e-09 0 3.78244e-05 0.000665053 -4.31525e-06 5.70898e-07
1295965792 -5.01696e-08 -5.01696e-08 0 0.000668386 -9.14694e-05 1.21965e-06 -4.30349e-06
1295965793 -0.34789 0.0373735 0 0.00221672 -0.000106287 0.000786587 -0.00600886
1295965794 -0.593776 0.0991955 0 -0.00231748 0.00130422 -0.00309935 0.0221548
1295965796 -0.326282 0.111832 0 0.000535203 -0.000745192 0.00206621 -0.0143485
1295965797 -0.26326 0.0799209 0 -0.00012809 -0.000610847 -0.00158137 0.0111671
1295965798 -0.190067 0.0728906 0 0.000543404 0.000603329 -0.01139 0.0630273
1295965800 -0.325833 0.117457 0 0.000673455 -3.61318e-05 0.018588 -0.125171
1295965802 -0.68671 0.0954235 0 -0.000144854 0.00118986 0.00136216 -0.0182546
1295965803 -0.398987 0.0327481 0 -0.00198422 -1.45255e-05 0.000505427 -0.0081546
1295965804 0.00062249 -4.29195e-05 0 -0.000224264 7.6503e-05 -2.79205e-05 0.000469401
1295965806 0.000743264 -1.83696e-05 0 -0.000466694 0.000643605 -1.63195e-05 0.000179142
1295965806 -0.00173597 -0.000994471 0 0.0012772 -0.000196368 -3.85745e-05 0.000694585
1295965808 -0.986386 -0.0751002 0 -4.20929e-05 0.000726851 -0.0308668 0.194298
1295965809 -0.662485 0.264312 0 -3.845e-05 -0.000776645 -0.00300595 0.0112426
1295965811 -0.742921 0.249845 0 -0.00108622 0.0010791 0.0180844 -0.078137
1295965812 -0.663867 0.119049 0 0.000405542 -0.00019743 0.0116554 -0.0782139
1295965813 -0.83316 0.0603269 0 0.00187961 -0.00111225 0.00238099 -0.0246366
1295965815 -0.818493 0.0335561 0 -0.00217341 0.000234194 0.00148681 -0.0202211
1295965817 -0.824301 0.0279032 0 -0.000180239 0.000553654 -0.00401396 0.0462176
1295965818 -0.692823 0.364188 0 -0.00180571 -0.00233594 -0.137282 0.406328
1295965819 -0.205032 0.631974 0 0.000547512 -0.000603842 -0.090321 0.126575
1295965821 -0.0786274 0.796832 0 -0.000175347 -0.000294905 -0.0658506 0.0712333
1295965822 -0.0236366 0.639013 0 0.000407201 -0.00071189 -0.0359008 0.0335547
1295965823 0.0925948 0.706164 0 0.00181222 0.00166233 -0.0132062 0.0115297
1295965825 0.0713433 0.662422 0 0.00163759 -0.000386652 0.0177655 -0.015619
1295965826 0.0260405 0.836653 0 0.000684961 -0.000311639 0.0156908 -0.0144342
1295965828 0.0711978 0.687779 0 -0.00159247 0.000424708 -0.0461775 0.0407943
1295965829 0.160632 0.930676 0 0.00318733 -3.70485e-05 0.0157409 -0.0133506
1295965831 0.102978 0.739842 0 0.00158296 0.000260519 0.00888788 -0.00779661
1295965832 0.0825887 0.891581 0 0.00127496 0.00115037 -0.00492076 0.00431151
1295965834 0.123862 0.719615 0 0.000131369 0.00157874 -0.0225793 0.0191497
1295965835 0.388101 0.717261 0 -0.00240805 -0.00143741 -0.271116 0.159317
1295965837 0.817808 0.33951 0 -0.00331472 -0.00264314 -0.328905 0.0682553
1295965838 0.786013 0.0674866 0 5.16209e-05 -0.00136032 0.0134012 -0.000563174
1295965840 0.697378 0.082253 0 0.000478293 0.00146026 0.0192916 -0.00114448
1295965841 0.630999 -5.67305e-05 0 -9.81634e-05 -0.00298311 -0.16756 -0.00256342
1295965842 0.701418 -0.124685 0 0.00214618 0.00140859 0.0238731 0.00207879
1295965843 0.559616 -0.161299 0 -0.000900531 -0.000648783 -0.187202 -0.0322096
1295965845 0.386175 -0.462152 0 -0.00155907 -0.000484102 -0.316841 -0.14981
1295965846 -0.00051142 -0.818291 0 -0.00122795 -0.000818443 -0.175918 -0.159623
1295965847 -0.195228 -0.625107 0 -0.000466282 -0.00346005 1.62493 -1.149
1295965849 -0.393172 -0.729783 0 0.00082154 0.000585253 -1.7036 1.04548
1295965851 -0.339487 -0.8582 0 0.00147897 -0.00114486 0.0115132 0.0170049
1295965852 -0.183507 -0.738612 0 -0.000652974 4.47264e-05 0.0616817 0.0801585
1295965854 -0.112862 -0.859395 0 0.0016548 -0.000136827 0.022186 0.0251265
1295965855 0.0161513 -0.727518 0 0.000815606 -0.00228248 0.0684303 0.068027
1295965857 0.12785 -0.717895 0 0.00307323 -0.000644208 0.0968215 0.0770573
1295965858 0.141463 -0.341397 0 -0.00132166 -0.00144237 0.0231308 0.0157048
1295965860 0.277514 -0.617122 0 0.000367717 0.000570938 0.0138779 0.00898006
1295965861 0.262423 -0.675943 0 0.000193758 0.00014618 -0.0977617 -0.0707327
1295965862 -0.0773484 -0.695018 0 0.00208036 0.00253649 -0.216151 -0.246799
1295965864 -0.513206 -0.494115 0 -0.0130954 0.00477645 1.82823 -0.734547
1295965866 -0.879271 -0.0565686 0 0.00137177 -0.00169459 0.0129175 0.341666
1295965867 -0.616681 0.121395 0 -3.08646e-05 0.00272313 0.00793503 -0.179012
1295965868 -0.668303 -0.189942 0 0.000771173 0.00138917 -0.0128188 -0.120456
1295965870 -0.795485 -0.189332 0 0.00104308 1.77217e-05 0.0131217 0.203985
1295965871 -0.796571 0.0437715 0 -0.000733037 0.00247619 0.000596832 -0.0229036
1295965873 -0.662429 0.409722 0 0.00085131 -0.00378839 -0.123014 0.465518
1295965874 -0.346051 0.700392 0 0.00034825 -0.000419168 -0.0814093 0.12527
1295965876 -0.19466 0.803383 0 -0.00082502 0.00033496 -0.0842529 0.0969664
1295965877 0.262753 0.730924 0 0.00224652 -0.00112662 -0.218905 0.167438
1295965879 0.394577 0.737916 0 0.00197419 0.00144825 0.105589 -0.0688489
1295965880 0.0308488 0.788034 0 0.000186515 -0.000586461 0.147636 -0.135093
1295965882 -0.102723 0.807887 0 0.00103141 0.0015457 -0.0226829 0.0245233
1295965883 0.0475822 0.670776 0 -0.000928218 0.00238349 -0.0473503 0.0463391
1295965884 0.0924184 0.646569 0 0.0008871 -0.000491148 -0.0366405 0.031963
1295965885 0.0973042 0.579587 0 0.00132885 0.000270273 0.00993022 -0.00836392
1295965887 0.176611 1.04952 0 0.00319767 -0.000654918 -0.0276706 0.0227282
1295965889 0.173164 0.805928 0 -0.000190419 0.00249761 0.0140786 -0.0113864
1295965890 0.108576 0.622869 0 0.00190216 -0.000903574 0.0161982 -0.0136238
1295965891 0.222259 0.560642 0 -0.00455361 0.00153805 -0.254947 0.159343
1295965892 0.433572 0.364076 0 0.00209079 -0.000498646 -0.0665192 0.0259393
1295965893 0.508595 0.247136 0 -0.00197842 -0.000461752 -0.235669 0.0515526
1295965895 0.720642 0.060167 0 -0.00239549 -0.00149355 -0.180612 0.000730797
1295965896 0.62904 -0.252021 0 -0.000369224 -0.00151619 -0.150737 -0.0247727
1295965898 0.716223 -0.343218 0 0.00049781 -0.00240204 0.0507027 0.0109975
1295965899 0.806029 -0.197197 0 0.00209372 0.00155774 0.0785886 0.0116864
1295965901 0.600398 -0.443066 0 -0.00236954 -0.00176784 -0.405521 -0.135976
1295965902 0.125378 -0.503495 0 -0.00122579 4.13984e-05 -0.197153 -0.154483
1295965903 -0.0143907 -0.849949 0 0.000221743 0.00065272 -0.0213659 -0.0222514
1295965905 -0.190296 -0.642964 0 -0.000153327 -0.00242651 -0.0882378 -0.109229
1295965906 -0.21391 -0.620978 0 -0.000561503 -0.00183825 0.0128175 0.0179442
1295965907 -0.238461 -0.814876 0 0.00158447 -0.000331968 0.0144443 0.0192629
1295965909 -0.168971 -0.67009 0 -0.00016087 -0.000204901 0.00745661 0.00957988
1295965910 -0.259422 -0.71351 0 0.00141365 5.5421e-05 -0.0431774 -0.0591186
1295965911 -0.1979 -0.644823 0 -0.000564984 -0.00153084 0.0632572 0.0837693
1295965913 0.0158994 -0.735372 0 0.0021385 -0.00190937 0.141878 0.138195
1295965914 0.165492 -0.79604 0 0.0073969 0.0044376 0.0800285 0.0575368
1295965916 0.239693 -0.331764 0 -0.00582581 -0.00340945 -0.0060146 -0.00386966
1295965918 0.0896305 -0.926494 0 -0.000812655 0.000953628 -0.200527 -0.174042
1295965919 -0.379465 -0.659357 0 -0.01038 0.00451888 1.70516 -0.957335
1295965920 -0.681987 -0.252907 0 0.00259089 -7.73223e-05 0.0440065 0.256547
1295965922 -0.72122 -0.0353052 0 -0.00144501 0.00172273 0.000107282 0.00302346
1295965923 -0.662826 -0.0530486 0 -0.000104345 0.000299968 -0.00106283 -0.0223392
1295965924 -0.563086 -0.074107 0 0.00204709 0.000760576 -0.000917306 -0.013988
1295965926 -0.836273 -0.0366144 0 -0.00101355 -0.000414654 0.000274053 0.14137
1295965927 -0.769869 0.155358 0 0.00158981 0.000458765 -0.0199028 0.141118
1295965929 -0.356116 0.287328 0 -0.00244433 0.00129361 -0.0656072 0.200023
1295965930 -0.316191 0.385273 0 0.00209701 -0.001237 -0.018148 0.0382256
1295965932 -0.270415 0.580628 0 0.000936962 -0.00148401 -0.140788 0.209697
1295965933 0.0224896 0.438474 0 -0.000267155 0.00110823 -0.108697 0.1068
1295965934 0.112171 0.800488 0 0.00204365 -0.00166834 0.0207639 -0.0179905
1295965936 0.0860164 0.655039 0 -5.97395e-05 0.00070268 -0.0185535 0.0161248
1295965937 0.160737 0.621812 0 0.0001803 0.000957981 -0.0552402 0.0435857
1295965938 0.179952 0.653662 0 0.00293093 0.000733096 0.0260972 -0.0198229
1295965939 0.170497 0.790117 0 -0.00011822 -8.93175e-05 0.0202351 -0.0163166
1295965941 0.140812 0.840701 0 -0.000155306 0.00204548 -0.00107408 0.000875471
1295965942 0.206568 0.993692 0 0.00170505 -0.000530016 -0.025291 0.0201977
1295965943 0.317278 0.831463 0 0.000697232 0.000920686 -0.0436858 0.0318953
1295965945 0.343981 0.98841 0 0.000120399 0.00379362 0.0234463 -0.0167143
1295965946 0.327208 0.728078 0 -0.00141161 0.00052095 -0.191035 0.109927
1295965947 0.581266 0.295746 0 -0.00311415 -0.0041025 -0.245138 0.0715156
1295965949 1.0779 0.158679 0 0.00106753 -0.000875851 -0.103 0.0107363
1295965950 1.11551 -0.109888 0 -0.000401557 0.000388186 -0.0351363 0.00120986
1295965952 0.66822 -0.326935 0 -0.00375536 -0.00245943 -0.413937 -0.0820525
1295965953 0.563866 -0.708606 0 0.00125961 -0.000168373 -0.0533092 -0.0249498
1295965954 0.196289 -0.776483 0 -5.95791e-05 -0.000628017 -0.303573 -0.235906
1295965956 -0.287361 -1.0386 0 0.00133146 -0.00232489 -0.0390608 -0.0477197
1295965957 -0.328491 -1.08617 0 -0.000843457 -0.000618826 0.0101703 0.0130168
1295965959 -0.264913 -1.08652 0 0.00189728 0.000150853 0.0245825 0.029727
1295965960 -0.308422 -0.68434 0 -0.0042248 -0.00135146 1.67786 -1.0448
1295965962 -0.63993 -0.332502 0 -9.59203e-05 0.000489274 0.0760671 0.29989
1295965963 -0.864475 -0.148785 0 -5.99941e-05 0.0014928 0.00158746 0.0189508
1295965964 -0.91811 -0.0641176 0 0.00162377 -5.78472e-05 -0.00226324 -0.0259379
1295965965 -0.936083 -0.0527089 0 -0.00306429 0.00209655 -0.00662702 -0.0520917
1295965967 -0.537033 -0.226576 0 0.000960658 0.00403231 -0.0813702 -0.269041
1295965968 -0.632666 -0.725085 0 0.00622619 -0.0120365 -1.66479 1.07353
1295965969 -0.182904 -0.692662 0 -0.00123745 -0.000654617 -0.00514076 -0.00601779
1295965970 -0.232896 -0.891844 0 0.00132175 -0.000108673 0.0772763 0.0814455
1295965972 0.350864 -0.593004 0 -0.000835872 -0.00288125 0.466706 0.247806
1295965973 0.812779 -0.337522 0 -0.000613386 0.00389544 0.0886141 0.0157639
1295965974 0.939156 -0.270695 0 0.00310843 -0.00181406 0.093409 0.00782524
1295965976 1.26152 -0.243129 0 -0.00127296 0.00163226 0.0778588 -0.000139309
1295965978 1.11924 -0.0514488 0 0.00200071 0.00299238 0.0242452 -0.0012884
1295965979 0.697104 -0.189213 0 -0.00110558 0.000676177 -0.170537 -0.00343312
1295965980 0.643179 -0.236292 0 0.00156562 -0.000482023 0.0332844 0.00295483
1295965981 0.340069 -0.0460161 0 0.00135541 0.00547556 0.0141258 0.000905384
1295965983 9.1556e-05 -1.08064e-05 0 0.000148139 -0.000263772 -2.25281e-05 -1.63868e-06
1295965984 1.30517e-05 4.5123e-06 0 0.00057654 -0.000371855 -0.000220322 -1.67054e-05
1295965985 0.117057 -0.0230211 0 -0.000451911 -0.00188892 -0.045803 -0.0037203
1295965987 0.332408 -0.119251 0 0.000831264 0.000716219 -0.0951684 -0.0146216
1295965988 0.177601 -0.0994229 0 -0.00103747 -0.000565967 -0.0997686 -0.0256835
1295965989 0.31065 -0.203859 0 0.000901395 0.000190522 0.034846 0.0102169
1295965990 0.315363 -0.129071 0 0.000502462 -0.00206067 0.171136 0.0311705
1295965992 0.42651 -0.0736268 0 -0.000955825 0.000938067 0.0172962 0.00147268
1295965993 0.294028 -0.0779365 0 2.90582e-05 0.000867163 -0.158362 -0.0249046
1295965995 0.424656 -0.200622 0 0.000307753 -0.000280327 0.014936 0.00347187
1295965996 0.325434 -0.142188 0 0.000391906 2.98604e-05 0.00670537 0.00147776
1295965997 0.31551 -0.127618 0 0.000713357 0.00130307 0.00796232 0.00168741
1295965999 0.284201 -0.17152 0 -0.000100991 -0.00233679 -0.0713843 -0.0176669
1295966000 0.529984 -0.30969 0 0.000540377 0.0003731 0.0299678 0.00809211
1295966001 0.331623 -0.205693 0 4.43381e-05 0.00204362 -0.0738484 -0.021792
1295966003 0.364844 -0.351327 0 -0.00108167 0.000525764 -0.158446 -0.0692296
1295966004 -0.0409747 -0.395166 0 -0.00123087 -0.00363428 0.000121268 8.28306e-05
1295966005 0.327395 -0.38898 0 0.00195383 0.00140024 0.144472 0.0643657
1295966007 -0.243183 0.058543 0 -9.81393e-05 -0.00137813 0.161191 0.0423031
1295966008 0.00163149 -0.000588076 0 0.000123714 4.87745e-05 -0.000156236 -2.86135e-05
1295966009 -2.4043e-08 -2.40429e-08 0 -0.000367969 -0.000340126 3.68354e-06 4.15332e-06
1295966010 2.33572e-06 -8.28127e-07 0 -0.000441508 -0.000106358 1.2662e-06 4.50746e-06
1295966011 5.67758e-07 -2.19822e-07 0 -0.000348196 -0.000190356 2.70925e-06 3.56251e-06
1295966012 -1.45455e-08 -1.45456e-08 0 -0.000143233 -9.92511e-05 9.4094e-07 1.35727e-06
1295966013 -6.64833e-08 -6.64833e-08 0 4.44593e-05 -0.000199847 1.85358e-06 -4.10084e-07
1295966014 -1.93474e-08 -1.93474e-08 0 -0.000184645 -4.74035e-05 4.19125e-07 1.6926e-06
