1295965766 -0.476389 0.151837 -0.866025 0.000216841 -0.000352692 -0.000296602 1
1295965768 -1.05299 0.72978 -1.44353 0.000216841 -0.000352692 -0.000296602 1
1295965769 -0.0534595 0.737652 -1.47318 7.25464e-05 -0.000709672 -0.000144705 1
1295965770 -0.974636 0.656382 -1.09261 -5.42216e-05 -0.00141245 0.000549966 0.999999
1295965772 -1.96931 0.679152 -1.19314 -0.000191553 -0.00284363 0.000967222 0.999995
1295965773 -0.988088 0.702005 -1.00162 -0.000328656 -0.000479545 -0.000613236 1
1295965773 -1.90092 0.785183 -0.601851 0.00027025 0.0271302 -0.00100401 0.999631
1295965774 -2.44816 0.899752 0.227246 0.00290208 0.305129 -0.00783688 0.952274
1295965775 -3.41726 0.983006 0.45946 -0.00321194 0.657767 -0.0143156 0.753079
1295965777 -2.96387 1.02011 1.35 -0.000417164 0.844275 -0.0225239 0.535436
1295965778 -3.80511 1.26382 1.83262 0.00480048 0.900449 -0.017819 0.43457
1295965779 -4.56644 1.22212 2.47965 0.0039239 0.916515 -0.0195563 0.399502
1295965781 -5.30108 1.28064 3.15557 0.00596817 0.924337 -0.0175422 0.381128
1295965782 -5.98085 1.79473 3.67867 0.0118413 0.956161 0.0209711 0.291848
1295965783 -6.37116 2.17103 4.51894 0.0167588 0.987994 0.046004 0.146527
1295965784 -6.89225 2.09421 5.36897 0.01533 0.988127 0.0511561 0.144062
1295965786 -6.93214 3.06973 5.58526 0.0157195 0.988125 0.0515156 0.143901
1295965788 -7.04133 4.01969 5.87792 0.0164042 0.988075 0.0517367 0.144092
1295965790 -7.01828 5.01208 5.99886 0.0172749 0.988092 0.0517327 0.143871
1295965792 -6.98991 4.03165 5.80403 0.0166481 0.988093 0.0520993 0.143809
1295965793 -7.0004 5.03132 5.82771 0.0166079 0.98812 0.0522855 0.143561
1295965794 -7.41427 4.87158 6.72393 -0.00435069 0.988365 0.0529121 0.142537
1295965796 -7.88103 5.18738 7.55 -0.00433702 0.983725 0.0657543 0.167163
1295965797 -8.58883 5.29776 8.24774 1.4188e-05 0.983941 0.0702488 0.164092
1295965799 -9.11753 4.91658 9.00613 -0.00385269 0.981667 0.0654628 0.178966
1295965800 -9.978 4.65944 9.44601 -0.0105127 0.965289 0.0606009 0.253838
1295965802 -9.22981 4.60632 10.1074 -0.00425501 0.989427 0.0596758 0.132119
1295965803 -9.55169 4.52451 11.0506 -0.00120465 0.992517 0.0621694 0.105086
1295965804 -9.8246 4.42053 12.007 -0.000300488 0.99283 0.0681285 0.0982219
1295965806 -10.8141 4.55525 12.0589 -0.00108663 0.992968 0.0678387 0.0970112
1295965806 -9.87994 4.51508 12.4134 -0.000217571 0.992915 0.0688164 0.0968731
1295965808 -10.288 4.42264 13.3217 -0.000237958 0.99413 0.058885 0.0907669
1295965809 -10.7667 4.08067 14.1303 -0.00889482 0.961351 0.0416859 0.272008
1295965810 -11.6542 3.87751 14.5439 -0.0139789 0.954698 0.037145 0.294919
1295965812 -12.3561 3.51789 15.1588 -0.00989881 0.965832 0.0284452 0.257412
1295965813 -12.8517 3.07608 15.9066 -0.0121029 0.986719 0.00700442 0.161835
1295965815 -13.1712 2.95342 16.8462 -0.0118518 0.991094 -0.00215936 0.132618
1295965817 -13.3956 2.97589 17.8204 -0.00501241 0.994591 0.00456094 0.103651
1295965818 -13.5424 2.76117 18.786 -0.0120209 0.992433 -0.0151058 0.121262
1295965820 -13.7025 2.77816 17.7991 -0.156252 0.155106 -0.147858 0.964192
1295965821 -12.8441 2.52942 18.2476 -0.134268 0.0497304 -0.204375 0.968365
1295965822 -12.9398 2.23938 17.2953 -0.116765 -0.0362624 -0.210438 0.969931
1295965823 -12.8834 1.88988 16.3601 -0.119124 -0.086553 -0.219316 0.964478
1295965825 -12.7373 1.5759 15.422 -0.118134 -0.0941689 -0.219759 0.963786
1295965826 -12.7636 1.14323 14.5208 -0.139547 -0.0650534 -0.22285 0.962618
1295965827 -12.9693 0.56281 13.7329 -0.159672 -0.0473009 -0.206302 0.964213
1295965829 -12.7364 0.268672 12.806 -0.136789 -0.110613 -0.213376 0.961002
1295965830 -12.8024 -0.34521 12.0193 -0.173668 -0.0949718 -0.1973 0.960152
1295965832 -12.5757 -0.817172 11.1674 -0.173526 -0.099741 -0.197303 0.959694
1295965834 -12.2405 -1.56536 10.5948 -0.19598 -0.14773 -0.187663 0.951078
1295965835 -12.4041 -1.99972 9.70905 -0.19544 -0.168903 -0.188703 0.947452
1295965837 -11.4184 -2.07372 9.85988 -0.0571073 -0.482703 -0.26514 0.832729
1295965838 -10.842 -2.60762 10.4786 0.0626265 -0.81975 -0.26533 0.503674
1295965839 -9.93356 -2.93883 10.7336 0.0563972 -0.809527 -0.266612 0.520003
1295965841 -9.10461 -3.32152 11.1415 0.0560312 -0.804016 -0.268817 0.527405
1295965842 -8.68281 -3.96563 11.7796 -0.111653 0.890648 0.237381 -0.371389
1295965844 -7.96536 -4.31145 12.3843 -0.107992 0.882836 0.241123 -0.388328
1295965845 -7.89962 -4.95428 13.1475 -0.164038 0.956343 0.188478 -0.15158
1295965846 -8.40162 -5.70906 13.5698 -0.238107 0.949815 0.0739542 0.188908
1295965848 -9.33402 -6.0642 13.6368 -0.248514 0.851153 0.0151946 0.462113
1295965849 -10.0444 -6.26863 14.3103 -0.244548 0.744181 -0.0320038 0.620779
1295965851 -10.8534 -6.03529 14.8498 -0.240367 0.806573 -0.00614587 0.540023
1295965852 -11.5478 -5.80552 15.5318 -0.231167 0.832094 0.0216227 0.5037
1295965854 -11.9026 -6.26412 16.3465 -0.234839 0.875491 0.0388687 0.420541
1295965855 -12.7566 -6.05845 16.8244 -0.219107 0.886553 0.0768521 0.400138
1295965856 -13.1751 -6.40437 17.6641 -0.210891 0.924461 0.0922757 0.303944
1295965858 -13.2813 -7.03704 18.4312 -0.207606 0.9478 0.0902125 0.224581
1295965860 -13.4936 -7.47926 19.3027 -0.200143 0.961936 0.0928006 0.161275
1295965861 -13.6438 -7.98244 20.1537 -0.198389 0.966918 0.0744875 0.142
1295965862 -14.0375 -8.48972 20.9203 -0.216401 0.9477 0.0430609 0.23061
1295965863 -14.7703 -9.15935 21.0409 -0.233466 0.763261 -0.0848305 0.596431
1295965866 -15.525 -9.712 21.3944 -0.232285 0.603588 -0.177929 0.741665
1295965867 -14.629 -9.50773 21.7886 -0.142611 0.287469 -0.244635 0.914974
1295965868 -15.5003 -9.61955 21.3108 -0.178519 0.391524 -0.225527 0.874058
1295965870 -16.3716 -9.89618 20.9054 -0.22243 0.534708 -0.199379 0.790481
1295965871 -17.2562 -10.2965 20.6662 -0.202201 0.385017 -0.254206 0.863861
1295965873 -18.1637 -10.7091 20.7443 -0.28594 0.417551 -0.27157 0.818621
1295965874 -18.7023 -11.455 20.3522 -0.113782 0.346299 -0.635174 0.680944
1295965876 -19.4259 -11.2217 19.7027 -0.0432884 0.255817 -0.667371 0.698069
1295965877 -20.012 -11.2413 18.8927 0.0287031 0.170078 -0.679737 0.712887
1295965879 -20.2627 -11.0839 17.9375 0.199456 -0.0172176 -0.652736 0.730655
1295965880 -19.9383 -10.6671 17.0883 0.134203 0.0665003 -0.673432 0.723917
1295965882 -19.5873 -10.9577 17.9785 -0.00357326 0.197018 -0.683772 0.702586
1295965883 -19.8853 -11.4442 17.1572 0.0626906 0.115339 -0.675401 0.725672
1295965884 -20.0269 -11.2867 16.1799 0.109227 0.0672233 -0.666417 0.734465
1295965885 -20.4825 -11.1102 15.3074 0.10663 0.00932963 -0.651491 0.751067
1295965887 -20.6415 -10.7138 14.4032 0.0821703 0.0198182 -0.651732 0.753725
1295965889 -20.8732 -10.5034 13.4534 0.0711464 -0.0140225 -0.658927 0.748703
1295965890 -20.6418 -9.65397 12.9792 0.037631 0.0793707 -0.653678 0.751658
1295965892 -20.4429 -9.05397 12.2043 0.0247868 0.129784 -0.65818 0.741175
1295965892 -20.1921 -8.80909 11.2678 0.248701 -0.0287272 -0.609106 0.752537
1295965894 -20.2967 -8.36875 10.3761 0.253906 -0.0478994 -0.600974 0.756351
1295965895 -20.2125 -8.09156 9.41895 0.371623 -0.201312 -0.525435 0.738437
1295965896 -19.4502 -8.03942 8.77381 0.426216 -0.2669 -0.4804 0.718555
1295965898 -18.7531 -8.58437 8.30788 0.534739 -0.45492 -0.328902 0.631606
1295965899 -17.7782 -8.44599 8.13361 0.517376 -0.436294 -0.339519 0.653221
1295965901 -16.9224 -8.09496 7.75358 0.472167 -0.388673 -0.379173 0.694421
1295965902 -17.7044 -8.4788 8.24464 0.557667 -0.609457 -0.174797 0.535737
1295965903 -17.1367 -8.79984 9.00269 -0.595468 0.722165 0.0269785 -0.350952
1295965904 -16.6045 -8.48558 9.78883 -0.595851 0.730014 0.0158172 -0.334353
1295965906 -16.0011 -8.06105 10.4639 -0.590654 0.766753 -0.0630715 -0.243392
1295965907 -15.5395 -7.54095 11.1825 -0.588961 0.760459 -0.0493815 -0.269049
1295965909 -15.6477 -7.36535 12.161 -0.595195 0.7587 -0.0301452 -0.263076
1295965910 -15.3092 -7.04478 13.0457 -0.598028 0.755651 -0.0252655 -0.265926
1295965911 -14.8349 -7.01313 13.9255 -0.595035 0.773583 -0.0883626 -0.199236
1295965912 -15.1151 -6.46674 14.7147 -0.601791 0.747083 0.00249932 -0.282326
1295965914 -14.3584 -6.11992 15.2689 -0.59673 0.716446 0.0493999 -0.358021
1295965916 -13.3947 -5.89014 15.1329 0.544562 -0.638889 -0.101197 0.533884
1295965918 -12.6321 -5.86778 15.7794 0.536704 -0.64309 -0.0896712 0.538836
1295965919 -11.9025 -5.73238 16.4497 -0.554623 0.756694 -0.0514537 -0.342287
1295965921 -11.1137 -5.63968 17.0573 -0.482204 0.817741 -0.302985 -0.083537
1295965922 -10.8893 -6.45011 16.5161 -0.433511 0.805849 -0.384605 0.121467
1295965923 -11.4569 -5.96626 17.1823 -0.435947 0.807078 -0.380881 0.116212
1295965924 -11.7152 -5.49567 18.026 -0.45129 0.800371 -0.38506 0.0864458
1295965926 -11.9672 -5.17212 18.938 -0.454276 0.794318 -0.395873 0.0773138
1295965927 -12.4341 -4.63315 19.6391 -0.4037 0.783142 -0.444342 0.162096
1295965929 -12.9949 -4.24237 20.3691 -0.34879 0.741458 -0.516912 0.247765
1295965930 -13.8526 -3.92633 20.7745 -0.235135 0.667098 -0.575779 0.410086
1295965932 -14.7745 -4.2029 21.0459 0.19037 -0.57307 0.639023 -0.476444
1295965933 -13.8392 -4.54063 21.1516 -0.281181 0.832651 -0.475141 -0.0432497
1295965934 -13.813 -3.821 21.8455 -0.219373 0.826981 -0.512945 0.0697558
1295965935 -14.0628 -3.06294 22.4479 -0.239154 0.822899 -0.512858 0.0511767
1295965937 -14.4402 -2.28626 22.9523 -0.224949 0.821449 -0.519058 0.0720935
1295965938 -14.9744 -1.5487 23.3653 -0.170692 0.818873 -0.536152 0.113372
1295965939 -15.2516 -0.723341 23.8571 -0.184529 0.818544 -0.536621 0.0892881
1295965940 -15.6754 0.0681068 24.2976 -0.199236 0.819267 -0.53276 0.0726099
1295965942 -16.0523 0.838036 24.8126 -0.201892 0.817697 -0.534521 0.0699878
1295965943 -16.8318 1.30081 25.2346 -0.13767 0.805029 -0.554971 0.158059
1295965945 -17.3103 1.58183 26.0665 -0.120492 0.749151 -0.61519 0.213998
1295965946 -18.2909 1.7777 26.0749 -0.0489224 0.715397 -0.626884 0.30468
1295965947 -18.8902 2.4994 26.4213 -0.0443705 -0.631357 0.645084 -0.428119
1295965949 -19.4187 3.34788 26.3942 0.172299 0.514699 -0.625769 0.560189
1295965950 -19.9431 3.8782 25.728 0.242689 0.43815 -0.597838 0.625872
1295965952 -20.2285 4.72584 25.2807 0.261347 0.414678 -0.594328 0.637584
1295965953 -20.5795 4.3507 24.4227 0.4938 -0.00472625 -0.359882 0.791596
1295965954 -20.2412 5.09375 23.8453 0.502419 -0.0326052 -0.342616 0.793175
1295965956 -19.8031 5.62279 23.1185 0.575416 -0.314707 -0.144761 0.740878
1295965957 -19.1588 6.32801 22.8227 0.572308 -0.361771 -0.114897 0.7269
1295965959 -18.4342 7.01608 22.7843 0.571051 -0.359401 -0.121095 0.728058
1295965960 -17.8388 7.80912 22.6555 0.566527 -0.33127 -0.13963 0.741492
1295965961 -16.8401 7.86108 22.6534 0.577198 -0.558194 0.078006 0.590912
1295965963 -17.2271 6.96209 22.4483 -0.561942 0.662242 -0.19762 -0.454536
1295965964 -16.8676 7.63102 23.099 -0.549756 0.691863 -0.227139 -0.40927
1295965965 -16.2821 8.41833 22.9059 -0.550098 0.649009 -0.209299 -0.482052
1295965967 -15.8914 9.25921 22.5313 0.5627 -0.558501 0.140662 0.593009
1295965968 -16.5029 8.88902 21.832 0.583706 -0.428996 0.052772 0.68736
1295965969 -16.1462 9.55622 21.1781 0.558843 -0.237493 -0.0799361 0.790507
1295965971 -15.7169 10.3609 20.768 0.550848 -0.247187 -0.0716043 0.793938
1295965972 -16.0714 11.2899 20.6616 0.559438 -0.0589354 -0.218524 0.797373
1295965973 -16.9514 11.5017 21.0867 0.398277 0.325445 -0.479138 0.711258
1295965974 -17.3479 12.4191 21.0512 0.298877 0.443562 -0.54494 0.645729
1295965976 -17.5797 13.3593 20.8018 0.258634 0.490269 -0.566611 0.609669
1295965978 -17.9047 14.207 20.3825 0.232656 0.520081 -0.575991 0.586192
1295965979 -18.4485 15.0322 20.5348 0.171209 0.523807 -0.608287 0.571227
1295965980 -18.7358 15.7844 19.9416 0.285182 0.429203 -0.54684 0.659865
1295965981 -19.5428 16.3749 19.9425 0.161269 0.425426 -0.576578 0.678648
1295965983 -19.5037 17.031 19.1888 0.194182 0.443739 -0.569278 0.664313
1295965984 -19.4076 17.8137 18.5739 0.195652 0.443405 -0.569194 0.664176
1295965985 -20.3691 17.5575 18.6727 0.196483 0.444229 -0.569265 0.663319
1295965986 -20.9474 17.7981 17.8932 0.222341 0.396654 -0.559867 0.692661
1295965988 -21.124 18.4664 17.1705 0.265602 0.346296 -0.539074 0.720371
1295965989 -21.1585 19.3879 16.7837 0.319465 0.282146 -0.499119 0.754464
1295965990 -21.2926 20.1519 16.1526 0.30277 0.304475 -0.510002 0.745334
1295965992 -21.5222 21.1153 16.2909 0.215944 0.424313 -0.559557 0.678397
1295965993 -21.8684 21.8808 15.7484 0.208369 0.434874 -0.560783 0.673045
1295965995 -21.9611 21.923 14.7537 0.31022 0.309231 -0.509494 0.740645
1295965996 -21.9954 22.7605 14.2083 0.306112 0.322852 -0.513084 0.734035
1295965997 -22.1172 23.5529 13.6105 0.305259 0.328561 -0.513646 0.731459
1295965999 -22.3614 24.2647 12.952 0.301043 0.332717 -0.515299 0.730164
1295966000 -22.6985 25.0984 12.5146 0.325647 0.284343 -0.49994 0.750442
1295966001 -22.8703 25.8232 11.8474 0.309378 0.304191 -0.509257 0.743243
1295966003 -23.1862 26.5496 11.237 0.337649 0.25079 -0.491952 0.762286
1295966004 -23.3231 27.1399 10.4415 0.400574 0.12672 -0.437231 0.79518
1295966005 -23.4783 28.1092 10.2511 0.402841 0.121542 -0.43346 0.796906
1295966007 -23.4105 28.9988 9.7993 0.344291 0.234675 -0.488512 0.766647
1295966008 -23.6344 28.6243 10.6991 0.229231 0.382932 -0.55484 0.702117
1295966009 -23.7904 29.5725 10.4223 0.229858 0.382435 -0.555935 0.701316
1295966010 -23.8542 30.2845 11.1216 0.228522 0.384445 -0.55669 0.700054
1295966011 -23.6557 29.4384 10.627 0.227427 0.386008 -0.557462 0.698935
1295966011 -23.8252 30.2413 11.1984 0.226285 0.387251 -0.557731 0.698404
1295966013 -23.8574 30.8368 12.0011 0.225751 0.387956 -0.558153 0.697848
1295966013 -23.9765 31.3774 12.834 0.22496 0.389031 -0.558494 0.697232
